step,x,y,z,speed_3d,speed_xy,command_v,command_w,outcome
0,4.054215431213379,-4.632630348205566,-0.010156813077628613,0.0,0.0,0.0,0.0,timeout
1,4.054215908050537,-4.632641315460205,-0.005236700642853975,0.15375389158725739,0.0003430504584684968,1.0,3.0,timeout
2,4.054579734802246,-4.631672382354736,-0.004215647466480732,0.04543357342481613,0.032343391329050064,1.0,3.0,timeout
3,4.054948806762695,-4.630682468414307,-0.003420940600335598,0.04131271690130234,0.03301490843296051,1.0,3.0,timeout
4,4.05495548248291,-4.630662441253662,-0.0027903872542083263,0.01971583068370819,0.000659702520351857,0.0,-3.0,timeout
5,4.055317401885986,-4.629692554473877,-0.00227669021114707,0.03611437976360321,0.03235040605068207,1.0,3.0,timeout
6,4.055683612823486,-4.628702163696289,-0.0018701059743762016,0.03535941243171692,0.03299775347113609,1.0,3.0,timeout
7,4.056047439575195,-4.627710819244385,-0.001545222126878798,0.034526415169239044,0.03299996629357338,1.0,3.0,timeout
8,4.0564093589782715,-4.626718521118164,-0.00128540163859725,0.033991433680057526,0.03300747647881508,1.0,0.0,timeout
9,4.056771278381348,-4.625726222991943,-0.0010776208946481347,0.033640068024396896,0.03300747647881508,1.0,3.0,timeout
10,4.057131290435791,-4.6247334480285645,-0.0009114299900829792,0.03340725973248482,0.03300110623240471,1.0,-3.0,timeout
11,4.057493209838867,-4.623741626739502,-0.0007785386987961829,0.033253807574510574,0.03299347683787346,1.0,3.0,timeout
12,4.057852745056152,-4.622748851776123,-0.0006722491234540939,0.03316279128193855,0.032996028661727905,1.0,3.0,timeout
13,4.058210372924805,-4.621755123138428,-0.0005872431211173534,0.03311055153608322,0.03300381824374199,1.0,3.0,timeout
14,4.058216094970703,-4.621734619140625,-0.0005241404287517071,0.0020811432041227818,0.0006652329466305673,0.0,3.0,timeout
15,4.058216094970703,-4.621734619140625,-0.0004690961795859039,0.0017201326554641128,0.0,0.0,-3.0,timeout
16,4.058564186096191,-4.620759963989258,-0.00041991230682469904,0.0323786661028862,0.03234216570854187,1.0,3.0,timeout
17,4.05891752243042,-4.619764804840088,-0.0003851094807032496,0.03301868587732315,0.033000774681568146,1.0,-3.0,timeout
18,4.059272766113281,-4.618770599365234,-0.0003575957380235195,0.033003900200128555,0.03299269825220108,1.0,3.0,timeout
19,4.059625625610352,-4.617774963378906,-0.0003355969674885273,0.03301699087023735,0.033009834587574005,1.0,3.0,timeout
20,4.059976100921631,-4.61677885055542,-0.0003180037601850927,0.033003658056259155,0.032999079674482346,1.0,3.0,timeout
21,4.0603251457214355,-4.615782260894775,-0.00030392257031053305,0.03300126641988754,0.032998327165842056,1.0,-3.0,timeout
22,4.060676574707031,-4.614786624908447,-0.0002926705637946725,0.03299679979681969,0.03299492597579956,1.0,-3.0,timeout
23,4.06102991104126,-4.613791465759277,-0.00028368300991132855,0.033001966774463654,0.033000774681568146,1.0,3.0,timeout
24,4.061036109924316,-4.613770961761475,-0.00028136788750998676,0.0006732905167154968,0.0006693922332488,0.0,3.0,timeout
25,4.061378002166748,-4.612794399261475,-0.000270064570941031,0.03233570605516434,0.032333776354789734,1.0,3.0,timeout
26,4.0617241859436035,-4.611796855926514,-0.00026529296883381903,0.03299737721681595,0.03299703821539879,1.0,3.0,timeout
27,4.062067985534668,-4.610798358917236,-0.00026176305254921317,0.033001046627759933,0.03300086408853531,1.0,3.0,timeout
28,4.062073230743408,-4.610777854919434,-0.0002638367295730859,0.0006645503453910351,0.0006613832665607333,0.0,3.0,timeout
29,4.062073230743408,-4.610777854919434,-0.00026091712061315775,9.123777272179723e-05,0.0,0.0,-3.0,timeout
30,4.062073230743408,-4.610777854919434,-0.000258292187936604,8.202913886634633e-05,0.0,0.0,-3.0,timeout
31,4.062410831451416,-4.609799385070801,-0.0002512931823730469,0.03234678879380226,0.032346051186323166,1.0,-3.0,timeout
32,4.062417030334473,-4.609779357910156,-0.00025515988818369806,0.000666193023789674,0.0006551428814418614,0.0,3.0,timeout
33,4.0627546310424805,-4.608800888061523,-0.00024908853811211884,0.03234660625457764,0.032346051186323166,1.0,3.0,timeout
34,4.063096046447754,-4.607801914215088,-0.00024851641501300037,0.03299078717827797,0.03299078345298767,1.0,3.0,timeout
35,4.063101768493652,-4.607781410217285,-0.00025322908186353743,0.000681339530274272,0.0006652329466305673,0.0,3.0,timeout
36,4.063100814819336,-4.607781410217285,-0.00025244345306418836,3.861249933834188e-05,2.980232056870591e-05,0.0,3.0,timeout
37,4.063100337982178,-4.607780933380127,-0.00025151646696031094,3.582251520128921e-05,2.1073423340567388e-05,0.0,3.0,timeout
38,4.0634331703186035,-4.606779098510742,-0.0002457734663039446,0.032990340143442154,0.032989852130413055,1.0,0.0,timeout
39,4.063766002655029,-4.605776786804199,-0.0002459488750901073,0.033003997057676315,0.033003997057676315,1.0,3.0,timeout
40,4.064096450805664,-4.604773998260498,-0.0002462961128912866,0.032994747161865234,0.032994743436574936,1.0,3.0,timeout
41,4.064424514770508,-4.6037702560424805,-0.00024658444453962147,0.032999828457832336,0.032999828457832336,1.0,3.0,timeout
42,4.064751148223877,-4.6027655601501465,-0.00024680476053617895,0.03301430866122246,0.03301430866122246,1.0,-3.0,timeout
43,4.065079212188721,-4.601762294769287,-0.00024700144422240555,0.032985664904117584,0.032985664904117584,1.0,3.0,timeout
44,4.065085411071777,-4.601742267608643,-0.00025202182587236166,0.0006736658979207277,0.0006551428814418614,0.0,-3.0,timeout
45,4.0654072761535645,-4.6007585525512695,-0.0002466043224558234,0.032345209270715714,0.0323447659611702,1.0,3.0,timeout
46,4.065733432769775,-4.599754333496094,-0.0002465311554260552,0.03299552947282791,0.03299552947282791,1.0,3.0,timeout
47,4.066057205200195,-4.598749160766602,-0.0002467583690304309,0.03300095722079277,0.03300095722079277,1.0,3.0,timeout
48,4.066379070281982,-4.597743511199951,-0.0002469430328346789,0.032996926456689835,0.032996926456689835,1.0,-3.0,timeout
49,4.066702842712402,-4.596738338470459,-0.00024711198057048023,0.03300095722079277,0.03300095722079277,1.0,3.0,timeout
50,4.067025184631348,-4.595732688903809,-0.0002472324122209102,0.03300146758556366,0.03300146758556366,1.0,0.0,timeout
51,4.067030429840088,-4.595712184906006,-0.0002522219729144126,0.000679514545481652,0.0006613832665607333,0.0,3.0,timeout
52,4.067343711853027,-4.594725608825684,-0.00024675505119375885,0.032348018139600754,0.03234756737947464,1.0,3.0,timeout
53,4.067348957061768,-4.594705104827881,-0.00025153416208922863,0.0006780357216484845,0.0006613832665607333,0.0,3.0,timeout
54,4.067657947540283,-4.593717575073242,-0.0002461784752085805,0.03233610466122627,0.03233567252755165,1.0,-3.0,timeout
55,4.067975997924805,-4.592710494995117,-0.0002461893600411713,0.03300340846180916,0.03300340846180916,1.0,-3.0,timeout
56,4.068295478820801,-4.591704368591309,-0.0002464946883264929,0.03298849239945412,0.03298849239945412,1.0,3.0,timeout
57,4.068613052368164,-4.590696811676025,-0.00024674308951944113,0.03301313519477844,0.033013131469488144,1.0,3.0,timeout
58,4.068927764892578,-4.589688777923584,-0.00024694218882359564,0.03300059214234352,0.03300059214234352,1.0,3.0,timeout
59,4.069240093231201,-4.588680267333984,-0.0002471015613991767,0.03299269825220108,0.03299269825220108,1.0,3.0,timeout
60,4.069550514221191,-4.587670803070068,-0.00024722915259189904,0.03300359845161438,0.03300359845161438,1.0,3.0,timeout
61,4.069858551025391,-4.586660861968994,-0.00024733130703680217,0.032996028661727905,0.032996028661727905,1.0,3.0,timeout
62,4.069864273071289,-4.58664083480835,-0.0002522853319533169,0.0006690502632409334,0.0006508924998342991,0.0,-3.0,timeout
63,4.069863319396973,-4.58664083480835,-0.0002516927197575569,3.5087552532786503e-05,2.980232056870591e-05,0.0,0.0,timeout
64,4.0698628425598145,-4.586640357971191,-0.00025092228315770626,3.199608909199014e-05,2.1073423340567388e-05,0.0,3.0,timeout
65,4.069861888885498,-4.586640357971191,-0.0002502856368664652,3.583290526876226e-05,2.980232056870591e-05,0.0,3.0,timeout
66,4.070160388946533,-4.585649490356445,-0.0002448905142955482,0.03233959525823593,0.03233915567398071,1.0,3.0,timeout
67,4.070462226867676,-4.58463716506958,-0.00024514467804692686,0.03301142901182175,0.03301142901182175,1.0,3.0,timeout
68,4.070761680603027,-4.583624839782715,-0.0002456487563904375,0.0329902209341526,0.032990217208862305,1.0,3.0,timeout
69,4.071058750152588,-4.582611083984375,-0.0002460666582919657,0.033012062311172485,0.03301205858588219,1.0,3.0,timeout
70,4.071063995361328,-4.582591533660889,-0.00025127475964836776,0.0006531561375595629,0.0006325538270175457,0.0,-3.0,timeout
71,4.071355819702148,-4.581598281860352,-0.00024600577307865024,0.03235149756073952,0.03235107660293579,1.0,3.0,timeout
72,4.071650981903076,-4.580584526062012,-0.0002460526884533465,0.03299534693360329,0.03299534693360329,1.0,3.0,timeout
73,4.071943759918213,-4.5795698165893555,-0.0002463758864905685,0.03300322964787483,0.03300322964787483,1.0,3.0,timeout
74,4.072234153747559,-4.578554630279541,-0.000246648327447474,0.03299697861075401,0.032996974885463715,1.0,3.0,timeout
75,4.072522163391113,-4.57753849029541,-0.000246866955421865,0.0330052375793457,0.0330052375793457,1.0,3.0,timeout
76,4.072808265686035,-4.576522350311279,-0.00024704186944290996,0.032989032566547394,0.032989032566547394,1.0,3.0,timeout
77,4.073092460632324,-4.575504779815674,-0.0002471817715559155,0.03301598131656647,0.03301598131656647,1.0,3.0,timeout
78,4.073096752166748,-4.5754852294921875,-0.0002521667629480362,0.0006446008919738233,0.0006254938780330122,0.0,-3.0,timeout
79,4.073375701904297,-4.574488639831543,-0.0002467188169248402,0.03234085813164711,0.032340411096811295,1.0,3.0,timeout
80,4.073375225067139,-4.574488162994385,-0.0002515960077289492,0.00015386218728963286,2.1073423340567388e-05,0.0,0.0,timeout
81,4.0736517906188965,-4.573490619659424,-0.0002461537951603532,0.03234957158565521,0.0323491245508194,1.0,3.0,timeout
82,4.073931694030762,-4.57247257232666,-0.00024615495931357145,0.032994527369737625,0.032994527369737625,1.0,-3.0,timeout
83,4.074214458465576,-4.571455001831055,-0.00024645571829751134,0.03300398588180542,0.03300398588180542,1.0,-3.0,timeout
84,4.074499607086182,-4.570438385009766,-0.0002467111626174301,0.0329953171312809,0.0329953171312809,1.0,-3.0,timeout
85,4.07478666305542,-4.569421768188477,-0.0002469266764819622,0.03301146253943443,0.03301146253943443,1.0,3.0,timeout
86,4.074791431427002,-4.569401264190674,-0.0002519718836992979,0.0006764779682271183,0.0006578486645594239,0.0,3.0,timeout
87,4.07506799697876,-4.568404197692871,-0.000246554845944047,0.03233521059155464,0.032334763556718826,1.0,3.0,timeout
88,4.075347423553467,-4.567385673522949,-0.00024649070110172033,0.03300495073199272,0.03300495073199272,1.0,3.0,timeout
89,4.075352191925049,-4.5673651695251465,-0.00025160855147987604,0.0006770106265321374,0.0006578486645594239,0.0,3.0,timeout
90,4.075621604919434,-4.566366195678711,-0.000246263574808836,0.03233371675014496,0.032333288341760635,1.0,3.0,timeout
91,4.075894355773926,-4.565345764160156,-0.0002462473348714411,0.03300794959068298,0.03300794959068298,1.0,-3.0,timeout
92,4.076169490814209,-4.564326286315918,-0.00024653534637764096,0.03299849480390549,0.03299849480390549,1.0,0.0,timeout
93,4.076444625854492,-4.56330680847168,-0.0002467708836775273,0.03299849480390549,0.03299849480390549,1.0,-3.0,timeout
94,4.076722145080566,-4.5622878074646,-0.0002469742903485894,0.03300360590219498,0.03300360590219498,1.0,3.0,timeout
95,4.076996803283691,-4.561268329620361,-0.0002471274056006223,0.03299461305141449,0.03299461305141449,1.0,3.0,timeout
96,4.077269077301025,-4.560247898101807,-0.00024724958348087966,0.03300410509109497,0.03300410509109497,1.0,3.0,timeout
97,4.077538967132568,-4.559226989746094,-0.00024734740145504475,0.03299938514828682,0.03299938514828682,1.0,3.0,timeout
98,4.0778069496154785,-4.558205604553223,-0.0002474257489666343,0.03299861401319504,0.03299861401319504,1.0,3.0,timeout
99,4.077810764312744,-4.558184623718262,-0.00025237095542252064,0.0006840840796940029,0.0006664001266472042,0.0,3.0,timeout
100,4.077809810638428,-4.558184623718262,-0.00025175814516842365,3.542475315043703e-05,2.980232056870591e-05,0.0,3.0,timeout
101,4.078066349029541,-4.5571818351745605,-0.0002460843825247139,0.032346829771995544,0.032346341758966446,1.0,3.0,timeout
102,4.078070163726807,-4.557161331176758,-0.0002509833429940045,0.0006694838521070778,0.0006517447764053941,0.0,3.0,timeout
103,4.07832145690918,-4.556157112121582,-0.0002457486989442259,0.03234988451004028,0.03234947472810745,1.0,3.0,timeout
104,4.078575611114502,-4.5551323890686035,-0.0002458347880747169,0.032992832362651825,0.032992832362651825,1.0,-3.0,timeout
105,4.078831672668457,-4.554107666015625,-0.00024621092597953975,0.03300723060965538,0.03300723060965538,1.0,3.0,timeout
106,4.079085826873779,-4.5530829429626465,-0.00024651107378304005,0.032992832362651825,0.032992832362651825,1.0,0.0,timeout
107,4.07934045791626,-4.55205774307251,-0.0002467516460455954,0.03301088511943817,0.03301088511943817,1.0,-3.0,timeout
108,4.079596996307373,-4.5510334968566895,-0.00024695901083759964,0.032996393740177155,0.032996393740177155,1.0,3.0,timeout
109,4.079851150512695,-4.550008296966553,-0.0002471152984071523,0.03300729766488075,0.03300729766488075,1.0,3.0,timeout
110,4.080102443695068,-4.548983097076416,-0.00024723997921682894,0.03298589587211609,0.03298589587211609,1.0,3.0,timeout
111,4.080351829528809,-4.547956943511963,-0.00024733980535529554,0.03300071507692337,0.03300071507692337,1.0,3.0,timeout
112,4.080598831176758,-4.546929836273193,-0.00024741972447372973,0.03301217406988144,0.03301217406988144,1.0,3.0,timeout
113,4.080602169036865,-4.546909332275391,-0.0002523661241866648,0.0006673335446976125,0.0006491845706477761,0.0,3.0,timeout
114,4.080601215362549,-4.546908855438232,-0.0002517543616704643,3.841490251943469e-05,3.332000778755173e-05,0.0,3.0,timeout
115,4.080600261688232,-4.546908855438232,-0.0002509655896574259,3.867502891807817e-05,2.980232056870591e-05,0.0,3.0,timeout
116,4.08083438873291,-4.545900821685791,-0.000245435512624681,0.032340023666620255,0.032339561730623245,1.0,3.0,timeout
117,4.0810699462890625,-4.5448713302612305,-0.00024558044970035553,0.03300301358103752,0.03300301358103752,1.0,3.0,timeout
118,4.081303596496582,-4.543841361999512,-0.00024599727476015687,0.03300430625677109,0.03300430625677109,1.0,3.0,timeout
119,4.081306457519531,-4.543820381164551,-0.00025122828083112836,0.0006816113600507379,0.0006617189501412213,0.0,3.0,timeout
120,4.081305503845215,-4.543820381164551,-0.00025084431399591267,3.212714727851562e-05,2.980232056870591e-05,0.0,3.0,timeout
121,4.081528186798096,-4.54280948638916,-0.00024535326519981027,0.03234829381108284,0.03234783932566643,1.0,3.0,timeout
122,4.081752300262451,-4.541777610778809,-0.0002455154899507761,0.03299789875745773,0.03299789875745773,1.0,3.0,timeout
123,4.0817551612854,-4.541756629943848,-0.0002508284233044833,0.0006822298746556044,0.0006617189501412213,0.0,3.0,timeout
124,4.081970691680908,-4.540744304656982,-0.0002456395886838436,0.032344620674848557,0.032344214618206024,1.0,3.0,timeout
125,4.081973075866699,-4.5407233238220215,-0.0002506423625163734,0.000678137585055083,0.0006598707986995578,0.0,3.0,timeout
126,4.082184791564941,-4.53971004486084,-0.00024546519853174686,0.032349180430173874,0.03234877064824104,1.0,-3.0,timeout
127,4.082401752471924,-4.538676738739014,-0.0002456294896546751,0.03299492970108986,0.03299492970108986,1.0,3.0,timeout
128,4.082616806030273,-4.537642955780029,-0.0002460374962538481,0.03299732506275177,0.03299732506275177,1.0,3.0,timeout
129,4.082829475402832,-4.536608695983887,-0.0002463774289935827,0.032996825873851776,0.032996825873851776,1.0,3.0,timeout
130,4.083040237426758,-4.535573959350586,-0.00024663921794854105,0.03299947455525398,0.03299947455525398,1.0,-3.0,timeout
131,4.083253860473633,-4.534539222717285,-0.0002468634338583797,0.03301743417978287,0.03301743417978287,1.0,0.0,timeout
132,4.083466529846191,-4.533504962921143,-0.0002470444596838206,0.032996825873851776,0.032996825873851776,1.0,3.0,timeout
133,4.083470344543457,-4.53348445892334,-0.0002520545676816255,0.0006702865939587355,0.0006517447764053941,0.0,-3.0,timeout
134,4.083469867706299,-4.53348445892334,-0.00025151576846838,2.2484329747385345e-05,1.4901160284352954e-05,0.0,3.0,timeout
135,4.083676815032959,-4.532470226287842,-0.0002458908420521766,0.03234830126166344,0.032347824424505234,1.0,3.0,timeout
136,4.083885192871094,-4.531435012817383,-0.0002459451789036393,0.03299929201602936,0.03299929201602936,1.0,3.0,timeout
137,4.084090709686279,-4.530399322509766,-0.0002462888660375029,0.03299638256430626,0.03299638256430626,1.0,3.0,timeout
138,4.084294319152832,-4.52936315536499,-0.0002465785073582083,0.03299945592880249,0.03299945220351219,1.0,3.0,timeout
139,4.08449649810791,-4.528326511383057,-0.00024679992930032313,0.0330054871737957,0.0330054871737957,1.0,-3.0,timeout
140,4.084700584411621,-4.527290344238281,-0.00024699189816601574,0.0330023318529129,0.0330023318529129,1.0,0.0,timeout
141,4.084904670715332,-4.526254177093506,-0.00024714728351682425,0.0330023318529129,0.0330023318529129,1.0,3.0,timeout
142,4.085106372833252,-4.5252180099487305,-0.0002472658234182745,0.032988011837005615,0.032988011837005615,1.0,3.0,timeout
143,4.085306167602539,-4.524180889129639,-0.0002473497297614813,0.033005937933921814,0.033005937933921814,1.0,-3.0,timeout
144,4.085309028625488,-4.524159908294678,-0.00025231961626559496,0.0006797005189582705,0.0006617189501412213,0.0,3.0,timeout
145,4.085504531860352,-4.523143768310547,-0.0002468337188474834,0.032337214797735214,0.0323367603123188,1.0,3.0,timeout
146,4.085507392883301,-4.523122787475586,-0.0002515964733902365,0.0006782507407478988,0.0006617189501412213,0.0,3.0,timeout
147,4.085698127746582,-4.522105693817139,-0.00024624017532914877,0.03233866021037102,0.032338228076696396,1.0,3.0,timeout
148,4.085890769958496,-4.5210676193237305,-0.00024622780620120466,0.03299368917942047,0.03299368917942047,1.0,-3.0,timeout
149,4.086084842681885,-4.520029544830322,-0.0002465251600369811,0.03300187736749649,0.03300187736749649,1.0,3.0,timeout
150,4.086276531219482,-4.518990993499756,-0.00024676768225617707,0.03300292044878006,0.03300292044878006,1.0,3.0,timeout
151,4.086466312408447,-4.517951965332031,-0.00024696203763596714,0.033006809651851654,0.033006809651851654,1.0,3.0,timeout
152,4.086653232574463,-4.516912937164307,-0.0002471175685059279,0.03299086540937424,0.03299086540937424,1.0,3.0,timeout
153,4.086838245391846,-4.515872955322266,-0.00024724204558879137,0.03300970420241356,0.03300970420241356,1.0,3.0,timeout
154,4.0868401527404785,-4.515851974487305,-0.00025222398107871413,0.0006765123689547181,0.0006583547801710665,0.0,3.0,timeout
155,4.087017059326172,-4.514832496643066,-0.0002467571757733822,0.032335229218006134,0.03233477845788002,1.0,3.0,timeout
156,4.087194919586182,-4.513791561126709,-0.0002466528967488557,0.03300066292285919,0.03300066292285919,1.0,3.0,timeout
157,4.087369918823242,-4.512750148773193,-0.0002468557795509696,0.03300042077898979,0.03300042077898979,1.0,3.0,timeout
158,4.087371826171875,-4.512728691101074,-0.00025191446184180677,0.0006915081175975502,0.0006731961038894951,0.0,3.0,timeout
159,4.0875396728515625,-4.511707782745361,-0.00024650958948768675,0.032332129776477814,0.032331690192222595,1.0,3.0,timeout
160,4.087541103363037,-4.511686325073242,-0.0002513376821298152,0.0006887690396979451,0.0006720406818203628,0.0,3.0,timeout
161,4.087704181671143,-4.510664463043213,-0.00024603347992524505,0.03233770653605461,0.03233727812767029,1.0,3.0,timeout
162,4.0878682136535645,-4.5096211433410645,-0.0002460623509250581,0.03300423547625542,0.03300423547625542,1.0,-3.0,timeout
163,4.087870121002197,-4.5096001625061035,-0.0002512756618671119,0.0006782128475606441,0.0006583547801710665,0.0,3.0,timeout
164,4.088031768798828,-4.508578300476074,-0.00024598665186204016,0.03233068808913231,0.032330263406038284,1.0,-3.0,timeout
165,4.088197708129883,-4.507534980773926,-0.00024604712962172925,0.03301354497671127,0.03301354497671127,1.0,3.0,timeout
166,4.088361740112305,-4.5064921379089355,-0.00024637134629301727,0.032989516854286194,0.032989516854286194,1.0,3.0,timeout
167,4.0885233879089355,-4.505448341369629,-0.0002466389269102365,0.03300747647881508,0.03300747647881508,1.0,0.0,timeout
168,4.088684558868408,-4.504404544830322,-0.0002468645107001066,0.03300519660115242,0.03300519660115242,1.0,3.0,timeout
169,4.088843822479248,-4.503360748291016,-0.00024703971575945616,0.032996151596307755,0.032996151596307755,1.0,3.0,timeout
170,4.089000225067139,-4.502316474914551,-0.0002471796760801226,0.03299752250313759,0.03299752250313759,1.0,3.0,timeout
171,4.089001655578613,-4.50229549407959,-0.000252173951594159,0.0006754515925422311,0.000657173281069845,0.0,3.0,timeout
172,4.089001178741455,-4.502295017242432,-0.00025159530923701823,2.7768122890847735e-05,2.1073423340567388e-05,0.0,0.0,timeout
173,4.089150905609131,-4.5012712478637695,-0.0002459599054418504,0.0323336124420166,0.0323331318795681,1.0,3.0,timeout
174,4.089300155639648,-4.500226020812988,-0.00024600065080448985,0.03299465775489807,0.03299465775489807,1.0,3.0,timeout
175,4.0893025398254395,-4.500205039978027,-0.00025120412465184927,0.0006796108791604638,0.0006598707986995578,0.0,-3.0,timeout
176,4.089452743530273,-4.499159812927246,-0.0002458482631482184,0.03299930691719055,0.032998885959386826,1.0,0.0,timeout
177,4.089602470397949,-4.498114585876465,-0.00024602466146461666,0.0329967699944973,0.0329967699944973,1.0,3.0,timeout
178,4.08960485458374,-4.498093605041504,-0.00025122854276560247,0.0006796139641664922,0.0006598707986995578,0.0,-3.0,timeout
179,4.089752197265625,-4.497069358825684,-0.00024597090668976307,0.032337598502635956,0.03233718499541283,1.0,3.0,timeout
180,4.089900493621826,-4.496023654937744,-0.00024601368932053447,0.033005211502313614,0.033005211502313614,1.0,-3.0,timeout
181,4.089902400970459,-4.496002674102783,-0.0002512368082534522,0.0006782864802516997,0.0006583547801710665,0.0,3.0,timeout
182,4.090047359466553,-4.494977951049805,-0.0002459668612573296,0.03234183043241501,0.03234141319990158,1.0,3.0,timeout
183,4.0901923179626465,-4.493931770324707,-0.0002460203832015395,0.0330054871737957,0.0330054871737957,1.0,3.0,timeout
184,4.090193748474121,-4.493910789489746,-0.0002512323553673923,0.0006770559120923281,0.000657173281069845,0.0,3.0,timeout
185,4.09033727645874,-4.492885112762451,-0.00024594872957095504,0.032365117222070694,0.03236469626426697,1.0,-3.0,timeout
186,4.090339660644531,-4.49286413192749,-0.00025089073460549116,0.0006777023081667721,0.0006598707986995578,0.0,-3.0,timeout
187,4.090482711791992,-4.491839408874512,-0.00024568699882365763,0.03233352676033974,0.032333116978406906,1.0,3.0,timeout
188,4.090484619140625,-4.491818428039551,-0.0002506793534848839,0.0006765873986296356,0.0006583547801710665,0.0,3.0,timeout
189,4.090484142303467,-4.491818428039551,-0.0002503904979676008,1.7422013115719892e-05,1.4901160284352954e-05,0.0,3.0,timeout
190,4.0906195640563965,-4.490792274475098,-0.00024498943821527064,0.03234577551484108,0.03234533593058586,1.0,3.0,timeout
191,4.090755462646484,-4.489745140075684,-0.00024522404419258237,0.03299738094210625,0.03299738094210625,1.0,3.0,timeout
192,4.090888977050781,-4.488697528839111,-0.00024570146342739463,0.03300265595316887,0.03300265595316887,1.0,-3.0,timeout
193,4.091025352478027,-4.487650394439697,-0.0002461127587594092,0.032999299466609955,0.032999299466609955,1.0,0.0,timeout
194,4.091160774230957,-4.486602783203125,-0.00024644407676532865,0.033010244369506836,0.03301024064421654,1.0,3.0,timeout
195,4.091294765472412,-4.485555648803711,-0.00024669303093105555,0.03298976272344589,0.032989758998155594,1.0,-3.0,timeout
196,4.091297626495361,-4.48553466796875,-0.0002517826796974987,0.0006805654265917838,0.0006617189501412213,0.0,-3.0,timeout
197,4.091433525085449,-4.484508514404297,-0.00024641520576551557,0.032347723841667175,0.032347291707992554,1.0,3.0,timeout
198,4.091568946838379,-4.483461380004883,-0.00024637934984639287,0.03299546241760254,0.03299546241760254,1.0,3.0,timeout
199,4.091702461242676,-4.4824137687683105,-0.00024663671501912177,0.03300265595316887,0.03300265595316887,1.0,3.0,timeout
200,4.091833114624023,-4.481366157531738,-0.0002468565944582224,0.03299146890640259,0.03299146890640259,1.0,3.0,timeout
201,4.09183406829834,-4.481344699859619,-0.0002519155968911946,0.0006895810947753489,0.0006712141912430525,0.0,3.0,timeout
202,4.091958045959473,-4.48031759262085,-0.0002465105790179223,0.03233052045106888,0.03233008086681366,1.0,3.0,timeout
203,4.091958999633789,-4.4802961349487305,-0.000251338176894933,0.000687959254719317,0.0006712141912430525,0.0,3.0,timeout
204,4.091958522796631,-4.4802961349487305,-0.00025091771385632455,1.9866813090629876e-05,1.4901160284352954e-05,0.0,3.0,timeout
205,4.092075347900391,-4.4792680740356445,-0.00024541147286072373,0.03233412653207779,0.03233366832137108,1.0,3.0,timeout
206,4.092192649841309,-4.4782185554504395,-0.0002455509966239333,0.033001672476530075,0.033001672476530075,1.0,-3.0,timeout
207,4.092311382293701,-4.477169036865234,-0.0002459832467138767,0.03300667181611061,0.03300666809082031,1.0,3.0,timeout
208,4.092312335968018,-4.477148056030273,-0.00025121693033725023,0.0006763992714695632,0.0006563279894180596,0.0,3.0,timeout
209,4.0924248695373535,-4.476119518280029,-0.0002459515235386789,0.03233402967453003,0.0323336124420166,1.0,3.0,timeout
210,4.092536449432373,-4.475069046020508,-0.00024600818869657815,0.03301192447543144,0.03301192447543144,1.0,3.0,timeout
211,4.092645168304443,-4.474018573760986,-0.0002463400305714458,0.03300260007381439,0.03300260007381439,1.0,3.0,timeout
212,4.09264612197876,-4.473997592926025,-0.00025150191504508257,0.0006758602685295045,0.0006563279894180596,0.0,3.0,timeout
213,4.092748641967773,-4.472967624664307,-0.00024617972667329013,0.03234598785638809,0.03234555944800377,1.0,3.0,timeout
214,4.092850685119629,-4.471916675567627,-0.00024619087344035506,0.032996609807014465,0.032996609807014465,1.0,3.0,timeout
215,4.092850685119629,-4.471895694732666,-0.0002513687068130821,0.0006753220804966986,0.000655651034321636,0.0,3.0,timeout
216,4.092850685119629,-4.471895694732666,-0.00025094550801441073,1.3224961548985448e-05,0.0,0.0,-3.0,timeout
217,4.0928497314453125,-4.471895217895508,-0.00025032844860106707,3.8497542846016586e-05,3.332000778755173e-05,0.0,3.0,timeout
218,4.092949390411377,-4.470865249633789,-0.0002449138555675745,0.03233726695179939,0.032336827367544174,1.0,-3.0,timeout
219,4.0930495262146,-4.469813823699951,-0.0002451748587191105,0.0330057367682457,0.0330057367682457,1.0,3.0,timeout
220,4.0931477546691895,-4.468762397766113,-0.00024566284264437854,0.03300014138221741,0.03300013765692711,1.0,-3.0,timeout
221,4.093145847320557,-4.468741416931152,-0.00025097138131968677,0.0006789338076487184,0.0006583547801710665,0.0,3.0,timeout
222,4.093145370483398,-4.468741416931152,-0.00025063782231882215,1.8185117369284853e-05,1.4901160284352954e-05,0.0,3.0,timeout
223,4.093145370483398,-4.468741416931152,-0.00025007216027006507,1.7676939023658633e-05,0.0,0.0,3.0,timeout
224,4.093236923217773,-4.467710494995117,-0.0002447207516524941,0.032343532890081406,0.032343100756406784,1.0,3.0,timeout
225,4.093327522277832,-4.466658592224121,-0.0002450081810820848,0.03299366310238838,0.032993659377098083,1.0,3.0,timeout
226,4.093416690826416,-4.465606212615967,-0.00024552890681661665,0.03300470486283302,0.033004701137542725,1.0,-3.0,timeout
227,4.093416213989258,-4.465605735778809,-0.0002509535988792777,0.000170826431713067,2.1073423340567388e-05,0.0,0.0,timeout
228,4.093505382537842,-4.464574813842773,-0.0002456549846101552,0.032337017357349396,0.03233659267425537,1.0,3.0,timeout
229,4.093593597412109,-4.463522434234619,-0.0002457670052535832,0.03300220146775246,0.03300220146775246,1.0,3.0,timeout
230,4.093678951263428,-4.462470054626465,-0.00024614681024104357,0.03299485146999359,0.03299485146999359,1.0,3.0,timeout
231,4.093679428100586,-4.462448596954346,-0.0002513473154976964,0.000690125860273838,0.0006707177381031215,0.0,3.0,timeout
232,4.093678951263428,-4.462448596954346,-0.0002509343030396849,1.9713597794179805e-05,1.4901160284352954e-05,0.0,0.0,timeout
233,4.093759059906006,-4.461416721343994,-0.00024541947641409934,0.03234359994530678,0.03234313800930977,1.0,-3.0,timeout
234,4.093760967254639,-4.461395740509033,-0.0002504501899238676,0.0006768648163415492,0.0006583547801710665,0.0,-3.0,timeout
235,4.0937604904174805,-4.461395740509033,-0.00025021779583767056,1.657666507526301e-05,1.4901160284352954e-05,0.0,3.0,timeout
236,4.09384298324585,-4.46036434173584,-0.00024485174799337983,0.032334573566913605,0.032334137707948685,1.0,3.0,timeout
237,4.093924522399902,-4.459311485290527,-0.00024511368246749043,0.03300028666853905,0.03300028666853905,1.0,3.0,timeout
238,4.094003200531006,-4.458258628845215,-0.0002456237853039056,0.03299350664019585,0.03299350291490555,1.0,3.0,timeout
239,4.094003200531006,-4.458237171173096,-0.0002509291807655245,0.0006907443748787045,0.0006705521955154836,0.0,3.0,timeout
240,4.09407901763916,-4.457204818725586,-0.0002457094087731093,0.032348308712244034,0.0323478989303112,1.0,-3.0,timeout
241,4.094155788421631,-4.456151962280273,-0.0002458258531987667,0.03298911452293396,0.03298911452293396,1.0,3.0,timeout
242,4.0942301750183105,-4.4550981521606445,-0.0002461944823153317,0.03301351144909859,0.03301350772380829,1.0,3.0,timeout
243,4.094302654266357,-4.454044818878174,-0.00024649236002005637,0.03299449756741524,0.03299449756741524,1.0,-3.0,timeout
244,4.094377517700195,-4.452991485595703,-0.0002467514423187822,0.03299969807267189,0.03299969807267189,1.0,3.0,timeout
245,4.094377517700195,-4.452970504760742,-0.00025183166144415736,0.0006745976861566305,0.000655651034321636,0.0,3.0,timeout
246,4.094446182250977,-4.451937675476074,-0.0002464434946887195,0.032347600907087326,0.032347165048122406,1.0,3.0,timeout
247,4.094445705413818,-4.451937198638916,-0.0002513749059289694,0.0001555407652631402,2.1073423340567388e-05,0.0,0.0,timeout
248,4.094445705413818,-4.451937675476074,-0.0002508501638658345,2.2157282728585415e-05,1.4901160284352954e-05,0.0,-3.0,timeout
249,4.0945143699646,-4.450904846191406,-0.00024536342243663967,0.03234761953353882,0.032347165048122406,1.0,3.0,timeout
250,4.094581127166748,-4.449851036071777,-0.00024552331888116896,0.03299757465720177,0.03299757465720177,1.0,3.0,timeout
251,4.094581604003906,-4.449830055236816,-0.00025082245701923966,0.0006764045101590455,0.0006558204186148942,0.0,-3.0,timeout
252,4.094648361206055,-4.448797225952148,-0.0002456340880598873,0.03234367072582245,0.032343264669179916,1.0,-3.0,timeout
253,4.094648361206055,-4.44879674911499,-0.0002507388999219984,0.0001602198026375845,1.4901160284352954e-05,0.0,0.0,timeout
254,4.094717025756836,-4.4477643966674805,-0.0002454686036799103,0.03233271464705467,0.032332293689250946,1.0,3.0,timeout
255,4.094785213470459,-4.446710586547852,-0.00024560687597841024,0.03300043195486069,0.03300043195486069,1.0,-3.0,timeout
256,4.094854831695557,-4.445656776428223,-0.0002460283285472542,0.03300335258245468,0.03300334885716438,1.0,3.0,timeout
257,4.0949225425720215,-4.444602966308594,-0.0002463600249029696,0.03299947455525398,0.03299947455525398,1.0,-3.0,timeout
258,4.094992160797119,-4.443549156188965,-0.0002466455625835806,0.03300334885716438,0.03300334885716438,1.0,3.0,timeout
259,4.095059394836426,-4.442495346069336,-0.00024686456890776753,0.032998520880937576,0.032998520880937576,1.0,3.0,timeout
260,4.0951247215271,-4.441441535949707,-0.00024703406961634755,0.03299477696418762,0.03299477696418762,1.0,0.0,timeout
261,4.095190525054932,-4.44038724899292,-0.00024716995540075004,0.0330105796456337,0.0330105796456337,1.0,-3.0,timeout
262,4.095190525054932,-4.44038724899292,-0.0002522663853596896,0.00015926342166494578,0.0,0.0,0.0,timeout
263,4.095190525054932,-4.44038724899292,-0.00025157854543067515,2.1494995962711982e-05,0.0,0.0,-3.0,timeout
264,4.095259189605713,-4.43935489654541,-0.00024594689602963626,0.03233277052640915,0.032332293689250946,1.0,3.0,timeout
265,4.095260143280029,-4.439333438873291,-0.0002508613106328994,0.000688559259288013,0.0006712141912430525,0.0,-3.0,timeout
266,4.0953288078308105,-4.438301086425781,-0.0002456624060869217,0.03233270347118378,0.032332293689250946,1.0,3.0,timeout
267,4.095328330993652,-4.438300609588623,-0.00025075027951970696,0.00016038649482652545,2.1073423340567388e-05,0.0,0.0,timeout
268,4.095328330993652,-4.438300609588623,-0.00025035577709786594,1.232819977303734e-05,0.0,0.0,0.0,timeout
269,4.095394134521484,-4.437267780303955,-0.00024496359401382506,0.032341793179512024,0.032341353595256805,1.0,3.0,timeout
270,4.095458507537842,-4.436213970184326,-0.0002452032931614667,0.032992951571941376,0.03299294784665108,1.0,3.0,timeout
271,4.095520496368408,-4.435159683227539,-0.00024569552624598145,0.033003371208906174,0.033003367483615875,1.0,3.0,timeout
272,4.095579624176025,-4.434105396270752,-0.00024610396940261126,0.03299824148416519,0.03299823775887489,1.0,3.0,timeout
273,4.09563684463501,-4.433051109313965,-0.00024643141659907997,0.03299495577812195,0.03299495577812195,1.0,3.0,timeout
274,4.095691680908203,-4.4319963455200195,-0.00024669335107319057,0.033005885779857635,0.03300588205456734,1.0,3.0,timeout
275,4.0957441329956055,-4.430941581726074,-0.0002469028695486486,0.0330020971596241,0.0330020971596241,1.0,3.0,timeout
276,4.0957441329956055,-4.430920600891113,-0.00025194056797772646,0.0006742862169630826,0.000655651034321636,0.0,-3.0,timeout
277,4.095797538757324,-4.429887294769287,-0.0002465291181579232,0.032334357500076294,0.03233391419053078,1.0,-3.0,timeout
278,4.095853328704834,-4.428832530975342,-0.0002464812423568219,0.03300744295120239,0.03300744295120239,1.0,3.0,timeout
279,4.095907211303711,-4.4277777671813965,-0.00024670816492289305,0.03300435096025467,0.03300435096025467,1.0,-3.0,timeout
280,4.095963478088379,-4.426723480224609,-0.0002469233295414597,0.03299335390329361,0.03299335390329361,1.0,3.0,timeout
281,4.096016883850098,-4.425668716430664,-0.00024708680575713515,0.03300359472632408,0.03300359472632408,1.0,3.0,timeout
282,4.096067905426025,-4.424613952636719,-0.0002472172200214118,0.032999906688928604,0.032999906688928604,1.0,3.0,timeout
283,4.0961174964904785,-4.423559188842773,-0.000247310905251652,0.03299777954816818,0.03299777954816818,1.0,-3.0,timeout
284,4.096169471740723,-4.422504425048828,-0.0002473952772561461,0.033001359552145004,0.033001359552145004,1.0,-3.0,timeout
285,4.096170425415039,-4.422483444213867,-0.0002523443545214832,0.0006743039702996612,0.0006563279894180596,0.0,-3.0,timeout
286,4.096227169036865,-4.42142915725708,-0.00024737653438933194,0.03299451619386673,0.03299415111541748,1.0,0.0,timeout
287,4.096283912658691,-4.420374870300293,-0.0002472344203852117,0.03299415111541748,0.03299415111541748,1.0,3.0,timeout
288,4.096283912658691,-4.420353889465332,-0.00025220608222298324,0.0006738074007444084,0.000655651034321636,0.0,3.0,timeout
289,4.096336364746094,-4.419320106506348,-0.0002467308077029884,0.032347723841667175,0.03234727308154106,1.0,-3.0,timeout
290,4.096391677856445,-4.4182658195495605,-0.0002466316509526223,0.03299177810549736,0.03299177810549736,1.0,-3.0,timeout
291,4.09644889831543,-4.417211055755615,-0.00024683825904503465,0.033009834587574005,0.033009834587574005,1.0,-3.0,timeout
292,4.096450328826904,-4.417190074920654,-0.00025189874577336013,0.0006759327370673418,0.000657173281069845,0.0,-3.0,timeout
293,4.096450328826904,-4.417190074920654,-0.00025139155331999063,1.584976416779682e-05,0.0,0.0,3.0,timeout
294,4.096508979797363,-4.416157245635986,-0.0002457913651596755,0.03232838958501816,0.032327912747859955,1.0,3.0,timeout
295,4.096565246582031,-4.415102481842041,-0.0002458648232277483,0.033008236438035965,0.033008236438035965,1.0,3.0,timeout
296,4.096619129180908,-4.414047718048096,-0.00024622425553388894,0.03300435096025467,0.03300435096025467,1.0,3.0,timeout
297,4.0966715812683105,-4.412993431091309,-0.0002465161378495395,0.032987214624881744,0.032987214624881744,1.0,-3.0,timeout
298,4.096726417541504,-4.411938667297363,-0.00024675982422195375,0.033005885779857635,0.03300588205456734,1.0,-3.0,timeout
299,4.096782684326172,-4.410883903503418,-0.0002469656174071133,0.033008236438035965,0.033008236438035965,1.0,3.0,timeout
300,4.096837043762207,-4.409829616546631,-0.00024712044978514314,0.0329902321100235,0.0329902321100235,1.0,3.0,timeout
301,4.096836566925049,-4.409829139709473,-0.000252217025263235,0.00016065608360804617,2.1073423340567388e-05,0.0,0.0,timeout
302,4.096889495849609,-4.4087958335876465,-0.00024665388627909124,0.0323336161673069,0.03233315050601959,1.0,-3.0,timeout
303,4.0969438552856445,-4.407741069793701,-0.00024657673202455044,0.033005110919475555,0.033005110919475555,1.0,3.0,timeout
304,4.0969438552856445,-4.40772008895874,-0.00025167694548144937,0.0006747450679540634,0.000655651034321636,0.0,3.0,timeout
305,4.096993923187256,-4.406665325164795,-0.0002462163392920047,0.03299892321228981,0.03299847990274429,1.0,0.0,timeout
306,4.097043514251709,-4.40561056137085,-0.0002463183191139251,0.03299777954816818,0.03299777954816818,1.0,3.0,timeout
307,4.097090244293213,-4.404555320739746,-0.0002465921570546925,0.03300858661532402,0.03300858661532402,1.0,3.0,timeout
308,4.0971360206604,-4.403500556945801,-0.00024681055219843984,0.032992396503686905,0.032992396503686905,1.0,-3.0,timeout
309,4.0971832275390625,-4.4024457931518555,-0.00024700589710846543,0.03299436345696449,0.03299436345696449,1.0,3.0,timeout
310,4.097228050231934,-4.401390552520752,-0.0002471528423484415,0.033006004989147186,0.033006004989147186,1.0,3.0,timeout
311,4.097227096557617,-4.401369094848633,-0.00025215206551365554,0.000689155247528106,0.0006712141912430525,0.0,3.0,timeout
312,4.097226619720459,-4.401369094848633,-0.0002515833475627005,2.3192758817458525e-05,1.4901160284352954e-05,0.0,3.0,timeout
313,4.097264289855957,-4.400335311889648,-0.00024594488786533475,0.03232763707637787,0.03232715651392937,1.0,3.0,timeout
314,4.097300052642822,-4.399279594421387,-0.00024597751325927675,0.0330100953578949,0.0330100953578949,1.0,-3.0,timeout
315,4.0973381996154785,-4.398224353790283,-0.00024631351698189974,0.03299780935049057,0.03299780935049057,1.0,-3.0,timeout
316,4.097379207611084,-4.39716911315918,-0.0002465975994709879,0.03300115838646889,0.03300115838646889,1.0,-3.0,timeout
317,4.097378730773926,-4.397148132324219,-0.00025171833112835884,0.0006750612519681454,0.0006558204186148942,0.0,3.0,timeout
318,4.097418785095215,-4.396113872528076,-0.00024635286536067724,0.032345280051231384,0.032344844192266464,1.0,3.0,timeout
319,4.097456455230713,-4.395058631896973,-0.0002463186683598906,0.03299727290868759,0.03299727290868759,1.0,-3.0,timeout
320,4.097455978393555,-4.395037651062012,-0.0002514802326913923,0.00067536486312747,0.0006558204186148942,0.0,3.0,timeout
321,4.097455978393555,-4.395037651062012,-0.00025104513042606413,1.3596944882010575e-05,0.0,0.0,3.0,timeout
322,4.0974907875061035,-4.394003391265869,-0.00024551397655159235,0.03233937919139862,0.03233891725540161,1.0,3.0,timeout
323,4.097522735595703,-4.392947673797607,-0.0002456430229358375,0.03300626948475838,0.03300626948475838,1.0,3.0,timeout
324,4.097522258758545,-4.3929266929626465,-0.00025092955911532044,0.0006763082346878946,0.0006558204186148942,0.0,3.0,timeout
325,4.0975494384765625,-4.391892433166504,-0.0002457211085129529,0.03233218565583229,0.03233177587389946,1.0,3.0,timeout
326,4.0975494384765625,-4.391870975494385,-0.0002506949531380087,0.0006883310270495713,0.0006705521955154836,0.0,-3.0,timeout
327,4.09757661819458,-4.390836715698242,-0.0002455303038004786,0.032332178205251694,0.03233177587389946,1.0,3.0,timeout
328,4.097600936889648,-4.3897809982299805,-0.0002456709335092455,0.0329999215900898,0.0329999215900898,1.0,3.0,timeout
329,4.097623825073242,-4.388725280761719,-0.00024605958606116474,0.03299892321228981,0.03299892321228981,1.0,-3.0,timeout
330,4.097648620605469,-4.387669563293457,-0.0002464046992827207,0.033000268042087555,0.033000268042087555,1.0,3.0,timeout
331,4.0976715087890625,-4.386613368988037,-0.0002466667501721531,0.03301382437348366,0.03301382064819336,1.0,0.0,timeout
332,4.097693920135498,-4.385557651519775,-0.00024688683333806694,0.03299860283732414,0.03299860283732414,1.0,3.0,timeout
333,4.097692966461182,-4.3855366706848145,-0.00025193957844749093,0.0006750543252564967,0.0006563279894180596,0.0,3.0,timeout
334,4.097711563110352,-4.384501934051514,-0.000246518844505772,0.032341182231903076,0.03234073892235756,1.0,-3.0,timeout
335,4.097711086273193,-4.3844804763793945,-0.00025135494070127606,0.0006875332910567522,0.0006707177381031215,0.0,3.0,timeout
336,4.097711086273193,-4.3844804763793945,-0.00025092627038247883,1.3395946552918758e-05,0.0,0.0,0.0,timeout
337,4.097729682922363,-4.383446216583252,-0.0002454127243254334,0.03232629969716072,0.03232584148645401,1.0,-3.0,timeout
338,4.097729682922363,-4.383424758911133,-0.00025045612710528076,0.0006888250936754048,0.0006705521955154836,0.0,3.0,timeout
339,4.097748279571533,-4.382390022277832,-0.00024531708913855255,0.032341137528419495,0.03234073892235756,1.0,-3.0,timeout
340,4.097748279571533,-4.382369041442871,-0.0002503934083506465,0.0006745689897798002,0.000655651034321636,0.0,3.0,timeout
341,4.097766876220703,-4.38133430480957,-0.00024527826462872326,0.032341133803129196,0.03234073892235756,1.0,3.0,timeout
342,4.097783088684082,-4.380278587341309,-0.00024545847554691136,0.032995060086250305,0.032995060086250305,1.0,-3.0,timeout
343,4.097801208496094,-4.379222869873047,-0.000245909730438143,0.032996032387018204,0.032996028661727905,1.0,3.0,timeout
344,4.097817420959473,-4.378166675567627,-0.0002462653210386634,0.03300996124744415,0.03300996124744415,1.0,-3.0,timeout
345,4.097836017608643,-4.377110958099365,-0.0002465595316607505,0.0329962894320488,0.0329962894320488,1.0,-3.0,timeout
346,4.0978569984436035,-4.3760552406311035,-0.0002467953891027719,0.03299768641591072,0.03299768641591072,1.0,-3.0,timeout
347,4.097879886627197,-4.374999523162842,-0.00024699390633031726,0.03299892321228981,0.03299892321228981,1.0,3.0,timeout
348,4.097900867462158,-4.373943328857422,-0.00024713322636671364,0.03301258385181427,0.03301258385181427,1.0,-3.0,timeout
349,4.097923755645752,-4.37288761138916,-0.00024726372794248164,0.03299892321228981,0.03299892321228981,1.0,3.0,timeout
350,4.097923278808594,-4.372866630554199,-0.0002522407448850572,0.0006740107201039791,0.0006558204186148942,0.0,3.0,timeout
351,4.097940921783447,-4.371831893920898,-0.00024677065084688365,0.03234066814184189,0.032340217381715775,1.0,3.0,timeout
352,4.097940921783447,-4.371831893920898,-0.0002516362874303013,0.0001520511432318017,0.0,0.0,0.0,timeout
353,4.097955703735352,-4.370797157287598,-0.00024618615861982107,0.03233926370739937,0.03233881667256355,1.0,3.0,timeout
354,4.097968578338623,-4.369740962982178,-0.00024618059978820384,0.03300852328538895,0.03300852328538895,1.0,-3.0,timeout
355,4.0979838371276855,-4.368685245513916,-0.0002464765857439488,0.03299461677670479,0.03299461305141449,1.0,-3.0,timeout
356,4.098001956939697,-4.367629528045654,-0.0002467281010467559,0.032996028661727905,0.032996028661727905,1.0,-3.0,timeout
357,4.098021984100342,-4.366573333740234,-0.000246930168941617,0.03301200270652771,0.03301200270652771,1.0,-3.0,timeout
358,4.0980224609375,-4.366552352905273,-0.00025198396178893745,0.000674568407703191,0.0006558204186148942,0.0,3.0,timeout
359,4.0980224609375,-4.366552352905273,-0.0002514486259315163,1.6729245544411242e-05,0.0,0.0,3.0,timeout
360,4.098039627075195,-4.365517616271973,-0.00024583670892752707,0.03234044462442398,0.03233996778726578,1.0,3.0,timeout
361,4.0980544090271,-4.364461898803711,-0.00024589113309048116,0.032994404435157776,0.032994404435157776,1.0,-3.0,timeout
362,4.098055362701416,-4.36444091796875,-0.00025112609728239477,0.0006764089339412749,0.0006563279894180596,0.0,-3.0,timeout
363,4.098074436187744,-4.363406181335449,-0.00024588953237980604,0.032341428101062775,0.03234101086854935,1.0,3.0,timeout
364,4.098091125488281,-4.362349987030029,-0.00024595853756181896,0.03301019221544266,0.03301019221544266,1.0,3.0,timeout
365,4.098105430603027,-4.361294269561768,-0.0002462897973600775,0.03299419954419136,0.03299419581890106,1.0,-3.0,timeout
366,4.0981221199035645,-4.360238552093506,-0.0002465886645950377,0.03299529477953911,0.03299529105424881,1.0,3.0,timeout
367,4.098121643066406,-4.360217094421387,-0.00025170124717988074,0.0006894840043969452,0.0006707177381031215,0.0,3.0,timeout
368,4.098133563995361,-4.359161376953125,-0.00024623668286949396,0.03299371525645256,0.03299327194690704,1.0,0.0,timeout
369,4.098145961761475,-4.358105659484863,-0.00024632428539916873,0.03299344331026077,0.03299344331026077,1.0,-3.0,timeout
370,4.098145484924316,-4.358084201812744,-0.0002514889638405293,0.0006898630526848137,0.0006707177381031215,0.0,3.0,timeout
371,4.098145484924316,-4.358084201812744,-0.0002510525519028306,1.3637872143590357e-05,0.0,0.0,3.0,timeout
372,4.098145008087158,-4.358084201812744,-0.00025040379841811955,2.5160707082250156e-05,1.4901160284352954e-05,0.0,3.0,timeout
373,4.098153114318848,-4.357049465179443,-0.0002449754101689905,0.03233695402741432,0.032336510717868805,1.0,-3.0,timeout
374,4.098163604736328,-4.355993747711182,-0.0002452123153489083,0.03299279883503914,0.03299279883503914,1.0,-3.0,timeout
375,4.098175525665283,-4.354937553405762,-0.0002457124646753073,0.03300817683339119,0.03300817310810089,1.0,3.0,timeout
376,4.0981855392456055,-4.3538818359375,-0.00024611729895696044,0.0329926535487175,0.0329926535487175,1.0,3.0,timeout
377,4.098193168640137,-4.35282564163208,-0.00024643156211823225,0.0330069325864315,0.0330069325864315,1.0,-3.0,timeout
378,4.098203659057617,-4.351769924163818,-0.0002466924488544464,0.03299279883503914,0.03299279883503914,1.0,-3.0,timeout
379,4.0982160568237305,-4.350713729858398,-0.00024691165890544653,0.03300834447145462,0.03300834447145462,1.0,3.0,timeout
380,4.098215579986572,-4.3506927490234375,-0.0002519593108445406,0.0006745235295966268,0.0006558204186148942,0.0,3.0,timeout
381,4.098222732543945,-4.349658012390137,-0.00024654559092596173,0.03233673423528671,0.032336290925741196,1.0,3.0,timeout
382,4.098222732543945,-4.349636554718018,-0.00025135406758636236,0.0006871824734844267,0.0006705521955154836,0.0,-3.0,timeout
383,4.098222255706787,-4.349637031555176,-0.0002509411715436727,2.4709848730708472e-05,2.1073423340567388e-05,0.0,3.0,timeout
384,4.098227500915527,-4.348601818084717,-0.0002454198256600648,0.0323512963950634,0.03235083445906639,1.0,-3.0,timeout
385,4.098235607147217,-4.347546100616455,-0.0002455682842992246,0.03299213945865631,0.03299213945865631,1.0,-3.0,timeout
386,4.098246097564697,-4.346489906311035,-0.00024598720483481884,0.033007699996232986,0.03300769627094269,1.0,-3.0,timeout
387,4.0982465744018555,-4.346468925476074,-0.0002512293867766857,0.000675970979500562,0.0006558204186148942,0.0,3.0,timeout
388,4.0982561111450195,-4.345434188842773,-0.00024596170987933874,0.032337311655282974,0.032336894422769547,1.0,3.0,timeout
389,4.098262786865234,-4.3443779945373535,-0.0002460155519656837,0.03300672769546509,0.03300672769546509,1.0,3.0,timeout
390,4.098267078399658,-4.343322277069092,-0.00024634547298774123,0.0329914428293705,0.0329914428293705,1.0,3.0,timeout
391,4.098269462585449,-4.342266082763672,-0.00024662347277626395,0.03300615772604942,0.033006154000759125,1.0,3.0,timeout
392,4.098268508911133,-4.341209888458252,-0.00024684661184437573,0.033006083220243454,0.033006083220243454,1.0,3.0,timeout
393,4.098267555236816,-4.341188907623291,-0.0002519072440918535,0.0006751120090484619,0.0006563279894180596,0.0,3.0,timeout
394,4.098262310028076,-4.34015417098999,-0.000246504379902035,0.03233637288212776,0.03233593329787254,1.0,3.0,timeout
395,4.098254680633545,-4.33909797668457,-0.0002464501594658941,0.0330069325864315,0.0330069325864315,1.0,3.0,timeout
396,4.0982441902160645,-4.338042259216309,-0.0002466934674885124,0.03299279883503914,0.03299279883503914,1.0,3.0,timeout
397,4.098231792449951,-4.336986064910889,-0.0002469021128490567,0.03300834447145462,0.03300834447145462,1.0,3.0,timeout
398,4.098217487335205,-4.335930347442627,-0.00024705874966457486,0.03299419581890106,0.03299419581890106,1.0,-3.0,timeout
399,4.098216533660889,-4.335908889770508,-0.000252086523687467,0.0006893579848110676,0.0006712141912430525,0.0,3.0,timeout
400,4.098201751708984,-4.334874629974365,-0.0002466482692398131,0.03232436254620552,0.032323915511369705,1.0,3.0,timeout
401,4.0981855392456055,-4.333818435668945,-0.0002465546131134033,0.03300996124744415,0.03300996124744415,1.0,-3.0,timeout
402,4.0981855392456055,-4.333797454833984,-0.0002516569511499256,0.0006747606676071882,0.000655651034321636,0.0,-3.0,timeout
403,4.09817361831665,-4.332741737365723,-0.00024621147895231843,0.03299371153116226,0.03299327194690704,1.0,0.0,timeout
404,4.098161220550537,-4.331685543060303,-0.00024631491396576166,0.03300834447145462,0.03300834447145462,1.0,3.0,timeout
405,4.098146915435791,-4.330629825592041,-0.0002465894212946296,0.03299419954419136,0.03299419581890106,1.0,3.0,timeout
406,4.098129749298096,-4.329574108123779,-0.00024681887589395046,0.03299552947282791,0.03299552947282791,1.0,3.0,timeout
407,4.098129749298096,-4.32955265045166,-0.00025187345454469323,0.0006889051292091608,0.0006705521955154836,0.0,-3.0,timeout
408,4.0981125831604,-4.328518390655518,-0.0002464880235493183,0.03232550621032715,0.03232507035136223,1.0,3.0,timeout
409,4.098093509674072,-4.327462196350098,-0.0002464375866111368,0.03301145136356354,0.03301145136356354,1.0,3.0,timeout
410,4.098092555999756,-4.327462196350098,-0.0002516564854886383,0.0001657911780057475,2.980232056870591e-05,0.0,0.0,timeout
411,4.098071098327637,-4.326427459716797,-0.00024621657212264836,0.03234291821718216,0.032342471182346344,1.0,3.0,timeout
412,4.098047256469727,-4.325371742248535,-0.0002462054544594139,0.03299957886338234,0.03299957886338234,1.0,-3.0,timeout
413,4.098025798797607,-4.324316024780273,-0.0002465071447659284,0.0329979844391346,0.0329979844391346,1.0,3.0,timeout
414,4.0980024337768555,-4.323260307312012,-0.000246742827584967,0.032999251037836075,0.032999251037836075,1.0,-3.0,timeout
415,4.0979814529418945,-4.32220458984375,-0.0002469410828780383,0.03299768641591072,0.03299768641591072,1.0,-3.0,timeout
416,4.097981929779053,-4.322183132171631,-0.00025198128423653543,0.0006889633950777352,0.0006707177381031215,0.0,-3.0,timeout
417,4.097966194152832,-4.32114839553833,-0.0002465631696395576,0.03233969956636429,0.03233925625681877,1.0,-3.0,timeout
418,4.097952842712402,-4.320092678070068,-0.0002464980643708259,0.03299380838871002,0.03299380838871002,1.0,-3.0,timeout
419,4.097941875457764,-4.319036483764648,-0.00024674145970493555,0.03300785273313522,0.033007849007844925,1.0,3.0,timeout
420,4.097928047180176,-4.317980766296387,-0.00024694018065929413,0.032993998378515244,0.032993998378515244,1.0,3.0,timeout
421,4.097927570343018,-4.317959785461426,-0.0002519816916901618,0.0006744787096977234,0.0006558204186148942,0.0,3.0,timeout
422,4.097909450531006,-4.316925048828125,-0.0002465526631567627,0.032340921461582184,0.03234047815203667,1.0,-3.0,timeout
423,4.097893714904785,-4.315868854522705,-0.0002464890421833843,0.03300973400473595,0.03300973400473595,1.0,-3.0,timeout
424,4.097879886627197,-4.314813137054443,-0.00024673427105881274,0.032993998378515244,0.032993998378515244,1.0,3.0,timeout
425,4.097863674163818,-4.313757419586182,-0.0002469345345161855,0.032995060086250305,0.032995060086250305,1.0,3.0,timeout
426,4.097846031188965,-4.312701225280762,-0.00024708505952730775,0.03301067650318146,0.03301067650318146,1.0,-3.0,timeout
427,4.097845554351807,-4.312680244445801,-0.00025210747844539583,0.0006743395351804793,0.0006558204186148942,0.0,3.0,timeout
428,4.097826957702637,-4.3116455078125,-0.00024666450917720795,0.03234118968248367,0.03234073892235756,1.0,3.0,timeout
429,4.097805500030518,-4.310589790344238,-0.0002465727156959474,0.0329979844391346,0.0329979844391346,1.0,0.0,timeout
430,4.097784519195557,-4.309534072875977,-0.00024679143098182976,0.03299768641591072,0.03299768641591072,1.0,0.0,timeout
431,4.097784042358398,-4.309512615203857,-0.0002518680121283978,0.0006892241653986275,0.0006707177381031215,0.0,3.0,timeout
432,4.09778356552124,-4.309512615203857,-0.0002513561339583248,2.1861442291992716e-05,1.4901160284352954e-05,0.0,3.0,timeout
433,4.097783088684082,-4.309513092041016,-0.00025064669898711145,3.058743095607497e-05,2.1073423340567388e-05,0.0,3.0,timeout
434,4.097754955291748,-4.308478355407715,-0.0002451806212775409,0.032347921282052994,0.03234747052192688,1.0,3.0,timeout
435,4.097723960876465,-4.307423114776611,-0.00024537582066841424,0.03299048915505409,0.03299048915505409,1.0,3.0,timeout
436,4.097690105438232,-4.30636739730835,-0.0002458333328831941,0.03300813212990761,0.03300812840461731,1.0,3.0,timeout
437,4.097654342651367,-4.305312156677246,-0.0002462140691932291,0.032995205372571945,0.03299520164728165,1.0,3.0,timeout
438,4.097615718841553,-4.304256916046143,-0.0002465193683747202,0.03299834951758385,0.03299834951758385,1.0,3.0,timeout
439,4.097615718841553,-4.304235458374023,-0.0002516341337468475,0.0006893387762829661,0.0006705521955154836,0.0,-3.0,timeout
440,4.097578525543213,-4.303201675415039,-0.00024628418032079935,0.03232704848051071,0.03232661634683609,1.0,-3.0,timeout
441,4.097543239593506,-4.302145957946777,-0.0002462852280586958,0.033009592443704605,0.033009592443704605,1.0,3.0,timeout
442,4.097505569458008,-4.301090717315674,-0.0002465618890710175,0.03299727290868759,0.03299727290868759,1.0,3.0,timeout
443,4.097465991973877,-4.30003547668457,-0.0002467967278789729,0.03299945220351219,0.03299945220351219,1.0,3.0,timeout
444,4.097465515136719,-4.300014495849609,-0.00025185587583109736,0.0006746075814589858,0.0006558204186148942,0.0,-3.0,timeout
445,4.097464561462402,-4.300014495849609,-0.00025135718169622123,3.3631014957791194e-05,2.980232056870591e-05,0.0,3.0,timeout
446,4.097464561462402,-4.300014495849609,-0.00025063793873414397,2.2476340745924972e-05,0.0,0.0,-3.0,timeout
447,4.0974249839782715,-4.298980236053467,-0.0002451835898682475,0.032344721257686615,0.0323442704975605,1.0,3.0,timeout
448,4.097383499145508,-4.297924995422363,-0.00024536848650313914,0.03300173953175545,0.03300173953175545,1.0,-3.0,timeout
449,4.097383499145508,-4.297924995422363,-0.00025081064086407423,0.000170067316503264,0.0,0.0,0.0,timeout
450,4.09738302230835,-4.297924995422363,-0.00025042376364581287,1.9188815713278018e-05,1.4901160284352954e-05,0.0,3.0,timeout
451,4.097341537475586,-4.29686975479126,-0.00024491053773090243,0.03300219029188156,0.03300173953175545,1.0,0.0,timeout
452,4.097299575805664,-4.295814514160156,-0.00024525917251594365,0.0330023318529129,0.0330023318529129,1.0,3.0,timeout
453,4.097298622131348,-4.295793533325195,-0.00025062711210921407,0.000677425938192755,0.0006563279894180596,0.0,3.0,timeout
454,4.097252368927002,-4.294759750366211,-0.0002454791683703661,0.03233843669295311,0.032338034361600876,1.0,3.0,timeout
455,4.0972514152526855,-4.29473876953125,-0.00025051311240531504,0.0006749171880073845,0.0006563279894180596,0.0,3.0,timeout
456,4.097200870513916,-4.293704986572266,-0.0002453626075293869,0.03234470635652542,0.032344307750463486,1.0,-3.0,timeout
457,4.0971527099609375,-4.29265022277832,-0.0002455364738125354,0.03299570828676224,0.03299570828676224,1.0,-3.0,timeout
458,4.097151756286621,-4.292629241943359,-0.00025085528613999486,0.0006770474137738347,0.0006563279894180596,0.0,3.0,timeout
459,4.097104072570801,-4.291595458984375,-0.00024565105559304357,0.03234047442674637,0.03234006091952324,1.0,-3.0,timeout
460,4.097058296203613,-4.2905402183532715,-0.0002457682858221233,0.03300728276371956,0.03300728276371956,1.0,-3.0,timeout
461,4.0970587730407715,-4.2905192375183105,-0.0002510294143576175,0.0006761146942153573,0.0006558204186148942,0.0,-3.0,timeout
462,4.097017288208008,-4.289484977722168,-0.00024581191246397793,0.032347019761800766,0.03234660625457764,1.0,3.0,timeout
463,4.097016334533691,-4.289463996887207,-0.00025077935424633324,0.0006744358106516302,0.0006563279894180596,0.0,3.0,timeout
464,4.096971035003662,-4.288430213928223,-0.00024557585129514337,0.03233712539076805,0.03233671560883522,1.0,-3.0,timeout
465,4.096970081329346,-4.2884087562561035,-0.0002506003947928548,0.0006893350509926677,0.0006712141912430525,0.0,3.0,timeout
466,4.096970081329346,-4.2884087562561035,-0.000250327488174662,8.528331818524748e-06,0.0,0.0,3.0,timeout
467,4.096970081329346,-4.2884087562561035,-0.0002498230605851859,1.5763362171128392e-05,0.0,0.0,3.0,timeout
468,4.096970558166504,-4.2884087562561035,-0.00024939607828855515,2.0002134988317266e-05,1.4901160284352954e-05,0.0,-3.0,timeout
469,4.096920967102051,-4.287375450134277,-0.0002441889082547277,0.032328393310308456,0.03232797980308533,1.0,3.0,timeout
470,4.096869468688965,-4.286320686340332,-0.00024458335246890783,0.033000633120536804,0.033000633120536804,1.0,3.0,timeout
471,4.096815586090088,-4.285265922546387,-0.00024518926511518657,0.03300435468554497,0.03300435096025467,1.0,-3.0,timeout
472,4.0968146324157715,-4.285244464874268,-0.0002505914308130741,0.000692118366714567,0.0006712141912430525,0.0,3.0,timeout
473,4.096761226654053,-4.284211158752441,-0.0002454514615237713,0.03233431279659271,0.03233391419053078,1.0,3.0,timeout
474,4.096704006195068,-4.283156871795654,-0.00024560795282013714,0.03299495577812195,0.03299495577812195,1.0,3.0,timeout
475,4.096645355224609,-4.282102584838867,-0.00024600932374596596,0.032997407019138336,0.032997407019138336,1.0,-3.0,timeout
476,4.096589088439941,-4.281047821044922,-0.00024635379668325186,0.033008236438035965,0.033008236438035965,1.0,-3.0,timeout
477,4.096588611602783,-4.281026840209961,-0.0002515233645681292,0.0006754246423952281,0.0006558204186148942,0.0,3.0,timeout
478,4.096588134765625,-4.281026840209961,-0.00025108054978773,2.0335530280135572e-05,1.4901160284352954e-05,0.0,3.0,timeout
479,4.096530437469482,-4.279993534088135,-0.00024553146795369685,0.03234158083796501,0.032341115176677704,1.0,-3.0,timeout
480,4.096529960632324,-4.279972553253174,-0.00025055103469640017,0.0006743188132531941,0.0006558204186148942,0.0,3.0,timeout
481,4.096471309661865,-4.278918266296387,-0.00024530119844712317,0.03299781680107117,0.032997407019138336,1.0,0.0,timeout
482,4.096412181854248,-4.2778639793396,-0.000245585513766855,0.03299824148416519,0.03299823775887489,1.0,3.0,timeout
483,4.096412181854248,-4.277863502502441,-0.000250979617703706,0.0001692230871412903,1.4901160284352954e-05,0.0,0.0,timeout
484,4.096350193023682,-4.276830673217773,-0.00024567448417656124,0.03233442083001137,0.032333992421627045,1.0,3.0,timeout
485,4.096286296844482,-4.275776386260986,-0.00024577262229286134,0.03300691768527031,0.03300691768527031,1.0,-3.0,timeout
486,4.096224784851074,-4.274722099304199,-0.0002461608964949846,0.033002499490976334,0.033002495765686035,1.0,3.0,timeout
487,4.096224308013916,-4.274722099304199,-0.0002514496154617518,0.00016594285261817276,1.4901160284352954e-05,0.0,0.0,timeout
488,4.0961594581604,-4.273689270019531,-0.0002460510586388409,0.0323399119079113,0.03233947232365608,1.0,3.0,timeout
489,4.096093654632568,-4.272634983062744,-0.0002460738178342581,0.0330105796456337,0.0330105796456337,1.0,-3.0,timeout
490,4.096029758453369,-4.271581172943115,-0.00024639119510538876,0.03299204632639885,0.03299204632639885,1.0,-3.0,timeout
491,4.096028804779053,-4.271560192108154,-0.00025155252660624683,0.0006758561357855797,0.0006563279894180596,0.0,3.0,timeout
492,4.095965385437012,-4.270527362823486,-0.00024622026830911636,0.03233713284134865,0.032336704432964325,1.0,3.0,timeout
493,4.095963954925537,-4.270505905151367,-0.00025110537535510957,0.0006891615339554846,0.0006720406818203628,0.0,3.0,timeout
494,4.095963954925537,-4.270505905151367,-0.00025072606513276696,1.1853443538711872e-05,0.0,0.0,0.0,timeout
495,4.095893383026123,-4.269473552703857,-0.0002452631015330553,0.0323367565870285,0.03233630582690239,1.0,3.0,timeout
496,4.095821380615234,-4.2684197425842285,-0.0002454434579703957,0.03300834447145462,0.03300834447145462,1.0,3.0,timeout
497,4.0957465171813965,-4.267366409301758,-0.000245887553319335,0.03299970179796219,0.03299969807267189,1.0,3.0,timeout
498,4.095670223236084,-4.266313552856445,-0.000246246752794832,0.032988034188747406,0.032988034188747406,1.0,-3.0,timeout
499,4.095669269561768,-4.266292095184326,-0.000251425604801625,0.0006904493784531951,0.0006712141912430525,0.0,-3.0,timeout
500,4.0955963134765625,-4.265259742736816,-0.0002461292315274477,0.03234189748764038,0.03234146907925606,1.0,3.0,timeout
501,4.095522403717041,-4.264206409454346,-0.0002461408730596304,0.03299759700894356,0.03299759700894356,1.0,-3.0,timeout
502,4.0954508781433105,-4.263152599334717,-0.0002464502467773855,0.03300733119249344,0.03300733119249344,1.0,0.0,timeout
503,4.095378875732422,-4.262099266052246,-0.0002467131707817316,0.03299348056316376,0.03299348056316376,1.0,3.0,timeout
504,4.095304012298584,-4.261045932769775,-0.0002469184692017734,0.03299969807267189,0.03299969807267189,1.0,3.0,timeout
505,4.09522819519043,-4.259992599487305,-0.00024707207921892405,0.033001821488142014,0.033001821488142014,1.0,-3.0,timeout
506,4.095226287841797,-4.259971618652344,-0.0002520972630009055,0.0006768246530555189,0.0006583547801710665,0.0,3.0,timeout
507,4.095226287841797,-4.259971618652344,-0.00025153966271318495,1.7425008991267532e-05,0.0,0.0,3.0,timeout
508,4.095148086547852,-4.258939743041992,-0.000245909730438143,0.03233905881643295,0.03233858197927475,1.0,3.0,timeout
509,4.095149517059326,-4.258918762207031,-0.0002508321776986122,0.0006749365711584687,0.000657173281069845,0.0,-3.0,timeout
510,4.09506893157959,-4.25788688659668,-0.00024563755141571164,0.03234470263123512,0.03234429657459259,1.0,3.0,timeout
511,4.095069885253906,-4.2578654289245605,-0.00025062967324629426,0.0006891049561090767,0.0006712141912430525,0.0,-3.0,timeout
512,4.094992637634277,-4.256833553314209,-0.0002454652567394078,0.03233674541115761,0.032336343079805374,1.0,-3.0,timeout
513,4.094915866851807,-4.2557806968688965,-0.0002456295187585056,0.03298911452293396,0.03298911452293396,1.0,3.0,timeout
514,4.094915866851807,-4.255780220031738,-0.00025101096252910793,0.00016882899217307568,1.4901160284352954e-05,0.0,0.0,timeout
515,4.094838619232178,-4.254748344421387,-0.00024568842491135,0.0323367714881897,0.032336343079805374,1.0,-3.0,timeout
516,4.094837188720703,-4.254727363586426,-0.0002506874152459204,0.0006754856440238655,0.000657173281069845,0.0,3.0,timeout
517,4.094760417938232,-4.253695011138916,-0.00024550239322707057,0.03235049918293953,0.032350093126297,1.0,-3.0,timeout
518,4.094759464263916,-4.253674030303955,-0.0002505418087821454,0.0006749570020474494,0.0006563279894180596,0.0,3.0,timeout
519,4.094759941101074,-4.253674030303955,-0.00025027108495123684,1.713529127300717e-05,1.4901160284352954e-05,0.0,-3.0,timeout
520,4.094760417938232,-4.253674030303955,-0.0002497778623364866,2.143855090253055e-05,1.4901160284352954e-05,0.0,-3.0,timeout
521,4.0946855545043945,-4.252641677856445,-0.00024449496413581073,0.032346148043870926,0.0323457270860672,1.0,3.0,timeout
522,4.094608783721924,-4.251588344573975,-0.0002448286395519972,0.033003974705934525,0.033003974705934525,1.0,3.0,timeout
523,4.09460973739624,-4.251567363739014,-0.0002502680872566998,0.0006779828108847141,0.0006563279894180596,0.0,-3.0,timeout
524,4.094532012939453,-4.250535488128662,-0.000245201081270352,0.03233784809708595,0.032337456941604614,1.0,3.0,timeout
525,4.094452381134033,-4.249482154846191,-0.00024540911545045674,0.03301059454679489,0.03301059454679489,1.0,3.0,timeout
526,4.094371318817139,-4.248429298400879,-0.00024585030041635036,0.03299913927912712,0.03299913555383682,1.0,-3.0,timeout
527,4.094293117523193,-4.247376441955566,-0.00024622652563266456,0.032992396503686905,0.032992396503686905,1.0,-3.0,timeout
528,4.094216346740723,-4.246323108673096,-0.00024653918808326125,0.033003974705934525,0.033003974705934525,1.0,3.0,timeout
529,4.0942158699035645,-4.2463226318359375,-0.00025175281916745007,0.00016428317758254707,2.1073423340567388e-05,0.0,0.0,timeout
530,4.094137668609619,-4.245290756225586,-0.00024629393010400236,0.032339029014110565,0.03233858197927475,1.0,3.0,timeout
531,4.094135761260986,-4.245269775390625,-0.0002511608472559601,0.0006756942602805793,0.0006583547801710665,0.0,3.0,timeout
532,4.094135761260986,-4.245269775390625,-0.0002507652679923922,1.2361851077002939e-05,0.0,0.0,-3.0,timeout
533,4.094052791595459,-4.244238376617432,-0.0002452984917908907,0.032335780560970306,0.03233532980084419,1.0,3.0,timeout
534,4.093968868255615,-4.243185520172119,-0.0002454619389027357,0.03300612047314644,0.03300612047314644,1.0,-3.0,timeout
535,4.093886375427246,-4.242132663726807,-0.00024591200053691864,0.03300260379910469,0.03300260007381439,1.0,3.0,timeout
536,4.093801975250244,-4.241080284118652,-0.00024627725360915065,0.03299245610833168,0.03299245238304138,1.0,3.0,timeout
537,4.093715190887451,-4.24002742767334,-0.00024656980531290174,0.033013347536325455,0.033013347536325455,1.0,3.0,timeout
538,4.093626022338867,-4.238975524902344,-0.0002468038583174348,0.032989852130413055,0.032989852130413055,1.0,3.0,timeout
539,4.093623638153076,-4.238954544067383,-0.0002518733963370323,0.0006786215817555785,0.0006598707986995578,0.0,3.0,timeout
540,4.093623161315918,-4.238954544067383,-0.00025135508622042835,2.2008942323736846e-05,1.4901160284352954e-05,0.0,0.0,timeout
541,4.093622207641602,-4.238954544067383,-0.0002506517921574414,3.7029825762147084e-05,2.980232056870591e-05,0.0,3.0,timeout
542,4.0935282707214355,-4.237924098968506,-0.0002451736945658922,0.03233538568019867,0.032334934920072556,1.0,-3.0,timeout
543,4.093435764312744,-4.23687219619751,-0.00024537075660191476,0.03299882635474205,0.03299882635474205,1.0,-3.0,timeout
544,4.0934343338012695,-4.236850738525391,-0.00025072216521948576,0.0006925352499820292,0.0006720406818203628,0.0,3.0,timeout
545,4.093342304229736,-4.235820293426514,-0.0002455550420563668,0.0323299802839756,0.03232957795262337,1.0,3.0,timeout
546,4.0933403968811035,-4.235799312591553,-0.00025057370658032596,0.000676777446642518,0.0006583547801710665,0.0,3.0,timeout
547,4.0933403968811035,-4.235799312591553,-0.0002502959396224469,8.680217433720827e-06,0.0,0.0,-3.0,timeout
548,4.0932464599609375,-4.234768390655518,-0.00024491219664923847,0.03235021233558655,0.03234977647662163,1.0,-3.0,timeout
549,4.093153476715088,-4.2337164878845215,-0.00024516796111129224,0.03300013765692711,0.03300013765692711,1.0,0.0,timeout
550,4.093151569366455,-4.2336955070495605,-0.000250555865932256,0.0006795440567657351,0.0006583547801710665,0.0,3.0,timeout
551,4.093057155609131,-4.232665061950684,-0.0002454217756167054,0.03233668953180313,0.032336290925741196,1.0,3.0,timeout
552,4.092958927154541,-4.231613636016846,-0.0002455740759614855,0.03300013765692711,0.03300013765692711,1.0,-3.0,timeout
553,4.092863082885742,-4.23056173324585,-0.00024599191965535283,0.03300813212990761,0.03300812840461731,1.0,-3.0,timeout
554,4.092770099639893,-4.2295098304748535,-0.00024634067085571587,0.03300013765692711,0.03300013765692711,1.0,-3.0,timeout
555,4.092679023742676,-4.228457927703857,-0.000246620416874066,0.032994940876960754,0.032994940876960754,1.0,-3.0,timeout
556,4.092589855194092,-4.227405548095703,-0.0002468539460096508,0.033004701137542725,0.033004701137542725,1.0,3.0,timeout
557,4.092498302459717,-4.226353645324707,-0.00024703083909116685,0.03299622982740402,0.03299622982740402,1.0,3.0,timeout
558,4.092404365539551,-4.225301742553711,-0.0002471720508765429,0.03300277516245842,0.03300277516245842,1.0,3.0,timeout
559,4.0923075675964355,-4.224250316619873,-0.00024728517746552825,0.032996006309986115,0.032996006309986115,1.0,3.0,timeout
560,4.0922088623046875,-4.223198890686035,-0.0002473653294146061,0.033001527190208435,0.033001527190208435,1.0,-3.0,timeout
561,4.092113018035889,-4.222147464752197,-0.0002474389330018312,0.032993290573358536,0.032993290573358536,1.0,-3.0,timeout
562,4.092019081115723,-4.221095561981201,-0.0002475087530910969,0.03300277516245842,0.03300277516245842,1.0,3.0,timeout
563,4.091923236846924,-4.220043659210205,-0.0002475447836332023,0.03300812840461731,0.03300812840461731,1.0,-3.0,timeout
564,4.091829776763916,-4.218991756439209,-0.000247582676820457,0.03300144895911217,0.03300144895911217,1.0,-3.0,timeout
565,4.091829299926758,-4.218970775604248,-0.00025249444297514856,0.0006735431379638612,0.0006558204186148942,0.0,-3.0,timeout
566,4.091829299926758,-4.218970775604248,-0.0002518680412322283,1.957505264726933e-05,0.0,0.0,3.0,timeout
567,4.0918288230896,-4.218970775604248,-0.0002510563936084509,2.941728052974213e-05,1.4901160284352954e-05,0.0,3.0,timeout
568,4.091737270355225,-4.217940330505371,-0.0002454974455758929,0.03232872113585472,0.03232825547456741,1.0,-3.0,timeout
569,4.091647148132324,-4.216887950897217,-0.0002456300426274538,0.03300723060965538,0.03300723060965538,1.0,-3.0,timeout
570,4.091558933258057,-4.2158355712890625,-0.0002460367395542562,0.03300220146775246,0.03300220146775246,1.0,-3.0,timeout
571,4.091472625732422,-4.214783191680908,-0.0002463863347657025,0.03299727290868759,0.03299727290868759,1.0,3.0,timeout
572,4.091383934020996,-4.213730812072754,-0.00024665682576596737,0.03300344571471214,0.03300344571471214,1.0,3.0,timeout
573,4.091385364532471,-4.213709831237793,-0.00025174536858685315,0.0006761383847333491,0.000657173281069845,0.0,-3.0,timeout
574,4.091385364532471,-4.213709831237793,-0.0002512676583137363,1.4928445125406142e-05,0.0,0.0,3.0,timeout
575,4.091385364532471,-4.213709831237793,-0.00025056651793420315,2.191063504142221e-05,0.0,0.0,-3.0,timeout
576,4.091385364532471,-4.213709831237793,-0.0002500104601494968,1.7376805772073567e-05,0.0,0.0,3.0,timeout
577,4.09129524230957,-4.212678909301758,-0.00024467104231007397,0.03233960270881653,0.032339174300432205,1.0,3.0,timeout
578,4.091201305389404,-4.211627006530762,-0.00024496845435351133,0.03300277516245842,0.03300277516245842,1.0,3.0,timeout
579,4.091104984283447,-4.210575580596924,-0.0002455076028127223,0.032994650304317474,0.03299464285373688,1.0,3.0,timeout
580,4.091105937957764,-4.210554599761963,-0.0002508258621674031,0.000677043164614588,0.0006563279894180596,0.0,-3.0,timeout
581,4.0911054611206055,-4.210554599761963,-0.0002505265874788165,1.7592916265130043e-05,1.4901160284352954e-05,0.0,0.0,timeout
582,4.091104984283447,-4.210554599761963,-0.0002499895344953984,2.2443495254265144e-05,1.4901160284352954e-05,0.0,3.0,timeout
583,4.091009140014648,-4.209524154663086,-0.0002446439175400883,0.03234082832932472,0.0323403999209404,1.0,-3.0,timeout
584,4.090913772583008,-4.20847225189209,-0.0002449522726237774,0.033006783574819565,0.033006779849529266,1.0,0.0,timeout
585,4.090912818908691,-4.208451271057129,-0.00025037219165824354,0.0006778300157748163,0.0006563279894180596,0.0,-3.0,timeout
586,4.090912342071533,-4.208451271057129,-0.00025016983272507787,1.6187463188543916e-05,1.4901160284352954e-05,0.0,3.0,timeout
587,4.090818881988525,-4.207420825958252,-0.00024481400032527745,0.032334018498659134,0.03233358636498451,1.0,3.0,timeout
588,4.090721607208252,-4.206369400024414,-0.0002450734027661383,0.03299738094210625,0.03299738094210625,1.0,-3.0,timeout
589,4.0906267166137695,-4.205317497253418,-0.0002455907524563372,0.03300544247031212,0.03300543874502182,1.0,-3.0,timeout
590,4.090534210205078,-4.204265594482422,-0.00024602471967227757,0.03299883008003235,0.03299882635474205,1.0,0.0,timeout
591,4.0904412269592285,-4.203213691711426,-0.0002463734126649797,0.03300013765692711,0.03300013765692711,1.0,3.0,timeout
592,4.09034538269043,-4.20216178894043,-0.00024664661032147706,0.03300812840461731,0.03300812840461731,1.0,3.0,timeout
593,4.090343475341797,-4.202140808105469,-0.0002517474349588156,0.0006773769855499268,0.0006583547801710665,0.0,3.0,timeout
594,4.090244293212891,-4.20111083984375,-0.00024637579917907715,0.032335832715034485,0.032335393130779266,1.0,3.0,timeout
595,4.090142250061035,-4.20005989074707,-0.00024633697466924787,0.032996609807014465,0.032996609807014465,1.0,-3.0,timeout
596,4.090141773223877,-4.200059413909912,-0.0002515855885576457,0.000165367397130467,2.1073423340567388e-05,0.0,0.0,timeout
597,4.090043544769287,-4.199029445648193,-0.00024614858557470143,0.032332997769117355,0.03233255445957184,1.0,-3.0,timeout
598,4.089946746826172,-4.1979780197143555,-0.00024616214795969427,0.032996006309986115,0.032996006309986115,1.0,-3.0,timeout
599,4.0899457931518555,-4.197956562042236,-0.00025134405586868525,0.0006904717884026468,0.0006712141912430525,0.0,-3.0,timeout
600,4.089855194091797,-4.196925640106201,-0.0002460524847265333,0.03234089910984039,0.03234047815203667,1.0,-3.0,timeout
601,4.089765548706055,-4.195873737335205,-0.0002460898831486702,0.032991115003824234,0.032991115003824234,1.0,-3.0,timeout
602,4.089764595031738,-4.195852279663086,-0.0002512976643629372,0.0006906618364155293,0.0006712141912430525,0.0,3.0,timeout
603,4.089675426483154,-4.194821357727051,-0.00024601511540822685,0.0323370136320591,0.03233659267425537,1.0,3.0,timeout
604,4.0895819664001465,-4.193769454956055,-0.00024605836370028555,0.03300144895911217,0.03300144895911217,1.0,3.0,timeout
605,4.089487075805664,-4.192718029022217,-0.0002463696582708508,0.03299059718847275,0.03299059718847275,1.0,-3.0,timeout
606,4.089486122131348,-4.192696571350098,-0.00025152345187962055,0.0006902662571519613,0.0006712141912430525,0.0,-3.0,timeout
607,4.089396953582764,-4.1916656494140625,-0.0002461966359987855,0.032337021082639694,0.03233659267425537,1.0,-3.0,timeout
608,4.0893096923828125,-4.190613269805908,-0.0002462050470057875,0.03299972042441368,0.03299972042441368,1.0,-3.0,timeout
609,4.089308738708496,-4.190592288970947,-0.00025138980709016323,0.0006760311662219465,0.0006563279894180596,0.0,3.0,timeout
610,4.089309215545654,-4.190592288970947,-0.00025096326135098934,1.9993040041299537e-05,1.4901160284352954e-05,0.0,-3.0,timeout
611,4.089221954345703,-4.189560890197754,-0.0002454573113936931,0.03234681859612465,0.03234636038541794,1.0,3.0,timeout
612,4.089132785797119,-4.1885085105896,-0.00024559913435950875,0.033004701137542725,0.033004701137542725,1.0,3.0,timeout
613,4.089134216308594,-4.188487529754639,-0.0002508843899704516,0.0006776104564778507,0.000657173281069845,0.0,-3.0,timeout
614,4.089047431945801,-4.187456130981445,-0.00024568295339122415,0.03234551474452019,0.032345108687877655,1.0,-3.0,timeout
615,4.088961601257324,-4.186403751373291,-0.0002458042581565678,0.03299605846405029,0.03299605846405029,1.0,3.0,timeout
616,4.088872909545898,-4.185351371765137,-0.0002461770491208881,0.03300344571471214,0.03300344571471214,1.0,3.0,timeout
617,4.088781833648682,-4.184299468994141,-0.00024648880935274065,0.032994940876960754,0.032994940876960754,1.0,3.0,timeout
618,4.088782787322998,-4.18427848815918,-0.0002516108506824821,0.0006755641079507768,0.0006563279894180596,0.0,-3.0,timeout
619,4.088690757751465,-4.1832475662231445,-0.0002462755364831537,0.03234484791755676,0.03234441950917244,1.0,3.0,timeout
620,4.088597297668457,-4.182195663452148,-0.00024626884260214865,0.03300144895911217,0.03300144895911217,1.0,3.0,timeout
621,4.088502407073975,-4.181143760681152,-0.00024653776199556887,0.03300544247031212,0.03300543874502182,1.0,-3.0,timeout
622,4.088409423828125,-4.180091857910156,-0.0002467762096785009,0.03300013765692711,0.03300013765692711,1.0,-3.0,timeout
623,4.088318824768066,-4.17903995513916,-0.0002469788014423102,0.032993659377098083,0.032993659377098083,1.0,3.0,timeout
624,4.088320255279541,-4.179018497467041,-0.0002520032285246998,0.0006901390152052045,0.0006720406818203628,0.0,-3.0,timeout
625,4.088320255279541,-4.179018497467041,-0.00025146317784674466,1.6876583686098456e-05,0.0,0.0,-3.0,timeout
626,4.088319778442383,-4.179018974304199,-0.00025074274162761867,3.083752017118968e-05,2.1073423340567388e-05,0.0,3.0,timeout
627,4.088231563568115,-4.177987575531006,-0.00024524686159566045,0.032349344342947006,0.03234888240695,1.0,-3.0,timeout
628,4.088230609893799,-4.177966594696045,-0.0002503114228602499,0.0006751408218406141,0.0006563279894180596,0.0,-3.0,timeout
629,4.088230609893799,-4.177966594696045,-0.0002501067065168172,6.397385277523426e-06,0.0,0.0,3.0,timeout
630,4.088144779205322,-4.176935195922852,-0.00024475203827023506,0.032343052327632904,0.03234262019395828,1.0,-3.0,timeout
631,4.088143348693848,-4.176914215087891,-0.0002499280672054738,0.0006767865852452815,0.000657173281069845,0.0,3.0,timeout
632,4.088143348693848,-4.176914215087891,-0.00024978897999972105,4.346475179772824e-06,0.0,0.0,3.0,timeout
633,4.088143825531006,-4.176914215087891,-0.0002493827778380364,1.9574921680032276e-05,1.4901160284352954e-05,0.0,-3.0,timeout
634,4.0880584716796875,-4.175882816314697,-0.00024416783708147705,0.03234179690480232,0.03234139084815979,1.0,-3.0,timeout
635,4.088057994842529,-4.175861835479736,-0.00024944942560978234,0.0006762704579159617,0.0006558204186148942,0.0,-3.0,timeout
636,4.088057994842529,-4.175861835479736,-0.00024941732408478856,1.0031726560555398e-06,0.0,0.0,3.0,timeout
637,4.0880584716796875,-4.175861835479736,-0.0002490860933903605,1.8143509805668145e-05,1.4901160284352954e-05,0.0,-3.0,timeout
638,4.087977886199951,-4.174829959869385,-0.00024393056810367852,0.032344695180654526,0.03234429657459259,1.0,-3.0,timeout
639,4.087977409362793,-4.174808979034424,-0.00024925972684286535,0.0006766347796656191,0.0006558204186148942,0.0,-3.0,timeout
640,4.087977886199951,-4.174808502197266,-0.0002492605126462877,2.1073437892482616e-05,2.1073423340567388e-05,0.0,0.0,timeout
641,4.087900161743164,-4.173776626586914,-0.00024409082834608853,0.03233785927295685,0.032337456941604614,1.0,3.0,timeout
642,4.087901592254639,-4.173755645751953,-0.00024937899434007704,0.0006776326335966587,0.000657173281069845,0.0,-3.0,timeout
643,4.087825775146484,-4.172723293304443,-0.00024446428869850934,0.032348260283470154,0.0323478989303112,1.0,-3.0,timeout
644,4.087750434875488,-4.171669960021973,-0.00024482887238264084,0.03300075605511665,0.03300075605511665,1.0,3.0,timeout
645,4.087673187255859,-4.17061710357666,-0.00024539692094549537,0.03299020603299141,0.03299020230770111,1.0,3.0,timeout
646,4.087593078613281,-4.1695637702941895,-0.0002458648814354092,0.033011723309755325,0.03301171958446503,1.0,3.0,timeout
647,4.087510585784912,-4.168511390686035,-0.0002462399424985051,0.032987747341394424,0.032987743616104126,1.0,3.0,timeout
648,4.087508678436279,-4.168489933013916,-0.00025142254889942706,0.0006924037006683648,0.0006731961038894951,0.0,3.0,timeout
649,4.087422847747803,-4.167459011077881,-0.00024611607659608126,0.032328199595212936,0.03232777118682861,1.0,3.0,timeout
650,4.087332725524902,-4.166406631469727,-0.00024613988352939487,0.03300723060965538,0.03300723060965538,1.0,3.0,timeout
651,4.087333679199219,-4.166385650634766,-0.00025131707661785185,0.0006759745883755386,0.0006563279894180596,0.0,-3.0,timeout
652,4.08724308013916,-4.1653547286987305,-0.000246039911871776,0.032340895384550095,0.03234047815203667,1.0,3.0,timeout
653,4.087151527404785,-4.164302349090576,-0.00024606959777884185,0.03301107510924339,0.03301107510924339,1.0,-3.0,timeout
654,4.087061882019043,-4.16325044631958,-0.00024639879120513797,0.03299111872911453,0.032991115003824234,1.0,3.0,timeout
655,4.087062835693359,-4.163229465484619,-0.0002515386731829494,0.0006756964139640331,0.0006563279894180596,0.0,-3.0,timeout
656,4.086975574493408,-4.162198066711426,-0.00024620688054710627,0.03234678879380226,0.03234636038541794,1.0,-3.0,timeout
657,4.086974620819092,-4.162177085876465,-0.0002510945196263492,0.0006738661322742701,0.0006563279894180596,0.0,-3.0,timeout
658,4.086892604827881,-4.161145210266113,-0.0002458386297803372,0.03234822675585747,0.03234780579805374,1.0,-3.0,timeout
659,4.0868120193481445,-4.160092353820801,-0.00024591790861450136,0.03299799934029579,0.03299799934029579,1.0,-3.0,timeout
660,4.086811065673828,-4.16007137298584,-0.0002511602360755205,0.0006764646386727691,0.0006563279894180596,0.0,3.0,timeout
661,4.086811542510986,-4.16007137298584,-0.0002507797034922987,1.9064516891376115e-05,1.4901160284352954e-05,0.0,-3.0,timeout
662,4.086734294891357,-4.159039497375488,-0.000245300296228379,0.03233679383993149,0.032336343079805374,1.0,-3.0,timeout
663,4.086658000946045,-4.157986164093018,-0.0002454784116707742,0.03300289437174797,0.03300289437174797,1.0,0.0,timeout
664,4.086581230163574,-4.156932830810547,-0.00024592102272436023,0.03300397843122482,0.033003974705934525,1.0,3.0,timeout
665,4.0865020751953125,-4.155879974365234,-0.00024628391838632524,0.03299461677670479,0.03299461305141449,1.0,3.0,timeout
666,4.086421012878418,-4.154826641082764,-0.00024656474124640226,0.033013999462127686,0.03301399573683739,1.0,-3.0,timeout
667,4.086421012878418,-4.154826641082764,-0.00025178241776302457,0.0001630523765925318,0.0,0.0,0.0,timeout
668,4.086343765258789,-4.153794765472412,-0.0002463070268277079,0.03233679383993149,0.032336343079805374,1.0,-3.0,timeout
669,4.086267948150635,-4.152741432189941,-0.00024628895334899426,0.033001821488142014,0.033001821488142014,1.0,-3.0,timeout
670,4.086266994476318,-4.1527204513549805,-0.00025145660038106143,0.0006759032257832587,0.0006563279894180596,0.0,3.0,timeout
671,4.086266994476318,-4.1527204513549805,-0.0002510259801056236,1.3456882697937544e-05,0.0,0.0,3.0,timeout
672,4.086190223693848,-4.151688575744629,-0.0002454878413118422,0.03233569487929344,0.03233523294329643,1.0,-3.0,timeout
673,4.086113929748535,-4.150635242462158,-0.0002456330112181604,0.03300289437174797,0.03300289437174797,1.0,3.0,timeout
674,4.086035251617432,-4.1495819091796875,-0.0002460341202095151,0.03300836309790611,0.03300836309790611,1.0,0.0,timeout
675,4.085956573486328,-4.148529052734375,-0.0002463797864038497,0.03299350291490555,0.03299350291490555,1.0,3.0,timeout
676,4.0859551429748535,-4.148507595062256,-0.0002515341911930591,0.0006910744705237448,0.0006720406818203628,0.0,3.0,timeout
677,4.085873126983643,-4.1474761962890625,-0.0002461942785885185,0.0323333814740181,0.032332953065633774,1.0,-3.0,timeout
678,4.085792064666748,-4.14642333984375,-0.000246212788624689,0.03299913555383682,0.03299913555383682,1.0,3.0,timeout
679,4.0857086181640625,-4.1453704833984375,-0.0002465036523062736,0.033004943281412125,0.033004939556121826,1.0,3.0,timeout
680,4.085623264312744,-4.144318103790283,-0.00024673971347510815,0.03299485146999359,0.03299485146999359,1.0,-3.0,timeout
681,4.085539817810059,-4.143265247344971,-0.00024694917374290526,0.033004939556121826,0.033004939556121826,1.0,3.0,timeout
682,4.08545446395874,-4.142212867736816,-0.0002470971958246082,0.03299485146999359,0.03299485146999359,1.0,-3.0,timeout
683,4.085371494293213,-4.141160011291504,-0.00024722469970583916,0.03300376608967781,0.03300376608967781,1.0,-3.0,timeout
684,4.085291385650635,-4.140107154846191,-0.0002473272616043687,0.03299686312675476,0.03299686312675476,1.0,-3.0,timeout
685,4.0852131843566895,-4.139053821563721,-0.00024740942171774805,0.03300725296139717,0.03300725296139717,1.0,-3.0,timeout
686,4.085137844085693,-4.13800048828125,-0.0002474752545822412,0.03300075605511665,0.03300075605511665,1.0,-3.0,timeout
687,4.085138320922852,-4.13800048828125,-0.00025251079932786524,0.00015806470764800906,1.4901160284352954e-05,0.0,0.0,timeout
688,4.085066318511963,-4.13696813583374,-0.0002468900929670781,0.03233986347913742,0.03233938664197922,1.0,-3.0,timeout
689,4.084994792938232,-4.135914325714111,-0.0002467651211190969,0.03300733119249344,0.03300733119249344,1.0,3.0,timeout
690,4.084920883178711,-4.134860992431641,-0.0002469447790645063,0.03299759700894356,0.03299759700894356,1.0,3.0,timeout
691,4.084844589233398,-4.13380765914917,-0.00024710240541025996,0.03300289437174797,0.03300289437174797,1.0,3.0,timeout
692,4.084766387939453,-4.132754802703857,-0.00024721925728954375,0.032992396503686905,0.032992396503686905,1.0,-3.0,timeout
693,4.0847649574279785,-4.1327338218688965,-0.0002522149297874421,0.00067546172067523,0.000657173281069845,0.0,3.0,timeout
694,4.084687232971191,-4.131701946258545,-0.00024675013264641166,0.03233790770173073,0.032337456941604614,1.0,3.0,timeout
695,4.0846052169799805,-4.130649089813232,-0.0002466465230099857,0.03300143778324127,0.03300143778324127,1.0,3.0,timeout
696,4.084606647491455,-4.1306281089782715,-0.00025172202731482685,0.0006760426913388073,0.000657173281069845,0.0,-3.0,timeout
697,4.084527015686035,-4.12959623336792,-0.0002463532437104732,0.03234242647886276,0.03234199061989784,1.0,-3.0,timeout
698,4.084526062011719,-4.129574775695801,-0.00025121140060946345,0.0006881693261675537,0.0006712141912430525,0.0,-3.0,timeout
699,4.0845255851745605,-4.129575252532959,-0.00025082737556658685,2.4250935894087888e-05,2.1073423340567388e-05,0.0,3.0,timeout
700,4.084526062011719,-4.129575252532959,-0.0002502137213014066,2.4285596737172455e-05,1.4901160284352954e-05,0.0,-3.0,timeout
701,4.0844502449035645,-4.128521919250488,-0.000244741328060627,0.03300226479768753,0.033001821488142014,1.0,0.0,timeout
702,4.084374904632568,-4.127468585968018,-0.00024511353694833815,0.03300075605511665,0.03300075605511665,1.0,-3.0,timeout
703,4.08437442779541,-4.127447605133057,-0.00025050906697288156,0.0006771482876501977,0.0006558204186148942,0.0,-3.0,timeout
704,4.084301948547363,-4.126415252685547,-0.0002453952329233289,0.03234081715345383,0.03234042599797249,1.0,3.0,timeout
705,4.084228515625,-4.125361442565918,-0.0002455540234223008,0.03301142156124115,0.03301142156124115,1.0,-3.0,timeout
706,4.0841569900512695,-4.124308109283447,-0.00024598624440841377,0.032992467284202576,0.03299246355891228,1.0,3.0,timeout
707,4.084083557128906,-4.123254299163818,-0.00024632649729028344,0.03301142156124115,0.03301142156124115,1.0,-3.0,timeout
708,4.084083080291748,-4.123233318328857,-0.00025148969143629074,0.0006753770285286009,0.0006558204186148942,0.0,-3.0,timeout
709,4.084015846252441,-4.122200965881348,-0.0002461697440594435,0.03232978656888008,0.03232935816049576,1.0,-3.0,timeout
710,4.083950042724609,-4.1211466789245605,-0.00024618353927507997,0.0330105796456337,0.0330105796456337,1.0,-3.0,timeout
711,4.083949089050293,-4.1211256980896,-0.0002513725485187024,0.0006760630058124661,0.0006563279894180596,0.0,3.0,timeout
712,4.083883285522461,-4.120092868804932,-0.00024607518571428955,0.03234177827835083,0.032341353595256805,1.0,3.0,timeout
713,4.0838141441345215,-4.119039058685303,-0.0002461014373693615,0.03300236910581589,0.03300236910581589,1.0,0.0,timeout
714,4.083745002746582,-4.117985248565674,-0.0002464196877554059,0.03300236910581589,0.03300236910581589,1.0,3.0,timeout
715,4.08367395401001,-4.116931915283203,-0.00024667286197654903,0.03299146145582199,0.03299146145582199,1.0,-3.0,timeout
716,4.083604335784912,-4.115878105163574,-0.0002468956517986953,0.03300334885716438,0.03300334885716438,1.0,3.0,timeout
717,4.08353328704834,-4.114824295043945,-0.0002470544714014977,0.033006325364112854,0.033006325364112854,1.0,-3.0,timeout
718,4.083531856536865,-4.114803314208984,-0.000252083147643134,0.0006757008959539235,0.000657173281069845,0.0,3.0,timeout
719,4.083460807800293,-4.113770961761475,-0.0002466447767801583,0.032337769865989685,0.03233732283115387,1.0,3.0,timeout
720,4.083462238311768,-4.113749980926514,-0.00025143433595076203,0.0006740021635778248,0.000657173281069845,0.0,-3.0,timeout
721,4.0833892822265625,-4.112717628479004,-0.00024612038396298885,0.03234189748764038,0.03234146907925606,1.0,3.0,timeout
722,4.083314418792725,-4.111664295196533,-0.0002461433468852192,0.03299969807267189,0.03299969807267189,1.0,3.0,timeout
723,4.083314895629883,-4.111642837524414,-0.0002513196086511016,0.0006899478030391037,0.0006707177381031215,0.0,-3.0,timeout
724,4.083239555358887,-4.1106109619140625,-0.00024604256032034755,0.032332368195056915,0.03233194723725319,1.0,3.0,timeout
725,4.083162307739258,-4.109557628631592,-0.0002460820833221078,0.033005062490701675,0.033005062490701675,1.0,3.0,timeout
726,4.083159923553467,-4.109536647796631,-0.00025128168636001647,0.0006795819499529898,0.0006598707986995578,0.0,3.0,timeout
727,4.08315896987915,-4.109536647796631,-0.00025088651455007493,3.225955879315734e-05,2.980232056870591e-05,0.0,3.0,timeout
728,4.083076000213623,-4.1085052490234375,-0.0002453872875776142,0.0323357880115509,0.03233532980084419,1.0,3.0,timeout
729,4.0829901695251465,-4.107452869415283,-0.0002455316425766796,0.03299605846405029,0.03299605846405029,1.0,-3.0,timeout
730,4.0829057693481445,-4.106400012969971,-0.0002459677343722433,0.033007312566041946,0.03300730884075165,1.0,3.0,timeout
731,4.082819938659668,-4.105347633361816,-0.00024631147971376777,0.03299605846405029,0.03299605846405029,1.0,-3.0,timeout
732,4.082735538482666,-4.104294776916504,-0.00024660679628141224,0.033007312566041946,0.03300730884075165,1.0,3.0,timeout
733,4.082649230957031,-4.10324239730835,-0.000246833631535992,0.03299727290868759,0.03299727290868759,1.0,3.0,timeout
734,4.082560062408447,-4.102190017700195,-0.0002470147446729243,0.033004701137542725,0.033004701137542725,1.0,3.0,timeout
735,4.0825581550598145,-4.102169036865234,-0.00025204187841154635,0.0006768387975171208,0.0006583547801710665,0.0,3.0,timeout
736,4.082557201385498,-4.102169036865234,-0.0002514951629564166,3.4352156944805756e-05,2.980232056870591e-05,0.0,3.0,timeout
737,4.082463264465332,-4.101138591766357,-0.00024586290237493813,0.03233541175723076,0.032334934920072556,1.0,-3.0,timeout
738,4.082370281219482,-4.100086688995361,-0.0002459332754369825,0.03300013765692711,0.03300013765692711,1.0,3.0,timeout
739,4.08236837387085,-4.1000657081604,-0.0002511622151359916,0.0006783302524127066,0.0006583547801710665,0.0,3.0,timeout
740,4.082272529602051,-4.099035263061523,-0.0002458957314956933,0.03234081715345383,0.0323403999209404,1.0,-3.0,timeout
741,4.082178115844727,-4.097983360290527,-0.00024596377625130117,0.03300410136580467,0.03300410136580467,1.0,-3.0,timeout
742,4.082177639007568,-4.097962379455566,-0.0002511856728233397,0.000675817602314055,0.0006558204186148942,0.0,-3.0,timeout
743,4.08217716217041,-4.097962379455566,-0.00025082056527026,1.876762689789757e-05,1.4901160284352954e-05,0.0,3.0,timeout
744,4.082086086273193,-4.096931457519531,-0.0002453345514368266,0.03234223648905754,0.03234178200364113,1.0,3.0,timeout
745,4.082087516784668,-4.09691047668457,-0.0002503729483578354,0.0006757715600542724,0.000657173281069845,0.0,-3.0,timeout
746,4.081993579864502,-4.095879554748535,-0.0002452693588566035,0.032350167632102966,0.03234977647662163,1.0,3.0,timeout
747,4.081898212432861,-4.094827651977539,-0.00024546319036744535,0.033006779849529266,0.033006779849529266,1.0,3.0,timeout
748,4.081897735595703,-4.094827651977539,-0.0002508775796741247,0.00016985455295071006,1.4901160284352954e-05,0.0,0.0,timeout
749,4.081896781921387,-4.094827651977539,-0.00025047705275937915,3.232398739783093e-05,2.980232056870591e-05,0.0,3.0,timeout
750,4.081799030303955,-4.09379768371582,-0.0002450445026624948,0.03233158588409424,0.03233114257454872,1.0,-3.0,timeout
751,4.081701755523682,-4.092745780944824,-0.0002452785265631974,0.03301221504807472,0.03301221504807472,1.0,3.0,timeout
752,4.081699848175049,-4.092724800109863,-0.0002506388118490577,0.0006793307838961482,0.0006583547801710665,0.0,3.0,timeout
753,4.081600189208984,-4.0916948318481445,-0.00024547698558308184,0.03233722969889641,0.032336827367544174,1.0,-3.0,timeout
754,4.081501007080078,-4.090643405914307,-0.000245633942540735,0.03300292417407036,0.03300292417407036,1.0,0.0,timeout
755,4.081401824951172,-4.089591979980469,-0.0002460411924403161,0.03300292417407036,0.03300292417407036,1.0,0.0,timeout
756,4.081399917602539,-4.089570999145508,-0.0002512684150133282,0.0006783173885196447,0.0006583547801710665,0.0,3.0,timeout
757,4.081399917602539,-4.089570999145508,-0.00025087627000175416,1.2254530702193733e-05,0.0,0.0,3.0,timeout
758,4.081296920776367,-4.088541507720947,-0.00024537870194762945,0.03233266994357109,0.03233221173286438,1.0,3.0,timeout
759,4.08119010925293,-4.087491035461426,-0.00024553510593250394,0.032996516674757004,0.032996516674757004,1.0,3.0,timeout
760,4.081080913543701,-4.086440563201904,-0.0002459607203491032,0.03300413861870766,0.03300413489341736,1.0,3.0,timeout
761,4.08096981048584,-4.085390090942383,-0.00024630530970171094,0.03301035240292549,0.03301035240292549,1.0,-3.0,timeout
762,4.080860614776611,-4.0843400955200195,-0.00024660187773406506,0.032989319413900375,0.03298931568861008,1.0,3.0,timeout
763,4.080862045288086,-4.084319114685059,-0.000251702411333099,0.0006762266275472939,0.000657173281069845,0.0,-3.0,timeout
764,4.080751419067383,-4.083289623260498,-0.0002463476557750255,0.03235724940896034,0.03235681354999542,1.0,3.0,timeout
765,4.080752849578857,-4.083268642425537,-0.0002511998172849417,0.000674439303111285,0.000657173281069845,0.0,-3.0,timeout
766,4.080642223358154,-4.082239627838135,-0.00024593083071522415,0.032342419028282166,0.03234200179576874,1.0,3.0,timeout
767,4.080530643463135,-4.081189155578613,-0.00024599290918558836,0.03301192447543144,0.03301192447543144,1.0,3.0,timeout
768,4.080416202545166,-4.080139636993408,-0.00024632789427414536,0.032991860061883926,0.032991860061883926,1.0,3.0,timeout
769,4.0802998542785645,-4.079090118408203,-0.00024660976487211883,0.032998375594615936,0.03299837186932564,1.0,3.0,timeout
770,4.080181121826172,-4.078040599822998,-0.00024683595984242857,0.03300666809082031,0.03300666809082031,1.0,3.0,timeout
771,4.0801777839660645,-4.078019618988037,-0.0002518992405384779,0.0006824914016760886,0.0006638964405283332,0.0,3.0,timeout
772,4.080054759979248,-4.076971054077148,-0.0002463949203956872,0.032992858439683914,0.0329924114048481,1.0,0.0,timeout
773,4.079931735992432,-4.075922012329102,-0.00024646148085594177,0.03300720825791359,0.03300720825791359,1.0,3.0,timeout
774,4.079806804656982,-4.074873447418213,-0.00024669611593708396,0.03299940750002861,0.03299940750002861,1.0,-3.0,timeout
775,4.079683780670166,-4.073824882507324,-0.0002469139581080526,0.0329924114048481,0.0329924114048481,1.0,3.0,timeout
776,4.079685688018799,-4.073803901672363,-0.00025195235502906144,0.0006769206374883652,0.0006583547801710665,0.0,-3.0,timeout
777,4.079565048217773,-4.072775840759277,-0.0002465366560500115,0.03234778717160225,0.03234734386205673,1.0,-3.0,timeout
778,4.079445838928223,-4.0717267990112305,-0.00024647664395160973,0.032993536442518234,0.032993536442518234,1.0,-3.0,timeout
779,4.079328536987305,-4.070677280426025,-0.0002467244630679488,0.033001672476530075,0.033001672476530075,1.0,3.0,timeout
780,4.0793304443359375,-4.0706562995910645,-0.0002518001710996032,0.0006771927583031356,0.0006583547801710665,0.0,-3.0,timeout
781,4.0792155265808105,-4.06962776184082,-0.0002464154676999897,0.03234223648905754,0.03234180063009262,1.0,-3.0,timeout
782,4.079100608825684,-4.068578243255615,-0.0002463900891598314,0.03299348056316376,0.03299348056316376,1.0,3.0,timeout
783,4.078983306884766,-4.06752872467041,-0.0002466454461682588,0.033001672476530075,0.033001672476530075,1.0,3.0,timeout
784,4.078863620758057,-4.066479206085205,-0.00024686334654688835,0.033010028302669525,0.033010028302669525,1.0,3.0,timeout
785,4.078861236572266,-4.066458702087402,-0.00025192086468450725,0.0006641465006396174,0.0006450670771300793,0.0,3.0,timeout
786,4.078739166259766,-4.065430641174316,-0.0002465033030603081,0.032353028655052185,0.03235258534550667,1.0,-3.0,timeout
787,4.078617572784424,-4.064382076263428,-0.0002464601129759103,0.03298723325133324,0.03298723325133324,1.0,3.0,timeout
788,4.078493118286133,-4.063333034515381,-0.0002467016165610403,0.03301244601607323,0.03301244601607323,1.0,3.0,timeout
789,4.078490734100342,-4.06331205368042,-0.0002517908869776875,0.0006787658203393221,0.0006598707986995578,0.0,3.0,timeout
790,4.078490734100342,-4.06331205368042,-0.00025128384004347026,1.5845216694287956e-05,0.0,0.0,-3.0,timeout
791,4.078366756439209,-4.06228494644165,-0.0002457031514495611,0.032330550253391266,0.03233008086681366,1.0,-3.0,timeout
792,4.078364849090576,-4.0622639656066895,-0.00025067731621675193,0.0006764565478079021,0.0006583547801710665,0.0,-3.0,timeout
793,4.078241348266602,-4.0612359046936035,-0.0002455133944749832,0.03235828876495361,0.03235788270831108,1.0,3.0,timeout
794,4.078117370605469,-4.060187339782715,-0.0002456593210808933,0.03299589827656746,0.03299589827656746,1.0,3.0,timeout
795,4.077991485595703,-4.059138774871826,-0.00024605050566606224,0.03300295025110245,0.03300295025110245,1.0,-3.0,timeout
796,4.07786750793457,-4.0580902099609375,-0.00024639733601361513,0.03299589827656746,0.03299589827656746,1.0,3.0,timeout
797,4.077740669250488,-4.057041645050049,-0.0002466661389917135,0.033006519079208374,0.033006515353918076,1.0,3.0,timeout
798,4.077737808227539,-4.057020664215088,-0.00025176326744258404,0.0006806200835853815,0.0006617189501412213,0.0,3.0,timeout
799,4.077608585357666,-4.055994033813477,-0.0002463884884491563,0.032335784286260605,0.032335348427295685,1.0,3.0,timeout
800,4.077474594116211,-4.054946422576904,-0.000246357754804194,0.03300453722476959,0.03300453722476959,1.0,3.0,timeout
801,4.077338218688965,-4.05389928817749,-0.0002466196019668132,0.032999299466609955,0.032999299466609955,1.0,3.0,timeout
802,4.077199935913086,-4.052852153778076,-0.00024683744413778186,0.033007048070430756,0.033007048070430756,1.0,0.0,timeout
803,4.077197074890137,-4.052831172943115,-0.0002519058471079916,0.0006804105942137539,0.0006617189501412213,0.0,3.0,timeout
804,4.0770583152771,-4.0518059730529785,-0.00024650292471051216,0.03233005851507187,0.03232961520552635,1.0,3.0,timeout
805,4.077054977416992,-4.051784992218018,-0.00025133209419436753,0.0006808324833400548,0.0006638964405283332,0.0,3.0,timeout
806,4.077054500579834,-4.051784992218018,-0.00025090735289268196,1.9955487005063333e-05,1.4901160284352954e-05,0.0,0.0,timeout
807,4.076911926269531,-4.050759792327881,-0.00024539700825698674,0.03234627842903137,0.03234582021832466,1.0,-3.0,timeout
808,4.0767693519592285,-4.049713611602783,-0.00024555035633966327,0.03299534693360329,0.03299534693360329,1.0,-3.0,timeout
809,4.076767921447754,-4.049692630767822,-0.0002508544421289116,0.0006777541129849851,0.000657173281069845,0.0,-3.0,timeout
810,4.076627254486084,-4.048666477203369,-0.000245668925344944,0.03236759826540947,0.03236719220876694,1.0,3.0,timeout
811,4.076627254486084,-4.048666477203369,-0.00025075898156501353,0.00015906424960121512,0.0,0.0,0.0,timeout
812,4.076626777648926,-4.048666477203369,-0.00025036820443347096,1.926583172462415e-05,1.4901160284352954e-05,0.0,3.0,timeout
813,4.076486110687256,-4.047641277313232,-0.000244967668550089,0.03233810514211655,0.03233766555786133,1.0,3.0,timeout
814,4.076340675354004,-4.046595096588135,-0.0002452063490636647,0.03300753980875015,0.033007536083459854,1.0,3.0,timeout
815,4.076193332672119,-4.0455498695373535,-0.0002456873480696231,0.032986290752887726,0.03298628702759743,1.0,-3.0,timeout
816,4.076048374176025,-4.044503688812256,-0.00024609622778370976,0.033005490899086,0.0330054871737957,1.0,-3.0,timeout
817,4.0759053230285645,-4.043457508087158,-0.00024643493816256523,0.032997362315654755,0.032997362315654755,1.0,3.0,timeout
818,4.075760364532471,-4.0424113273620605,-0.00024668604601174593,0.033005490899086,0.0330054871737957,1.0,-3.0,timeout
819,4.075758457183838,-4.0423903465271,-0.00025177723728120327,0.0006773062632419169,0.0006583547801710665,0.0,-3.0,timeout
820,4.075615406036377,-4.041364669799805,-0.0002464079298079014,0.03236306831240654,0.03236263617873192,1.0,3.0,timeout
821,4.075612545013428,-4.041343688964844,-0.00025125910178758204,0.0006788624450564384,0.0006617189501412213,0.0,3.0,timeout
822,4.075469017028809,-4.040318965911865,-0.0002459703537169844,0.03233560547232628,0.03233518451452255,1.0,3.0,timeout
823,4.075320720672607,-4.039273262023926,-0.0002460224204696715,0.033005211502313614,0.033005211502313614,1.0,3.0,timeout
824,4.075170516967773,-4.0382280349731445,-0.00024634067085571587,0.032998885959386826,0.032998885959386826,1.0,-3.0,timeout
825,4.075023174285889,-4.037182331085205,-0.0002466186706442386,0.033001042902469635,0.033001042902469635,1.0,-3.0,timeout
826,4.075023174285889,-4.037182331085205,-0.0002518259279895574,0.0001627267774892971,0.0,0.0,0.0,timeout
827,4.074880599975586,-4.036157131195068,-0.0002463416603859514,0.032346274703741074,0.03234582021832466,1.0,-3.0,timeout
828,4.074877738952637,-4.036136150360107,-0.0002512098290026188,0.0006789812468923628,0.0006617189501412213,0.0,3.0,timeout
829,4.074734687805176,-4.035111427307129,-0.00024593077250756323,0.03233353793621063,0.032333116978406906,1.0,3.0,timeout
830,4.074737548828125,-4.035090446472168,-0.00025086564710363746,0.0006794513319619,0.0006617189501412213,0.0,-3.0,timeout
831,4.074589252471924,-4.0340657234191895,-0.00024566007778048515,0.03235659748315811,0.03235618770122528,1.0,3.0,timeout
832,4.074440956115723,-4.03302001953125,-0.0002457674127072096,0.033005211502313614,0.033005211502313614,1.0,-3.0,timeout
833,4.074295520782471,-4.031973838806152,-0.0002461465774103999,0.03300753980875015,0.033007536083459854,1.0,-3.0,timeout
834,4.07415246963501,-4.030927658081055,-0.0002464643039274961,0.032997362315654755,0.032997362315654755,1.0,-3.0,timeout
835,4.074011325836182,-4.029881000518799,-0.00024672914878465235,0.03300410509109497,0.03300410509109497,1.0,3.0,timeout
836,4.0738677978515625,-4.028834819793701,-0.00024693115847185254,0.03299938514828682,0.03299938514828682,1.0,3.0,timeout
837,4.073721408843994,-4.027789115905762,-0.0002470924810040742,0.03299689665436745,0.03299689665436745,1.0,3.0,timeout
838,4.073718070983887,-4.027768135070801,-0.000252103985985741,0.0006821180577389896,0.0006638964405283332,0.0,3.0,timeout
839,4.0735697746276855,-4.0267438888549805,-0.0002466609585098922,0.032341890037059784,0.03234143927693367,1.0,3.0,timeout
840,4.073415756225586,-4.025699138641357,-0.0002465756260789931,0.033001311123371124,0.033001311123371124,1.0,3.0,timeout
841,4.073260307312012,-4.024654865264893,-0.00024678301997482777,0.032993119210004807,0.032993119210004807,1.0,-3.0,timeout
842,4.07310676574707,-4.0236101150512695,-0.00024698322522453964,0.03299913927912712,0.03299913927912712,1.0,3.0,timeout
843,4.072950839996338,-4.022565841674805,-0.00024713476886972785,0.0329953171312809,0.0329953171312809,1.0,3.0,timeout
844,4.0727925300598145,-4.02152156829834,-0.0002472556952852756,0.03300640359520912,0.03300640359520912,1.0,3.0,timeout
845,4.0726318359375,-4.020477771759033,-0.0002473524655215442,0.03300292417407036,0.03300292417407036,1.0,3.0,timeout
846,4.0724687576293945,-4.019434452056885,-0.0002474299108143896,0.03299961984157562,0.03299961984157562,1.0,3.0,timeout
847,4.072465896606445,-4.019413471221924,-0.0002523621660657227,0.0006794327637180686,0.0006617189501412213,0.0,-3.0,timeout
848,4.072465419769287,-4.019413948059082,-0.0002517504617571831,2.8451737307477742e-05,2.1073423340567388e-05,0.0,-3.0,timeout
849,4.072464466094971,-4.019413948059082,-0.0002509727200958878,3.8456251786556095e-05,2.980232056870591e-05,0.0,3.0,timeout
850,4.072302341461182,-4.018370628356934,-0.0002453394408803433,0.03299550339579582,0.032995034009218216,1.0,0.0,timeout
851,4.072140216827393,-4.017327308654785,-0.00024560184101574123,0.032995034009218216,0.032995034009218216,1.0,3.0,timeout
852,4.072136402130127,-4.017306327819824,-0.00025090150302276015,0.0006866711773909628,0.0006664001266472042,0.0,3.0,timeout
853,4.071972846984863,-4.016284465789795,-0.0002456869406159967,0.03234003856778145,0.032339632511138916,1.0,-3.0,timeout
854,4.071808815002441,-4.0152411460876465,-0.0002458073431625962,0.03300423547625542,0.03300423547625542,1.0,3.0,timeout
855,4.0716423988342285,-4.014198303222656,-0.00024616936570964754,0.03300117701292038,0.03300117701292038,1.0,-3.0,timeout
856,4.071478366851807,-4.013155460357666,-0.00024649236002005637,0.032989516854286194,0.032989516854286194,1.0,3.0,timeout
857,4.071475028991699,-4.013134479522705,-0.00025162467500194907,0.0006829947233200073,0.0006638964405283332,0.0,3.0,timeout
858,4.071308612823486,-4.012113094329834,-0.00024627731181681156,0.03233960643410683,0.032339174300432205,1.0,3.0,timeout
859,4.071137428283691,-4.01107120513916,-0.00024625836522318423,0.03299557790160179,0.03299557790160179,1.0,-3.0,timeout
860,4.070969104766846,-4.01002836227417,-0.00024653898435644805,0.03301062062382698,0.03301062062382698,1.0,-3.0,timeout
861,4.070802688598633,-4.00898551940918,-0.0002467780141159892,0.03300117701292038,0.03300117701292038,1.0,-3.0,timeout
862,4.070799827575684,-4.008965015411377,-0.00025186259881593287,0.0006661840016022325,0.0006469575455412269,0.0,3.0,timeout
863,4.070799827575684,-4.008965015411377,-0.0002513514191377908,1.597436494193971e-05,0.0,0.0,3.0,timeout
864,4.070800304412842,-4.008964538574219,-0.00025063316570594907,3.078775989706628e-05,2.1073423340567388e-05,0.0,-3.0,timeout
865,4.070637226104736,-4.0079426765441895,-0.000245168135734275,0.0323377288877964,0.03233727812767029,1.0,-3.0,timeout
866,4.0704731941223145,-4.006899833679199,-0.0002453720953781158,0.032989516854286194,0.032989516854286194,1.0,0.0,timeout
867,4.070470809936523,-4.00687837600708,-0.0002507080789655447,0.0006949797389097512,0.0006746787112206221,0.0,-3.0,timeout
868,4.070311546325684,-4.005856037139893,-0.000245554227149114,0.03233383223414421,0.03233342990279198,1.0,3.0,timeout
869,4.070147514343262,-4.004812717437744,-0.0002456807706039399,0.03300423547625542,0.03300423547625542,1.0,-3.0,timeout
870,4.070145130157471,-4.004791736602783,-0.0002509590412955731,0.0006801739218644798,0.0006598707986995578,0.0,-3.0,timeout
871,4.069988250732422,-4.0037689208984375,-0.0002457553055137396,0.03233718499541283,0.032336775213479996,1.0,3.0,timeout
872,4.069826126098633,-4.002725601196289,-0.0002458415401633829,0.032995034009218216,0.032995034009218216,1.0,-3.0,timeout
873,4.069665908813477,-4.001681804656982,-0.00024621616466902196,0.03300066292285919,0.03300065919756889,1.0,3.0,timeout
874,4.069504261016846,-4.000638008117676,-0.00024651031708344817,0.03300747647881508,0.03300747647881508,1.0,-3.0,timeout
875,4.069500923156738,-4.000617504119873,-0.0002516483364161104,0.0006687459535896778,0.0006491845706477761,0.0,3.0,timeout
876,4.069342136383057,-3.9995946884155273,-0.0002462858392391354,0.032346297055482864,0.03234586492180824,1.0,-3.0,timeout
877,4.0691819190979,-3.9985508918762207,-0.0002462861011736095,0.03300065919756889,0.03300065919756889,1.0,3.0,timeout
878,4.069179534912109,-3.9985299110412598,-0.0002514339576009661,0.0006791971391066909,0.0006598707986995578,0.0,-3.0,timeout
879,4.069022178649902,-3.997507095336914,-0.00024613484856672585,0.03233946114778519,0.03233903646469116,1.0,3.0,timeout
880,4.068860054016113,-3.9964635372161865,-0.0002461450349073857,0.03300239145755768,0.03300239145755768,1.0,-3.0,timeout
881,4.068860054016113,-3.9964632987976074,-0.00025143224047496915,0.00016539306670892984,7.450580142176477e-06,0.0,0.0,timeout
882,4.0688605308532715,-3.9964630603790283,-0.0002509106998331845,2.3306334696826525e-05,1.6660003893775865e-05,0.0,-3.0,timeout
883,4.068705081939697,-3.9954400062561035,-0.0002454122877679765,0.03233785182237625,0.03233739361166954,1.0,3.0,timeout
884,4.068545341491699,-3.994396209716797,-0.00024555224808864295,0.032998405396938324,0.032998405396938324,1.0,-3.0,timeout
885,4.068387508392334,-3.993351936340332,-0.0002459737006574869,0.03300417587161064,0.03300417587161064,1.0,-3.0,timeout
886,4.068231582641602,-3.992307662963867,-0.00024633610155433416,0.0329953208565712,0.0329953171312809,1.0,3.0,timeout
887,4.068073749542236,-3.9912636280059814,-0.0002466169244144112,0.032996807247400284,0.032996803522109985,1.0,3.0,timeout
888,4.068073272705078,-3.9912631511688232,-0.0002518144901841879,0.0001637852838030085,2.1073423340567388e-05,0.0,0.0,timeout
889,4.068073272705078,-3.9912631511688232,-0.00025122161605395377,1.852731656981632e-05,0.0,0.0,0.0,timeout
890,4.068073272705078,-3.9912631511688232,-0.00025053063291125,2.159322139050346e-05,0.0,0.0,-3.0,timeout
891,4.067917346954346,-3.9902400970458984,-0.00024509747163392603,0.03234007954597473,0.032339636236429214,1.0,3.0,timeout
892,4.067756652832031,-3.989196538925171,-0.0002453101915307343,0.0329955592751503,0.0329955592751503,1.0,3.0,timeout
893,4.067593097686768,-3.9881532192230225,-0.00024577550357207656,0.03300192952156067,0.03300192579627037,1.0,0.0,timeout
894,4.067590236663818,-3.9881322383880615,-0.0002510442864149809,0.0006818954134359956,0.0006617189501412213,0.0,-3.0,timeout
895,4.067432403564453,-3.987109661102295,-0.0002458241651766002,0.032334353774785995,0.032333943992853165,1.0,3.0,timeout
896,4.067269325256348,-3.9860661029815674,-0.00024589645909145474,0.03300698474049568,0.03300698474049568,1.0,-3.0,timeout
897,4.067108631134033,-3.98502254486084,-0.00024626022786833346,0.0329955630004406,0.0329955592751503,1.0,3.0,timeout
898,4.0669450759887695,-3.9839792251586914,-0.00024655580637045205,0.03300192579627037,0.03300192579627037,1.0,3.0,timeout
899,4.066779613494873,-3.982936382293701,-0.00024679259513504803,0.032996490597724915,0.032996490597724915,1.0,3.0,timeout
900,4.066612243652344,-3.98189377784729,-0.0002469712635502219,0.03299852833151817,0.03299852833151817,1.0,-3.0,timeout
901,4.066608428955078,-3.981872797012329,-0.00025201693642884493,0.0006848002085462213,0.0006664001266472042,0.0,3.0,timeout
902,4.06644344329834,-3.980851173400879,-0.00024659177870489657,0.03233981505036354,0.032339371740818024,1.0,3.0,timeout
903,4.066442966461182,-3.9808509349823,-0.0002514936204534024,0.00015408585022669286,1.6660003893775865e-05,0.0,0.0,timeout
904,4.0662760734558105,-3.979829788208008,-0.0002460602845530957,0.032334666699171066,0.03233421966433525,1.0,-3.0,timeout
905,4.066108703613281,-3.9787871837615967,-0.00024610129185020924,0.03299852833151817,0.03299852833151817,1.0,3.0,timeout
906,4.065938472747803,-3.9777448177337646,-0.00024641441996209323,0.03300546482205391,0.03300546482205391,1.0,3.0,timeout
907,4.065934658050537,-3.977724075317383,-0.0002515613450668752,0.0006784133147448301,0.0006590710836462677,0.0,3.0,timeout
908,4.065763473510742,-3.976703405380249,-0.00024621543707326055,0.032341860234737396,0.032341428101062775,1.0,-3.0,timeout
909,4.065591812133789,-3.975661516189575,-0.00024621948250569403,0.03299799934029579,0.03299799934029579,1.0,-3.0,timeout
910,4.065422058105469,-3.974619150161743,-0.0002465187862981111,0.033003069460392,0.0330030657351017,1.0,3.0,timeout
911,4.065418720245361,-3.9745984077453613,-0.0002516449603717774,0.0006758001400157809,0.0006565394578501582,0.0,3.0,timeout
912,4.065247058868408,-3.9735779762268066,-0.00024629340623505414,0.03233698010444641,0.03233654797077179,1.0,3.0,timeout
913,4.065243721008301,-3.973557233810425,-0.00025116445613093674,0.0006739548407495022,0.0006565394578501582,0.0,3.0,timeout
914,4.065067768096924,-3.9725372791290283,-0.00024588327505625784,0.03234480321407318,0.032344382256269455,1.0,-3.0,timeout
915,4.065063953399658,-3.9725165367126465,-0.0002508467296138406,0.0006770769250579178,0.0006590710836462677,0.0,3.0,timeout
916,4.0648884773254395,-3.97149658203125,-0.0002456296351738274,0.03234226256608963,0.0323418527841568,1.0,-3.0,timeout
917,4.064888954162598,-3.971496105194092,-0.0002507345925550908,0.00016091574798338115,2.1073423340567388e-05,0.0,0.0,timeout
918,4.06471586227417,-3.970475912094116,-0.0002454537898302078,0.032337069511413574,0.03233664482831955,1.0,-3.0,timeout
919,4.064541339874268,-3.9694344997406006,-0.00024561610189266503,0.03299795463681221,0.03299795463681221,1.0,3.0,timeout
920,4.064364910125732,-3.968393087387085,-0.0002460211399011314,0.03300785645842552,0.03300785645842552,1.0,0.0,timeout
921,4.0641889572143555,-3.9673519134521484,-0.00024635944282636046,0.03299802541732788,0.03299802169203758,1.0,-3.0,timeout
922,4.0640153884887695,-3.9663102626800537,-0.00024663511430844665,0.033000390976667404,0.033000387251377106,1.0,-3.0,timeout
923,4.063844203948975,-3.96526837348938,-0.00024685595417395234,0.03299557790160179,0.03299557790160179,1.0,-3.0,timeout
924,4.063674449920654,-3.964226007461548,-0.0002470422477927059,0.0330030657351017,0.0330030657351017,1.0,3.0,timeout
925,4.063502311706543,-3.963184118270874,-0.0002471813641022891,0.03300042077898979,0.03300042077898979,1.0,3.0,timeout
926,4.063328266143799,-3.9621424674987793,-0.00024728255812078714,0.033002838492393494,0.033002838492393494,1.0,-3.0,timeout
927,4.063156604766846,-3.9611005783081055,-0.00024737304192967713,0.03299799934029579,0.03299799934029579,1.0,-3.0,timeout
928,4.063154697418213,-3.9610795974731445,-0.0002523270668461919,0.0006763121928088367,0.0006583547801710665,0.0,-3.0,timeout
929,4.063155174255371,-3.9610795974731445,-0.00025172403547912836,2.4024329832172953e-05,1.4901160284352954e-05,0.0,-3.0,timeout
930,4.062992572784424,-3.960057497024536,-0.00024606724036857486,0.03234277293086052,0.03234229236841202,1.0,3.0,timeout
931,4.062990188598633,-3.960036516189575,-0.0002509583136998117,0.0006773413624614477,0.0006598707986995578,0.0,-3.0,timeout
932,4.062828540802002,-3.959014415740967,-0.0002457281807437539,0.032338034361600876,0.032337624579668045,1.0,-3.0,timeout
933,4.0626654624938965,-3.9579710960388184,-0.000245839764829725,0.03299961984157562,0.03299961984157562,1.0,3.0,timeout
934,4.062500476837158,-3.95692777633667,-0.00024620024487376213,0.0330088771879673,0.0330088771879673,1.0,0.0,timeout
935,4.062497138977051,-3.956907033920288,-0.0002513955405447632,0.0006763153942301869,0.0006565394578501582,0.0,3.0,timeout
936,4.062497138977051,-3.956907033920288,-0.0002509778714738786,1.3052157555648591e-05,0.0,0.0,3.0,timeout
937,4.062330722808838,-3.955885648727417,-0.0002454491041135043,0.032339636236429214,0.032339174300432205,1.0,-3.0,timeout
938,4.062164306640625,-3.9548428058624268,-0.00024559214944019914,0.03300117701292038,0.03300117701292038,1.0,-3.0,timeout
939,4.061999320983887,-3.9537999629974365,-0.00024601625045761466,0.032994162291288376,0.03299415856599808,1.0,3.0,timeout
940,4.061999320983887,-3.9537994861602783,-0.00025133395683951676,0.0001668450713623315,1.4901160284352954e-05,0.0,0.0,timeout
941,4.061999797821045,-3.9537994861602783,-0.0002508324396330863,2.162565760954749e-05,1.4901160284352954e-05,0.0,-3.0,timeout
942,4.061838150024414,-3.95277738571167,-0.0002453383640386164,0.03233807906508446,0.032337624579668045,1.0,-3.0,timeout
943,4.061676502227783,-3.9517338275909424,-0.00024550381931476295,0.03300010785460472,0.03300010785460472,1.0,-3.0,timeout
944,4.061517238616943,-3.9506897926330566,-0.0002459358365740627,0.03300352022051811,0.033003516495227814,1.0,-3.0,timeout
945,4.061359882354736,-3.949645519256592,-0.00024629608378745615,0.03300195187330246,0.03300194814801216,1.0,-3.0,timeout
946,4.061204433441162,-3.948601007461548,-0.00024659442715346813,0.03300049155950546,0.03300049155950546,1.0,3.0,timeout
947,4.061202526092529,-3.948580026626587,-0.0002516952226869762,0.0006773768691346049,0.0006583547801710665,0.0,-3.0,timeout
948,4.0612030029296875,-3.948580026626587,-0.0002512182400096208,2.1076637494843453e-05,1.4901160284352954e-05,0.0,-3.0,timeout
949,4.061203956604004,-3.948580026626587,-0.0002505366283003241,3.663173265522346e-05,2.980232056870591e-05,0.0,-3.0,timeout
950,4.061055660247803,-3.9475557804107666,-0.00024509141803719103,0.032341890037059784,0.03234143927693367,1.0,-3.0,timeout
951,4.061054229736328,-3.9475345611572266,-0.0002501879644114524,0.0006834238301962614,0.0006646068068221211,0.0,-3.0,timeout
952,4.061054706573486,-3.9475345611572266,-0.00024999785819090903,1.604175486136228e-05,1.4901160284352954e-05,0.0,-3.0,timeout
953,4.061054706573486,-3.9475345611572266,-0.00024956988636404276,1.3374118680076208e-05,0.0,0.0,3.0,timeout
954,4.060910701751709,-3.946509838104248,-0.0002443190023768693,0.03233766928315163,0.0323372520506382,1.0,3.0,timeout
955,4.06076192855835,-3.9454643726348877,-0.00024468687479384243,0.03299993276596069,0.032999929040670395,1.0,3.0,timeout
956,4.060761451721191,-3.9454638957977295,-0.000250256183790043,0.0001753120741341263,2.1073423340567388e-05,0.0,0.0,timeout
957,4.060761451721191,-3.9454638957977295,-0.0002499746042303741,8.79936123965308e-06,0.0,0.0,0.0,timeout
958,4.060613632202148,-3.944439649581909,-0.0002446478174533695,0.03233973681926727,0.03233930841088295,1.0,-3.0,timeout
959,4.0604658126831055,-3.943394184112549,-0.0002449511957820505,0.03299574553966522,0.03299574553966522,1.0,-3.0,timeout
960,4.060462951660156,-3.943373203277588,-0.00025038691819645464,0.0006831738282926381,0.0006617189501412213,0.0,3.0,timeout
961,4.060314655303955,-3.9423279762268066,-0.0002451843465678394,0.03299086168408394,0.032990459352731705,1.0,0.0,timeout
962,4.060166835784912,-3.941282272338867,-0.000245482922764495,0.033003125339746475,0.033003125339746475,1.0,-3.0,timeout
963,4.060020446777344,-3.9402365684509277,-0.00024593359557911754,0.032996900379657745,0.03299689665436745,1.0,3.0,timeout
964,4.059872150421143,-3.9391908645629883,-0.00024628941901028156,0.03300521522760391,0.033005211502313614,1.0,0.0,timeout
965,4.05987024307251,-3.9391698837280273,-0.0002514561347197741,0.000677864532917738,0.0006583547801710665,0.0,-3.0,timeout
966,4.05972146987915,-3.938145160675049,-0.00024615050642751157,0.03235875070095062,0.0323583260178566,1.0,3.0,timeout
967,4.059572219848633,-3.9370996952056885,-0.00024617070448584855,0.033002033829689026,0.033002033829689026,1.0,3.0,timeout
968,4.059568881988525,-3.9370787143707275,-0.0002513526123948395,0.0006833603256382048,0.0006638964405283332,0.0,3.0,timeout
969,4.059568405151367,-3.9370789527893066,-0.00025094285956583917,2.1012330762459897e-05,1.6660003893775865e-05,0.0,3.0,timeout
970,4.059567928314209,-3.9370789527893066,-0.0002503163123037666,2.460498762957286e-05,1.4901160284352954e-05,0.0,3.0,timeout
971,4.059412002563477,-3.936055898666382,-0.00024491603835485876,0.03234007582068443,0.032339636236429214,1.0,3.0,timeout
972,4.05925178527832,-3.935012102127075,-0.00024515934637747705,0.03300066292285919,0.03300065919756889,1.0,0.0,timeout
973,4.059248924255371,-3.9349911212921143,-0.00025053712306544185,0.000682725862134248,0.0006617189501412213,0.0,-3.0,timeout
974,4.059091567993164,-3.9339680671691895,-0.00024541636230424047,0.03234679624438286,0.03234639763832092,1.0,3.0,timeout
975,4.058931350708008,-3.932924270629883,-0.0002455715148244053,0.03300065919756889,0.03300065919756889,1.0,-3.0,timeout
976,4.058772563934326,-3.931880235671997,-0.0002460004179738462,0.03300127387046814,0.03300127014517784,1.0,3.0,timeout
977,4.058611869812012,-3.9308366775512695,-0.00024634800502099097,0.0329955630004406,0.0329955592751503,1.0,3.0,timeout
978,4.058448791503906,-3.929793357849121,-0.0002466263831593096,0.03299962356686592,0.03299961984157562,1.0,3.0,timeout
979,4.058282852172852,-3.9287502765655518,-0.000246849114773795,0.03300618752837181,0.03300618752837181,1.0,3.0,timeout
980,4.058115005493164,-3.9277076721191406,-0.0002470273175276816,0.0330008938908577,0.0330008938908577,1.0,3.0,timeout
981,4.0579447746276855,-3.9266655445098877,-0.00024716989719308913,0.032998111099004745,0.032998111099004745,1.0,3.0,timeout
982,4.057773113250732,-3.925623655319214,-0.00024727286654524505,0.03299799934029579,0.03299799934029579,1.0,-3.0,timeout
983,4.057603359222412,-3.924581289291382,-0.00024737577768974006,0.0330030657351017,0.0330030657351017,1.0,3.0,timeout
984,4.057602405548096,-3.9245810508728027,-0.00025242159608751535,0.00016064633382484317,3.0719529604539275e-05,0.0,0.0,timeout
985,4.057433128356934,-3.92356014251709,-0.0002468290913384408,0.032339442521333694,0.03233896940946579,1.0,3.0,timeout
986,4.057258605957031,-3.922518730163574,-0.0002467064477968961,0.03299795463681221,0.03299795463681221,1.0,3.0,timeout
987,4.057254314422607,-3.9224979877471924,-0.00025178081705234945,0.0006806579185649753,0.0006619286141358316,0.0,3.0,timeout
988,4.057078838348389,-3.921478271484375,-0.00024639006005600095,0.03233494609594345,0.03233451023697853,1.0,-3.0,timeout
989,4.0569024085998535,-3.9204370975494385,-0.0002463698328938335,0.033000506460666656,0.033000506460666656,1.0,3.0,timeout
990,4.056723594665527,-3.91939640045166,-0.00024662952637299895,0.032998353242874146,0.032998353242874146,1.0,3.0,timeout
991,4.056541919708252,-3.918355941772461,-0.00024685083189979196,0.03300626948475838,0.03300626948475838,1.0,3.0,timeout
992,4.056538105010986,-3.918335199356079,-0.0002519111440051347,0.0006777767557650805,0.0006590710836462677,0.0,3.0,timeout
993,4.056355953216553,-3.917316198348999,-0.00024649384431540966,0.032348982989788055,0.03234853968024254,1.0,-3.0,timeout
994,4.056352138519287,-3.917295455932617,-0.00025133698363788426,0.0006762255216017365,0.0006590710836462677,0.0,3.0,timeout
995,4.056169509887695,-3.9162769317626953,-0.00024603286874480546,0.032336924225091934,0.03233649581670761,1.0,3.0,timeout
996,4.0559821128845215,-3.9152376651763916,-0.0002460621763020754,0.03300083428621292,0.03300083428621292,1.0,-3.0,timeout
997,4.055796146392822,-3.914198160171509,-0.0002463926502969116,0.033000268042087555,0.033000268042087555,1.0,3.0,timeout
998,4.055607795715332,-3.913158893585205,-0.00024666162789799273,0.03300613909959793,0.03300613537430763,1.0,3.0,timeout
999,4.055603981018066,-3.9131381511688232,-0.0002517597458790988,0.0006780534167774022,0.0006590710836462677,0.0,3.0,timeout
1000,4.055415153503418,-3.912120819091797,-0.0002463741402607411,0.032335057854652405,0.032334618270397186,1.0,-3.0,timeout
1001,4.055411338806152,-3.912100076675415,-0.0002512399514671415,0.0006763844867236912,0.0006590710836462677,0.0,3.0,timeout
1002,4.055222511291504,-3.9110825061798096,-0.00024594421847723424,0.03234236687421799,0.03234194591641426,1.0,-3.0,timeout
1003,4.0552191734313965,-3.9110615253448486,-0.00025089544942602515,0.0006816880777478218,0.0006638964405283332,0.0,3.0,timeout
1004,4.0552191734313965,-3.9110617637634277,-0.00025056328740902245,1.2777200026903301e-05,7.450580142176477e-06,0.0,3.0,timeout
1005,4.055219650268555,-3.9110615253448486,-0.0002500020491424948,2.4190112526412122e-05,1.6660003893775865e-05,0.0,-3.0,timeout
1006,4.055030345916748,-3.9100441932678223,-0.0002446743019390851,0.032337769865989685,0.03233734145760536,1.0,3.0,timeout
1007,4.054835796356201,-3.909006118774414,-0.000244961614953354,0.03300461918115616,0.03300461918115616,1.0,-3.0,timeout
1008,4.054643630981445,-3.9079678058624268,-0.0002455014328006655,0.032998304814100266,0.03299830108880997,1.0,-3.0,timeout
1009,4.0544538497924805,-3.9069290161132812,-0.00024594843853265047,0.03299948200583458,0.03299948200583458,1.0,-3.0,timeout
1010,4.054266452789307,-3.9058897495269775,-0.00024630685220472515,0.03300083801150322,0.03300083428621292,1.0,-3.0,timeout
1011,4.054081439971924,-3.9048500061035156,-0.00024659361224621534,0.03300236538052559,0.03300236538052559,1.0,-3.0,timeout
1012,4.053897857666016,-3.9038100242614746,-0.0002468323800712824,0.03300190344452858,0.03300189971923828,1.0,3.0,timeout
1013,4.053711891174316,-3.902770519256592,-0.0002470134641043842,0.033000268042087555,0.033000268042087555,1.0,3.0,timeout
1014,4.053708553314209,-3.90274977684021,-0.00025204059784300625,0.0006750731263309717,0.0006565394578501582,0.0,3.0,timeout
1015,4.053521633148193,-3.9017319679260254,-0.0002465990837663412,0.03233889862895012,0.032338451594114304,1.0,-3.0,timeout
1016,4.053333759307861,-3.9006927013397217,-0.0002465314755681902,0.03300348296761513,0.03300348296761513,1.0,0.0,timeout
1017,4.053145408630371,-3.899653673171997,-0.00024676398606970906,0.03299880772829056,0.03299880772829056,1.0,3.0,timeout
1018,4.052955150604248,-3.8986148834228516,-0.00024694824242033064,0.03300216421484947,0.03300216421484947,1.0,-3.0,timeout
1019,4.052767276763916,-3.897575855255127,-0.0002471158222761005,0.032996151596307755,0.032996151596307755,1.0,3.0,timeout
1020,4.052576541900635,-3.8965370655059814,-0.00024723540991544724,0.033004846423864365,0.033004846423864365,1.0,0.0,timeout
1021,4.052386283874512,-3.895498275756836,-0.0002473311615176499,0.03300216421484947,0.03300216421484947,1.0,-3.0,timeout
1022,4.052198886871338,-3.8944590091705322,-0.0002474121283739805,0.03300083428621292,0.03300083428621292,1.0,-3.0,timeout
1023,4.052013397216797,-3.8934195041656494,-0.0002474772627465427,0.03299764543771744,0.03299764543771744,1.0,-3.0,timeout
1024,4.051830768585205,-3.8923795223236084,-0.00024752947501838207,0.03299673646688461,0.03299673646688461,1.0,-3.0,timeout
1025,4.051649570465088,-3.891339063644409,-0.0002475808432791382,0.03300371393561363,0.03300371393561363,1.0,3.0,timeout
1026,4.05146598815918,-3.8902993202209473,-0.0002476120425853878,0.03299456462264061,0.03299456462264061,1.0,3.0,timeout
1027,4.051462650299072,-3.8902783393859863,-0.00025250809267163277,0.0006812987267039716,0.0006638964405283332,0.0,-3.0,timeout
1028,4.0512824058532715,-3.8892593383789062,-0.0002469948958605528,0.03233856335282326,0.03233810514211655,1.0,3.0,timeout
1029,4.051278114318848,-3.8892385959625244,-0.0002517258399166167,0.0006782379350624979,0.0006619286141358316,0.0,3.0,timeout
1030,4.051092624664307,-3.8882205486297607,-0.0002463434648234397,0.03233817219734192,0.032337736338377,1.0,3.0,timeout
1031,4.050901412963867,-3.8871819972991943,-0.00024632090935483575,0.033000215888023376,0.033000215888023376,1.0,3.0,timeout
1032,4.050707817077637,-3.886143922805786,-0.00024657935136929154,0.03299914300441742,0.03299913927912712,1.0,-3.0,timeout
1033,4.050516605377197,-3.8851053714752197,-0.0002468203310854733,0.033000219613313675,0.033000215888023376,1.0,3.0,timeout
1034,4.050322532653809,-3.8840672969818115,-0.0002470044419169426,0.03300187736749649,0.03300187736749649,1.0,3.0,timeout
1035,4.050127029418945,-3.8830294609069824,-0.0002471459738444537,0.03300279751420021,0.03300279751420021,1.0,0.0,timeout
1036,4.0501227378845215,-3.8830087184906006,-0.00025215253117494285,0.0006801673443987966,0.0006619286141358316,0.0,3.0,timeout
1037,4.049927711486816,-3.8819925785064697,-0.0002466999867465347,0.03233439475297928,0.03233394771814346,1.0,3.0,timeout
1038,4.049726486206055,-3.880955696105957,-0.00024660694180056453,0.03300711140036583,0.03300711140036583,1.0,3.0,timeout
1039,4.049722671508789,-3.8809351921081543,-0.0002516896347515285,0.0006708200671710074,0.0006517447764053941,0.0,-3.0,timeout
1040,4.049522399902344,-3.8798985481262207,-0.0002462367119733244,0.03299457207322121,0.03299413248896599,1.0,0.0,timeout
1041,4.049322128295898,-3.878861665725708,-0.0002463245182298124,0.03300144523382187,0.03300144523382187,1.0,-3.0,timeout
1042,4.049123764038086,-3.877824306488037,-0.00024660685448907316,0.03300483152270317,0.03300483152270317,1.0,3.0,timeout
1043,4.048923969268799,-3.8767874240875244,-0.00024682286311872303,0.03299862518906593,0.03299862518906593,1.0,-3.0,timeout
1044,4.048920154571533,-3.8767666816711426,-0.00025189825100824237,0.0006778868264518678,0.0006590710836462677,0.0,3.0,timeout
1045,4.048919677734375,-3.8767669200897217,-0.0002513801446184516,2.3231412342283875e-05,1.6660003893775865e-05,0.0,3.0,timeout
1046,4.048720359802246,-3.875751495361328,-0.00024578176089562476,0.03233803063631058,0.03233755752444267,1.0,3.0,timeout
1047,4.048515319824219,-3.8747153282165527,-0.00024585239589214325,0.03300810232758522,0.03300810232758522,1.0,0.0,timeout
1048,4.048309803009033,-3.8736796379089355,-0.00024622000637464225,0.03299638256430626,0.03299638256430626,1.0,3.0,timeout
1049,4.048305511474609,-3.8736588954925537,-0.0002514061634428799,0.0006814802763983607,0.0006619286141358316,0.0,3.0,timeout
1050,4.048099040985107,-3.8726449012756348,-0.00024610242689959705,0.0323379710316658,0.032337550073862076,1.0,3.0,timeout
1051,4.047886371612549,-3.871610641479492,-0.00024612905690446496,0.032996825873851776,0.032996825873851776,1.0,3.0,timeout
1052,4.047671318054199,-3.8705766201019287,-0.0002464311837684363,0.03300461918115616,0.03300461918115616,1.0,0.0,timeout
1053,4.04745626449585,-3.8695425987243652,-0.00024669777485542,0.03300461918115616,0.03300461918115616,1.0,3.0,timeout
1054,4.047238826751709,-3.868509292602539,-0.0002469064493197948,0.03299799934029579,0.03299799934029579,1.0,3.0,timeout
1055,4.047019004821777,-3.867476463317871,-0.00024707321426831186,0.03299884498119354,0.03299884498119354,1.0,3.0,timeout
1056,4.047014236450195,-3.8674559593200684,-0.00025208911392837763,0.0006762651028111577,0.0006578486645594239,0.0,3.0,timeout
1057,4.0467939376831055,-3.8664448261260986,-0.00024664902593940496,0.03233961760997772,0.03233917057514191,1.0,3.0,timeout
1058,4.046789169311523,-3.866424322128296,-0.00025143747916445136,0.0006746530998498201,0.0006578486645594239,0.0,-3.0,timeout
1059,4.046568870544434,-3.865412950515747,-0.00024612355628050864,0.032346874475479126,0.0323464497923851,1.0,3.0,timeout
1060,4.046342372894287,-3.8643815517425537,-0.000246140465606004,0.03299923986196518,0.03299923986196518,1.0,0.0,timeout
1061,4.046115875244141,-3.8633501529693604,-0.0002464513818267733,0.03299923986196518,0.03299923986196518,1.0,3.0,timeout
1062,4.045886516571045,-3.862319231033325,-0.00024670877610333264,0.03300398588180542,0.03300398588180542,1.0,3.0,timeout
1063,4.045656204223633,-3.8612887859344482,-0.0002469040919095278,0.03299592807888985,0.03299592807888985,1.0,-3.0,timeout
1064,4.045427322387695,-3.860257863998413,-0.000247080868575722,0.033000752329826355,0.033000752329826355,1.0,3.0,timeout
1065,4.0454230308532715,-3.8602373600006104,-0.0002520838170312345,0.0006730445311404765,0.0006546343211084604,0.0,-3.0,timeout
1066,4.045198440551758,-3.859226942062378,-0.0002466553414706141,0.032346609979867935,0.03234616667032242,1.0,3.0,timeout
1067,4.045194149017334,-3.859206438064575,-0.0002514431835152209,0.0006715148920193315,0.0006546343211084604,0.0,-3.0,timeout
1068,4.044965744018555,-3.85817551612854,-0.00024602553457953036,0.03299796208739281,0.03299752622842789,1.0,0.0,timeout
1069,4.044738292694092,-3.857144355773926,-0.000246154930209741,0.03299836441874504,0.03299836441874504,1.0,-3.0,timeout
1070,4.044737815856934,-3.8571441173553467,-0.0002514444349799305,0.00016613445768598467,1.6660003893775865e-05,0.0,0.0,timeout
1071,4.0445122718811035,-3.8561127185821533,-0.0002459445968270302,0.03299330547451973,0.032992858439683914,1.0,0.0,timeout
1072,4.044508457183838,-3.8560919761657715,-0.00025096884928643703,0.0006775147630833089,0.0006590710836462677,0.0,-3.0,timeout
1073,4.044290065765381,-3.8550806045532227,-0.000245741248363629,0.032334230840206146,0.032333821058273315,1.0,-3.0,timeout
1074,4.044285774230957,-3.855059862136841,-0.00025073386495932937,0.0006800672854296863,0.0006619286141358316,0.0,3.0,timeout
1075,4.044285774230957,-3.855059862136841,-0.0002504339790903032,9.371433407068253e-06,0.0,0.0,3.0,timeout
1076,4.044064044952393,-3.85404896736145,-0.0002450237807352096,0.03234188258647919,0.03234143927693367,1.0,3.0,timeout
1077,4.0440592765808105,-3.8540284633636475,-0.0002501348499208689,0.0006769606261514127,0.0006578486645594239,0.0,3.0,timeout
1078,4.043833255767822,-3.8530187606811523,-0.00024506961926817894,0.03233446925878525,0.03233408182859421,1.0,3.0,timeout
1079,4.043600559234619,-3.8519885540008545,-0.0002452918270137161,0.033004991710186005,0.033004991710186005,1.0,-3.0,timeout
1080,4.043369770050049,-3.8509581089019775,-0.0002457766095176339,0.0329991839826107,0.032999180257320404,1.0,3.0,timeout
1081,4.043365478515625,-3.8509373664855957,-0.0002510405902285129,0.0006820627022534609,0.0006619286141358316,0.0,-3.0,timeout
1082,4.043365478515625,-3.8509373664855957,-0.0002506940218154341,1.0830261999217328e-05,0.0,0.0,-3.0,timeout
1083,4.043137550354004,-3.8499064445495605,-0.00024514071992598474,0.03299475833773613,0.03299430385231972,1.0,0.0,timeout
1084,4.042908668518066,-3.8488755226135254,-0.0002454439818393439,0.03300075605511665,0.033000752329826355,1.0,3.0,timeout
1085,4.042903900146484,-3.8488550186157227,-0.00025077530881389976,0.0006786175654269755,0.0006578486645594239,0.0,3.0,timeout
1086,4.042675018310547,-3.8478457927703857,-0.0002455970679875463,0.03233960270881653,0.032339200377464294,1.0,3.0,timeout
1087,4.042439937591553,-3.846816301345825,-0.00024571435642428696,0.03299969807267189,0.03299969807267189,1.0,-3.0,timeout
1088,4.042206287384033,-3.8457863330841064,-0.00024611459230072796,0.03300430625677109,0.03300430625677109,1.0,3.0,timeout
1089,4.041971206665039,-3.844756841659546,-0.0002464340068399906,0.03299969807267189,0.03299969807267189,1.0,0.0,timeout
1090,4.041735649108887,-3.8437273502349854,-0.0002466952137183398,0.03300301730632782,0.03300301358103752,1.0,0.0,timeout
1091,4.041500091552734,-3.842698097229004,-0.00024690976715646684,0.03299575299024582,0.03299575299024582,1.0,3.0,timeout
1092,4.041494846343994,-3.842677593231201,-0.0002519583504181355,0.0006799401598982513,0.0006613832665607333,0.0,3.0,timeout
1093,4.041494369506836,-3.8426778316497803,-0.00025142799131572247,2.3499871531384997e-05,1.6660003893775865e-05,0.0,3.0,timeout
1094,4.041493892669678,-3.8426780700683594,-0.00025070435367524624,2.808797034958843e-05,1.6660003893775865e-05,0.0,3.0,timeout
1095,4.041253566741943,-3.8416714668273926,-0.0002452263724990189,0.03234090656042099,0.03234045207500458,1.0,3.0,timeout
1096,4.041248798370361,-3.8416507244110107,-0.0002502849674783647,0.0006836358224973083,0.0006651077419519424,0.0,-3.0,timeout
1097,4.041008472442627,-3.840644121170044,-0.00024520052829757333,0.03234083950519562,0.03234045207500458,1.0,3.0,timeout
1098,4.0407609939575195,-3.8396174907684326,-0.00024540774757042527,0.03300117701292038,0.03300117701292038,1.0,3.0,timeout
1099,4.0405120849609375,-3.8385913372039795,-0.0002458490489516407,0.03299720212817192,0.03299719840288162,1.0,-3.0,timeout
1100,4.04026460647583,-3.837564706802368,-0.00024623636272735894,0.03300117701292038,0.03300117701292038,1.0,3.0,timeout
1101,4.040015697479248,-3.836538314819336,-0.0002465269644744694,0.03300444036722183,0.03300444036722183,1.0,-3.0,timeout
1102,4.039769649505615,-3.8355114459991455,-0.00024676849716342986,0.032997976988554,0.0329979732632637,1.0,-3.0,timeout
1103,4.039525508880615,-3.834484100341797,-0.00024696229957044125,0.03299863263964653,0.03299863263964653,1.0,-3.0,timeout
1104,4.039283275604248,-3.83345627784729,-0.0002471274638082832,0.03299940750002861,0.03299940750002861,1.0,3.0,timeout
1105,4.03903865814209,-3.8324289321899414,-0.0002472497581038624,0.03300207853317261,0.03300207853317261,1.0,3.0,timeout
1106,4.038791656494141,-3.831402063369751,-0.0002473421045579016,0.03300493210554123,0.03300493210554123,1.0,0.0,timeout
1107,4.038544654846191,-3.8303754329681396,-0.00024742676760070026,0.03299769014120102,0.03299769014120102,1.0,3.0,timeout
1108,4.038540363311768,-3.830354928970337,-0.0002523601579014212,0.0006725428975187242,0.0006546343211084604,0.0,-3.0,timeout
1109,4.038539409637451,-3.830355167388916,-0.00025176015333272517,3.598968396545388e-05,3.0719529604539275e-05,0.0,3.0,timeout
1110,4.038538932800293,-3.830355167388916,-0.0002509704791009426,2.8827324058511294e-05,1.4901160284352954e-05,0.0,3.0,timeout
1111,4.038293361663818,-3.8293497562408447,-0.000245427421759814,0.03234317898750305,0.03234271705150604,1.0,-3.0,timeout
1112,4.038044452667236,-3.8283236026763916,-0.00024558522272855043,0.03299719840288162,0.03299719840288162,1.0,3.0,timeout
1113,4.0377936363220215,-3.8272976875305176,-0.0002460011455696076,0.03300406411290169,0.03300406411290169,1.0,3.0,timeout
1114,4.037540912628174,-3.826272487640381,-0.00024633773136883974,0.03299656882882118,0.03299656882882118,1.0,-3.0,timeout
1115,4.037290096282959,-3.825246572494507,-0.0002466277510393411,0.03300406411290169,0.03300406411290169,1.0,3.0,timeout
1116,4.037036895751953,-3.82422137260437,-0.0002468503953423351,0.03300013765692711,0.03300013765692711,1.0,3.0,timeout
1117,4.036781311035156,-3.8231968879699707,-0.00024702816153876483,0.032996393740177155,0.032996393740177155,1.0,3.0,timeout
1118,4.036775588989258,-3.823176622390747,-0.0002520531415939331,0.0006765360594727099,0.0006580596091225743,0.0,3.0,timeout
1119,4.036520004272461,-3.822173595428467,-0.00024661983479745686,0.032346632331609726,0.03234618902206421,1.0,3.0,timeout
1120,4.0365142822265625,-3.822153329849243,-0.0002514262159820646,0.0006749831372871995,0.0006580596091225743,0.0,3.0,timeout
1121,4.0365142822265625,-3.822153329849243,-0.0002509771438781172,1.4033502338861581e-05,0.0,0.0,-3.0,timeout
1122,4.036255836486816,-3.8211512565612793,-0.0002454684872645885,0.03233997896313667,0.03233952075242996,1.0,3.0,timeout
1123,4.0359907150268555,-3.820129156112671,-0.0002456081274431199,0.03299767151474953,0.03299767151474953,1.0,3.0,timeout
1124,4.035722732543945,-3.8191075325012207,-0.0002460195100866258,0.03300581872463226,0.03300581872463226,1.0,3.0,timeout
1125,4.035716533660889,-3.819087266921997,-0.00025124612147919834,0.0006821076385676861,0.000662264006678015,0.0,3.0,timeout
1126,4.0357160568237305,-3.819087505340576,-0.00025085857487283647,2.0596793547156267e-05,1.6660003893775865e-05,0.0,3.0,timeout
1127,4.035446643829346,-3.8180882930755615,-0.00024536464479751885,0.03234093636274338,0.032340481877326965,1.0,3.0,timeout
1128,4.03516960144043,-3.8170692920684814,-0.0002455247158650309,0.03299969807267189,0.03299969807267189,1.0,3.0,timeout
1129,4.035163402557373,-3.817049264907837,-0.0002508359611965716,0.000675840477924794,0.0006551428814418614,0.0,3.0,timeout
1130,4.034887790679932,-3.8160512447357178,-0.0002456319343764335,0.03235594928264618,0.03235553950071335,1.0,-3.0,timeout
1131,4.034608840942383,-3.815032720565796,-0.00024576540454290807,0.03300100937485695,0.03300100937485695,1.0,3.0,timeout
1132,4.034327983856201,-3.8140146732330322,-0.00024614634457975626,0.03300244361162186,0.03300243988633156,1.0,3.0,timeout
1133,4.03404426574707,-3.812997341156006,-0.00024646450765430927,0.03300480172038078,0.033004797995090485,1.0,3.0,timeout
1134,4.033759593963623,-3.8119804859161377,-0.0002467088052071631,0.032998472452163696,0.0329984687268734,1.0,-3.0,timeout
1135,4.033476829528809,-3.8109631538391113,-0.0002469136961735785,0.032996803522109985,0.032996803522109985,1.0,-3.0,timeout
1136,4.033195972442627,-3.8099451065063477,-0.0002470887848176062,0.03300243988633156,0.03300243988633156,1.0,3.0,timeout
1137,4.033191204071045,-3.809924602508545,-0.0002520903944969177,0.0006761617260053754,0.0006578486645594239,0.0,-3.0,timeout
1138,4.03291654586792,-3.808926820755005,-0.00024664876400493085,0.0323408804833889,0.032340433448553085,1.0,-3.0,timeout
1139,4.0329108238220215,-3.8089065551757812,-0.0002514601801522076,0.0006750181782990694,0.0006580596091225743,0.0,3.0,timeout
1140,4.032635688781738,-3.8079090118408203,-0.00024613089044578373,0.03233763948082924,0.032337211072444916,1.0,3.0,timeout
1141,4.032352447509766,-3.806891679763794,-0.00024615091388113797,0.033000800758600235,0.033000800758600235,1.0,3.0,timeout
1142,4.03206729888916,-3.8058745861053467,-0.00024644858785904944,0.033009663224220276,0.03300965949892998,1.0,0.0,timeout
1143,4.031782150268555,-3.8048579692840576,-0.00024671159917488694,0.0329953171312809,0.0329953171312809,1.0,3.0,timeout
1144,4.031775951385498,-3.804837942123413,-0.0002518001710996032,0.0006741653196513653,0.0006551428814418614,0.0,3.0,timeout
1145,4.031491279602051,-3.803842782974243,-0.00024641744676046073,0.03234652429819107,0.03234608471393585,1.0,3.0,timeout
1146,4.031198978424072,-3.802828073501587,-0.00024637574097141623,0.03299909830093384,0.03299909830093384,1.0,0.0,timeout
1147,4.030906677246094,-3.8018133640289307,-0.0002466395089868456,0.03299909830093384,0.03299909830093384,1.0,3.0,timeout
1148,4.030611991882324,-3.8007991313934326,-0.0002468535676598549,0.033005490899086,0.033005490899086,1.0,0.0,timeout
1149,4.030317306518555,-3.7997851371765137,-0.0002470363106112927,0.03299833461642265,0.03299833461642265,1.0,3.0,timeout
1150,4.030020713806152,-3.798771619796753,-0.0002471772313583642,0.03300071880221367,0.03300071880221367,1.0,3.0,timeout
1151,4.0300140380859375,-3.7987515926361084,-0.00025217237998731434,0.0006779188988730311,0.000659702520351857,0.0,3.0,timeout
1152,4.029712677001953,-3.7977397441864014,-0.00024661305360496044,0.03299335017800331,0.0329928919672966,1.0,0.0,timeout
1153,4.0297064781188965,-3.797719717025757,-0.0002515188534744084,0.0006728409789502621,0.0006551428814418614,0.0,3.0,timeout
1154,4.029409408569336,-3.7967281341552734,-0.0002461689291521907,0.032348133623600006,0.032347701489925385,1.0,-3.0,timeout
1155,4.029108047485352,-3.795715808868408,-0.0002461941621731967,0.033007171005010605,0.033007171005010605,1.0,3.0,timeout
1156,4.028804779052734,-3.7947044372558594,-0.00024648901307955384,0.03299568220973015,0.03299568220973015,1.0,3.0,timeout
1157,4.0287981033325195,-3.794684410095215,-0.00025162132806144655,0.0006789187900722027,0.000659702520351857,0.0,3.0,timeout
1158,4.028495788574219,-3.793694496154785,-0.0002462741977069527,0.03234567120671272,0.0323452390730381,1.0,3.0,timeout
1159,4.0281853675842285,-3.7926852703094482,-0.0002462667180225253,0.03299647569656372,0.03299647569656372,1.0,3.0,timeout
1160,4.028178691864014,-3.7926652431488037,-0.00025142982485704124,0.0006791467312723398,0.000659702520351857,0.0,3.0,timeout
1161,4.028177738189697,-3.792665481567383,-0.00025100461789406836,3.347017627675086e-05,3.0719529604539275e-05,0.0,3.0,timeout
1162,4.027866363525391,-3.7916786670684814,-0.00024548129294998944,0.032337140291929245,0.032336682081222534,1.0,3.0,timeout
1163,4.027860164642334,-3.791658639907837,-0.00025049009127542377,0.000673581613227725,0.0006551428814418614,0.0,-3.0,timeout
1164,4.027548789978027,-3.7906715869903564,-0.00024536409182474017,0.032344184815883636,0.0323437862098217,1.0,3.0,timeout
1165,4.027229309082031,-3.7896649837493896,-0.0002455332432873547,0.033002693206071854,0.033002693206071854,1.0,0.0,timeout
1166,4.026910305023193,-3.788658380508423,-0.0002459548122715205,0.03299818933010101,0.032998185604810715,1.0,-3.0,timeout
1167,4.026593208312988,-3.7876510620117188,-0.00024632111308164895,0.033001553267240524,0.033001549541950226,1.0,3.0,timeout
1168,4.02627420425415,-3.786644458770752,-0.00024659480550326407,0.03299818933010101,0.032998185604810715,1.0,-3.0,timeout
1169,4.0259575843811035,-3.7856369018554688,-0.0002468228049110621,0.03300418704748154,0.03300418704748154,1.0,-3.0,timeout
1170,4.025951385498047,-3.785616874694824,-0.0002518987166695297,0.0006740720709785819,0.0006551428814418614,0.0,3.0,timeout
1171,4.025640964508057,-3.7846295833587646,-0.0002464854915160686,0.03234238177537918,0.03234194219112396,1.0,-3.0,timeout
1172,4.025327205657959,-3.783621311187744,-0.0002464363060425967,0.03299883380532265,0.03299883380532265,1.0,-3.0,timeout
1173,4.025014877319336,-3.7826123237609863,-0.00024669201229698956,0.0330069325864315,0.0330069325864315,1.0,3.0,timeout
1174,4.025008678436279,-3.782592296600342,-0.0002517834072932601,0.0006741860997863114,0.0006551428814418614,0.0,3.0,timeout
1175,4.024692058563232,-3.781585216522217,-0.00024630172993056476,0.03299041464924812,0.032989971339702606,1.0,0.0,timeout
1176,4.0243754386901855,-3.7805776596069336,-0.00024637646856717765,0.03300418704748154,0.03300418704748154,1.0,-3.0,timeout
1177,4.0240607261657715,-3.779569625854492,-0.00024664815282449126,0.03300059214234352,0.03300059214234352,1.0,3.0,timeout
1178,4.023743152618408,-3.778562545776367,-0.00024686590768396854,0.03299892321228981,0.03299892321228981,1.0,3.0,timeout
1179,4.023736476898193,-3.7785425186157227,-0.00025192307657562196,0.0006783677963539958,0.000659702520351857,0.0,3.0,timeout
1180,4.023420810699463,-3.777556896209717,-0.0002465155266690999,0.032342251390218735,0.032341811805963516,1.0,3.0,timeout
1181,4.023414611816406,-3.7775368690490723,-0.00025133113376796246,0.0006722043617628515,0.0006551428814418614,0.0,-3.0,timeout
1182,4.023098468780518,-3.7765514850616455,-0.00024603810743428767,0.03233968839049339,0.03233926370739937,1.0,3.0,timeout
1183,4.0230913162231445,-3.776531457901001,-0.0002509609912522137,0.0006821388960815966,0.0006645650137215853,0.0,3.0,timeout
1184,4.023090839385986,-3.77653169631958,-0.0002506155869923532,1.985103517654352e-05,1.6660003893775865e-05,0.0,3.0,timeout
1185,4.022768974304199,-3.775548219680786,-0.00024515760014764965,0.032338134944438934,0.03233768790960312,1.0,-3.0,timeout
1186,4.022442817687988,-3.774543523788452,-0.00024535940610803664,0.03300970420241356,0.03300970420241356,1.0,-3.0,timeout
1187,4.022119045257568,-3.773538589477539,-0.0002458302478771657,0.0329938679933548,0.0329938642680645,1.0,3.0,timeout
1188,4.021792411804199,-3.772534132003784,-0.0002462116826791316,0.03300722315907478,0.033007219433784485,1.0,3.0,timeout
1189,4.021786212921143,-3.7725141048431396,-0.00025138878845609725,0.0006748232408426702,0.0006551428814418614,0.0,-3.0,timeout
1190,4.021466255187988,-3.7715299129486084,-0.00024609887623228133,0.032340873032808304,0.03234045207500458,1.0,3.0,timeout
1191,4.021459102630615,-3.771510124206543,-0.00025101035134866834,0.0006752284825779498,0.0006575532606802881,0.0,3.0,timeout
1192,4.021134853363037,-3.770526885986328,-0.000245758390519768,0.03235428035259247,0.03235385939478874,1.0,-3.0,timeout
1193,4.021129131317139,-3.7705068588256836,-0.0002507366589270532,0.0006692259339615703,0.0006508924998342991,0.0,-3.0,timeout
1194,4.021129131317139,-3.7705066204071045,-0.00025043677305802703,1.1972255379077978e-05,7.450580142176477e-06,0.0,-3.0,timeout
1195,4.020811080932617,-3.769521713256836,-0.00024503638269379735,0.0323437824845314,0.032343342900276184,1.0,3.0,timeout
1196,4.020804405212402,-3.7695019245147705,-0.0002501459966879338,0.000671887828502804,0.0006526385550387204,0.0,3.0,timeout
1197,4.0208048820495605,-3.7695019245147705,-0.0002499526890460402,1.6079073247965425e-05,1.4901160284352954e-05,0.0,-3.0,timeout
1198,4.020803928375244,-3.7695019245147705,-0.0002495335356798023,3.255380579503253e-05,2.980232056870591e-05,0.0,3.0,timeout
1199,4.020481586456299,-3.7685186862945557,-0.00024428992765024304,0.032335661351680756,0.03233524039387703,1.0,3.0,timeout
1200,4.020150661468506,-3.7675156593322754,-0.0002446538128424436,0.03300648555159569,0.03300648555159569,1.0,-3.0,timeout
1201,4.020143985748291,-3.76749587059021,-0.0002501492854207754,0.0006748550804331899,0.0006526385550387204,0.0,3.0,timeout
1202,4.0198187828063965,-3.7665133476257324,-0.0002450959291309118,0.032342370599508286,0.032341986894607544,1.0,3.0,timeout
1203,4.019811630249023,-3.766493320465088,-0.0002502076968085021,0.0006834942614659667,0.0006645650137215853,0.0,3.0,timeout
1204,4.019812107086182,-3.766493320465088,-0.0002500027767382562,1.6218897144426592e-05,1.4901160284352954e-05,0.0,-3.0,timeout
1205,4.019484996795654,-3.7655115127563477,-0.00024467709590680897,0.03233998641371727,0.032339561730623245,1.0,-3.0,timeout
1206,4.019153594970703,-3.7645087242126465,-0.00024498035782016814,0.03300408273935318,0.03300408273935318,1.0,0.0,timeout
1207,4.01882266998291,-3.7635059356689453,-0.00024551289970986545,0.03299941122531891,0.03299940750002861,1.0,-3.0,timeout
1208,4.01849365234375,-3.762502431869507,-0.0002459674433339387,0.03300202265381813,0.03300201892852783,1.0,3.0,timeout
1209,4.018486976623535,-3.7624826431274414,-0.0002512051141820848,0.0006728501175530255,0.0006526385550387204,0.0,3.0,timeout
1210,4.018153190612793,-3.7614808082580566,-0.0002458390954416245,0.032999686896800995,0.03299925848841667,1.0,0.0,timeout
1211,4.017819404602051,-3.760478973388672,-0.0002460165705997497,0.03299925848841667,0.03299925848841667,1.0,3.0,timeout
1212,4.017482757568359,-3.7594780921936035,-0.0002463507989887148,0.03299938514828682,0.03299938514828682,1.0,3.0,timeout
1213,4.017476558685303,-3.759458065032959,-0.0002514993539080024,0.0006746099097654223,0.0006551428814418614,0.0,-3.0,timeout
1214,4.017146587371826,-3.758476972579956,-0.0002461873518768698,0.032347172498703,0.03234674409031868,1.0,3.0,timeout
1215,4.016807556152344,-3.757476806640625,-0.0002461979165673256,0.03300204128026962,0.03300204128026962,1.0,3.0,timeout
1216,4.016467094421387,-3.756477117538452,-0.00024648095131851733,0.03300231695175171,0.03300231322646141,1.0,-3.0,timeout
1217,4.016129493713379,-3.755476713180542,-0.00024673074949532747,0.03299477696418762,0.03299477696418762,1.0,-3.0,timeout
1218,4.016123294830322,-3.7554566860198975,-0.0002518136170692742,0.0006741232937201858,0.0006551428814418614,0.0,-3.0,timeout
1219,4.016122817993164,-3.7554566860198975,-0.0002513232175260782,2.1375213691499084e-05,1.4901160284352954e-05,0.0,3.0,timeout
1220,4.016122817993164,-3.7554569244384766,-0.0002506208256818354,2.3179785785032436e-05,7.450580142176477e-06,0.0,3.0,timeout
1221,4.015791893005371,-3.7544760704040527,-0.00024514776305295527,0.03234964981675148,0.03234919533133507,1.0,-3.0,timeout
1222,4.015786170959473,-3.754455804824829,-0.0002502338320482522,0.0006769816973246634,0.0006580596091225743,0.0,-3.0,timeout
1223,4.0157856941223145,-3.754455804824829,-0.0002500442205928266,1.603603595867753e-05,1.4901160284352954e-05,0.0,3.0,timeout
1224,4.015456676483154,-3.753474712371826,-0.0002447121369186789,0.03233768790960312,0.0323372557759285,1.0,3.0,timeout
1225,4.0154500007629395,-3.7534546852111816,-0.00024988624500110745,0.0006792285130359232,0.000659702520351857,0.0,3.0,timeout
1226,4.015116214752197,-3.7524750232696533,-0.00024487028713338077,0.032343003898859024,0.03234262391924858,1.0,3.0,timeout
1227,4.014773368835449,-3.751476287841797,-0.00024514299002476037,0.0329982191324234,0.0329982191324234,1.0,3.0,timeout
1228,4.014428615570068,-3.7504780292510986,-0.0002456373767927289,0.033003538846969604,0.033003535121679306,1.0,-3.0,timeout
1229,4.0140862464904785,-3.749479055404663,-0.0002460615651216358,0.033000435680150986,0.03300043195486069,1.0,0.0,timeout
1230,4.014080047607422,-3.7494590282440186,-0.00025127464323304594,0.0006750936736352742,0.0006551428814418614,0.0,-3.0,timeout
1231,4.01374626159668,-3.7484793663024902,-0.00024600778124295175,0.03234304487705231,0.03234262391924858,1.0,3.0,timeout
1232,4.013403415679932,-3.747480630874634,-0.0002460540854372084,0.0329982191324234,0.0329982191324234,1.0,3.0,timeout
1233,4.0133957862854,-3.7474608421325684,-0.00025125971296802163,0.0006824390729889274,0.0006627667462453246,0.0,3.0,timeout
1234,4.013054847717285,-3.746483564376831,-0.0002459842071402818,0.03234546631574631,0.03234504535794258,1.0,3.0,timeout
1235,4.012704849243164,-3.7454872131347656,-0.0002460347895976156,0.033001162111759186,0.033001162111759186,1.0,3.0,timeout
1236,4.012697219848633,-3.7454676628112793,-0.0002512444625608623,0.000675725459586829,0.0006558204186148942,0.0,3.0,timeout
1237,4.012349605560303,-3.744492769241333,-0.0002459721581544727,0.03234459459781647,0.03234417364001274,1.0,3.0,timeout
1238,4.0123419761657715,-3.7444732189178467,-0.00025090857525356114,0.0006737190997228026,0.0006558204186148942,0.0,3.0,timeout
1239,4.012341022491455,-3.744473457336426,-0.00025057385209947824,3.24515494867228e-05,3.0719529604539275e-05,0.0,3.0,timeout
1240,4.011987686157227,-3.7435007095336914,-0.0002451235777698457,0.032342080026865005,0.03234163299202919,1.0,-3.0,timeout
1241,4.011629104614258,-3.7425074577331543,-0.0002453432825859636,0.032999906688928604,0.032999906688928604,1.0,3.0,timeout
1242,4.011268138885498,-3.7415149211883545,-0.0002458078961353749,0.0330042764544487,0.0330042727291584,1.0,3.0,timeout
1243,4.010905742645264,-3.740523099899292,-0.0002461831027176231,0.03299858793616295,0.03299858793616295,1.0,-3.0,timeout
1244,4.010544776916504,-3.739530563354492,-0.00024650414707139134,0.0330042764544487,0.0330042727291584,1.0,3.0,timeout
1245,4.010181903839111,-3.738538980484009,-0.0002467516460455954,0.032996706664562225,0.032996706664562225,1.0,3.0,timeout
1246,4.009816646575928,-3.7375481128692627,-0.0002469492901582271,0.03300141170620918,0.03300141170620918,1.0,3.0,timeout
1247,4.009809494018555,-3.7375285625457764,-0.0002519789559300989,0.0006692694150842726,0.0006505512865260243,0.0,-3.0,timeout
1248,4.009808540344238,-3.7375288009643555,-0.000251454534009099,3.481755265966058e-05,3.0719529604539275e-05,0.0,3.0,timeout
1249,4.009808540344238,-3.7375288009643555,-0.00025071570416912436,2.3088430680218153e-05,0.0,0.0,-3.0,timeout
1250,4.009451389312744,-3.7365574836730957,-0.0002452334447298199,0.032341018319129944,0.03234056383371353,1.0,-3.0,timeout
1251,4.00908899307251,-3.735565662384033,-0.00024542989558540285,0.03299858793616295,0.03299858793616295,1.0,3.0,timeout
1252,4.008724689483643,-3.734574556350708,-0.0002458769886288792,0.032998111099004745,0.03299810737371445,1.0,3.0,timeout
1253,4.008717060089111,-3.7345550060272217,-0.0002511322090867907,0.000676069816108793,0.0006558204186148942,0.0,3.0,timeout
1254,4.008347988128662,-3.73356556892395,-0.0002457805967424065,0.0330013670027256,0.033000946044921875,1.0,0.0,timeout
1255,4.007978916168213,-3.7325761318206787,-0.00024596997536718845,0.033000946044921875,0.033000946044921875,1.0,3.0,timeout
1256,4.00797176361084,-3.7325565814971924,-0.00025118576013483107,0.0006706591811962426,0.0006505512865260243,0.0,-3.0,timeout
1257,4.00761079788208,-3.7315866947174072,-0.0002459235256537795,0.03234041854739189,0.032340001314878464,1.0,-3.0,timeout
1258,4.007603645324707,-3.731567144393921,-0.00025088072288781404,0.0006687412387691438,0.0006505512865260243,0.0,3.0,timeout
1259,4.007242679595947,-3.7305967807769775,-0.00024565448984503746,0.03235437721014023,0.0323539637029171,1.0,-3.0,timeout
1260,4.007235527038574,-3.730576992034912,-0.00025066599482670426,0.0006759459502063692,0.0006575532606802881,0.0,3.0,timeout
1261,4.006874084472656,-3.729607105255127,-0.00024549514637328684,0.03234560415148735,0.03234519809484482,1.0,3.0,timeout
1262,4.006503582000732,-3.7286181449890137,-0.0002456325164530426,0.033002641052007675,0.033002641052007675,1.0,-3.0,timeout
1263,4.006134986877441,-3.727628707885742,-0.00024604896316304803,0.032995741814374924,0.032995738089084625,1.0,3.0,timeout
1264,4.005764007568359,-3.726639986038208,-0.00024638662580400705,0.0330008938908577,0.0330008938908577,1.0,3.0,timeout
1265,4.005390644073486,-3.7256522178649902,-0.0002466571459081024,0.03299926221370697,0.03299925848841667,1.0,3.0,timeout
1266,4.005382537841797,-3.725632667541504,-0.0002517566317692399,0.0006803110591135919,0.0006613832665607333,0.0,3.0,timeout
1267,4.005012035369873,-3.7246663570404053,-0.000246382289333269,0.032341212034225464,0.032340776175260544,1.0,3.0,timeout
1268,4.005003929138184,-3.724646806716919,-0.00025123654631897807,0.0006785568548366427,0.0006613832665607333,0.0,3.0,timeout
1269,4.004628658294678,-3.723682403564453,-0.0002459516399540007,0.03233928605914116,0.03233886510133743,1.0,3.0,timeout
1270,4.00424337387085,-3.7226991653442383,-0.00024600813048891723,0.03300096467137337,0.03300096467137337,1.0,3.0,timeout
1271,4.00423526763916,-3.722679853439331,-0.0002512232167646289,0.0006744918064214289,0.0006545070791617036,0.0,3.0,timeout
1272,4.004234313964844,-3.72268009185791,-0.000250839366344735,3.297843795735389e-05,3.0719529604539275e-05,0.0,3.0,timeout
1273,4.003850936889648,-3.7217185497283936,-0.0002453363558743149,0.03234897926449776,0.032348521053791046,1.0,-3.0,timeout
1274,4.003462314605713,-3.7207367420196533,-0.00024551383103244007,0.03299759700894356,0.03299759700894356,1.0,3.0,timeout
1275,4.003070831298828,-3.7197556495666504,-0.0002459443057887256,0.0330098457634449,0.0330098420381546,1.0,3.0,timeout
1276,4.003063201904297,-3.719736337661743,-0.0002511747588869184,0.0006691550952382386,0.0006488852086476982,0.0,-3.0,timeout
1277,4.002676963806152,-3.718768358230591,-0.00024589424720034003,0.03256891295313835,0.03256849944591522,1.0,3.0,timeout
1278,4.002284526824951,-3.7177882194519043,-0.0002459842071402818,0.03299323096871376,0.03299323096871376,1.0,-3.0,timeout
1279,4.002276420593262,-3.717768669128418,-0.0002512150094844401,0.0006812840001657605,0.0006613832665607333,0.0,3.0,timeout
1280,4.0022759437561035,-3.717768907546997,-0.0002508329343982041,2.0496723664109595e-05,1.6660003893775865e-05,0.0,3.0,timeout
1281,4.001888751983643,-3.716808795928955,-0.00024533167015761137,0.03235185518860817,0.03235139697790146,1.0,-3.0,timeout
1282,4.001496315002441,-3.7158286571502686,-0.00024550972739234567,0.03299323096871376,0.03299323096871376,1.0,3.0,timeout
1283,4.001101493835449,-3.7148489952087402,-0.0002459307434037328,0.0330071784555912,0.0330071747303009,1.0,-3.0,timeout
1284,4.000709056854248,-3.7138686180114746,-0.00024630140978842974,0.0330001525580883,0.0330001525580883,1.0,3.0,timeout
1285,4.000700950622559,-3.7138493061065674,-0.00025147234555333853,0.0006741597899235785,0.0006545070791617036,0.0,3.0,timeout
1286,4.0007004737854,-3.7138495445251465,-0.000251038814894855,2.147322811651975e-05,1.6660003893775865e-05,0.0,3.0,timeout
1287,4.000308513641357,-3.7128915786743164,-0.00024550827220082283,0.032345812767744064,0.032345354557037354,1.0,3.0,timeout
1288,3.9999072551727295,-3.7119147777557373,-0.0002456290530972183,0.03300018236041069,0.03300018236041069,1.0,-3.0,timeout
1289,3.9995076656341553,-3.710937261581421,-0.0002460455580148846,0.033001091331243515,0.033001091331243515,1.0,3.0,timeout
1290,3.9991064071655273,-3.709960460662842,-0.0002463737619109452,0.03300018236041069,0.03300018236041069,1.0,-3.0,timeout
1291,3.999098300933838,-3.7099411487579346,-0.0002515395754016936,0.0006741214310750365,0.0006545070791617036,0.0,3.0,timeout
1292,3.998704195022583,-3.708984375,-0.0002468217571731657,0.03233669325709343,0.03233635798096657,1.0,3.0,timeout
1293,3.998300552368164,-3.7080085277557373,-0.00024668200057931244,0.03300102427601814,0.03300102427601814,1.0,-3.0,timeout
1294,3.997899055480957,-3.7070319652557373,-0.0002468769089318812,0.032996125519275665,0.032996125519275665,1.0,-3.0,timeout
1295,3.997891902923584,-3.707012176513672,-0.00025193020701408386,0.0006762496777810156,0.0006575532606802881,0.0,-3.0,timeout
1296,3.9974982738494873,-3.706044912338257,-0.00024648892576806247,0.032634537667036057,0.03263409435749054,1.0,3.0,timeout
1297,3.997098445892334,-3.7050676345825195,-0.0002464796416461468,0.0329970121383667,0.0329970121383667,1.0,3.0,timeout
1298,3.9970901012420654,-3.7050483226776123,-0.0002516017120797187,0.0006766317528672516,0.0006574266008101404,0.0,3.0,timeout
1299,3.9966931343078613,-3.704092502593994,-0.000246257521212101,0.03234342113137245,0.03234298899769783,1.0,3.0,timeout
1300,3.9962868690490723,-3.703117847442627,-0.00024624273646622896,0.03299804776906967,0.03299804776906967,1.0,-3.0,timeout
1301,3.996279239654541,-3.7030982971191406,-0.00025140843354165554,0.0006753957131877542,0.0006558204186148942,0.0,-3.0,timeout
1302,3.996278762817383,-3.7030985355377197,-0.0002509983314666897,2.1018982806708664e-05,1.6660003893775865e-05,0.0,3.0,timeout
1303,3.9962785243988037,-3.7030985355377197,-0.00025036101578734815,2.1264120732666925e-05,7.450580142176477e-06,0.0,3.0,timeout
1304,3.995879650115967,-3.702143430709839,-0.0002449513413012028,0.032345715910196304,0.03234527260065079,1.0,3.0,timeout
1305,3.9954707622528076,-3.701169967651367,-0.0002451931650284678,0.0329953171312809,0.0329953171312809,1.0,3.0,timeout
1306,3.9950594902038574,-3.700197219848633,-0.000245687406277284,0.033003658056259155,0.03300365060567856,1.0,3.0,timeout
1307,3.994645833969116,-3.699225664138794,-0.0002460974792484194,0.0329984612762928,0.0329984612762928,1.0,3.0,timeout
1308,3.994230270385742,-3.6982548236846924,-0.0002464262943249196,0.03300130367279053,0.03300130367279053,1.0,3.0,timeout
1309,3.993812322616577,-3.6972849369049072,-0.00024668933474458754,0.033003322780132294,0.033003322780132294,1.0,3.0,timeout
1310,3.9933924674987793,-3.6963160037994385,-0.0002468997845426202,0.03299960866570473,0.03299960866570473,1.0,3.0,timeout
1311,3.9929704666137695,-3.695348024368286,-0.00024706812109798193,0.032999005168676376,0.032999005168676376,1.0,3.0,timeout
1312,3.9929611682891846,-3.695329189300537,-0.00025208567967638373,0.0006748802843503654,0.0006564125651493669,0.0,3.0,timeout
1313,3.9925429821014404,-3.694382429122925,-0.000246645649895072,0.03234434127807617,0.032343894243240356,1.0,3.0,timeout
1314,3.992114305496216,-3.6934173107147217,-0.0002465643628966063,0.03300119936466217,0.03300119936466217,1.0,3.0,timeout
1315,3.9916834831237793,-3.692453145980835,-0.00024678517365828156,0.03300126641988754,0.03300126641988754,1.0,3.0,timeout
1316,3.991250514984131,-3.6914899349212646,-0.00024697574554011226,0.03300149366259575,0.03300149366259575,1.0,3.0,timeout
1317,3.991240978240967,-3.6914710998535156,-0.0002520117850508541,0.0006782552227377892,0.0006597446044906974,0.0,3.0,timeout
1318,3.990812301635742,-3.6905291080474854,-0.00024658662732690573,0.032342489808797836,0.03234204649925232,1.0,3.0,timeout
1319,3.9903736114501953,-3.6895687580108643,-0.0002465058641973883,0.0329938605427742,0.0329938605427742,1.0,-3.0,timeout
1320,3.989936351776123,-3.6886074542999268,-0.0002467477461323142,0.03300243988633156,0.03300243616104126,1.0,3.0,timeout
1321,3.989935874938965,-3.6886072158813477,-0.0002519188274163753,0.00016245280858129263,1.6660003893775865e-05,0.0,0.0,timeout
1322,3.989496946334839,-3.6876468658447266,-0.0002463242562953383,0.03299742192029953,0.03299695625901222,1.0,0.0,timeout
1323,3.989487886428833,-3.6876280307769775,-0.00025128424749709666,0.0006712883478030562,0.0006531486287713051,0.0,3.0,timeout
1324,3.989487886428833,-3.6876280307769775,-0.00025086774257943034,1.3015777767577674e-05,0.0,0.0,-3.0,timeout
1325,3.9890573024749756,-3.6866869926452637,-0.00024538079742342234,0.03234013170003891,0.0323396772146225,1.0,3.0,timeout
1326,3.9890480041503906,-3.6866681575775146,-0.00025042175548151135,0.0006750505417585373,0.0006564125651493669,0.0,3.0,timeout
1327,3.988612651824951,-3.6857290267944336,-0.00024529892834834754,0.03234826773405075,0.032347872853279114,1.0,3.0,timeout
1328,3.988612413406372,-3.685728073120117,-0.0002504502481315285,0.00016388364019803703,3.0719529604539275e-05,0.0,-3.0,timeout
1329,3.9881768226623535,-3.6847891807556152,-0.00024524485343135893,0.03234465792775154,0.03234424814581871,1.0,3.0,timeout
1330,3.9881672859191895,-3.684770345687866,-0.0002503233263269067,0.0006785641307942569,0.0006597446044906974,0.0,3.0,timeout
1331,3.9881672859191895,-3.684770345687866,-0.00025009477394632995,7.1422614382754546e-06,0.0,0.0,-3.0,timeout
1332,3.987730026245117,-3.6838324069976807,-0.00024475035024806857,0.03233965113759041,0.03233921900391579,1.0,-3.0,timeout
1333,3.9872865676879883,-3.6828739643096924,-0.0002450338506605476,0.03300195187330246,0.03300194814801216,1.0,-3.0,timeout
1334,3.9868452548980713,-3.6819145679473877,-0.00024556476273573935,0.03300092741847038,0.033000919967889786,1.0,0.0,timeout
1335,3.986403465270996,-3.680955171585083,-0.0002460048417560756,0.03300715610384941,0.03300715237855911,1.0,3.0,timeout
1336,3.985959529876709,-3.679997205734253,-0.0002463518758304417,0.03299469128251076,0.03299469128251076,1.0,3.0,timeout
1337,3.985950231552124,-3.679978370666504,-0.00025151242152787745,0.0006759323878213763,0.0006564125651493669,0.0,3.0,timeout
1338,3.985503911972046,-3.679025173187256,-0.00024609555839560926,0.03289151191711426,0.03289107233285904,1.0,-3.0,timeout
1339,3.985057830810547,-3.678068161010742,-0.0002462109550833702,0.03299592435359955,0.03299592435359955,1.0,3.0,timeout
1340,3.984609365463257,-3.677112102508545,-0.0002465057768858969,0.033000487834215164,0.033000487834215164,1.0,3.0,timeout
1341,3.984600782394409,-3.677093029022217,-0.0002516235108487308,0.000672897498589009,0.0006536159780807793,0.0,-3.0,timeout
1342,3.984161853790283,-3.6761558055877686,-0.00024627454695291817,0.03234148025512695,0.03234104812145233,1.0,-3.0,timeout
1343,3.9841597080230713,-3.6761515140533447,-0.0002512366627342999,0.00021570237004198134,0.00014994002413004637,0.0,3.0,timeout
1344,3.984159469604492,-3.676151752471924,-0.00025076422025449574,1.8138160157832317e-05,1.0536711670283694e-05,0.0,3.0,timeout
1345,3.984159231185913,-3.676151752471924,-0.0002501692797522992,2.0029216102557257e-05,7.450580142176477e-06,0.0,3.0,timeout
1346,3.9837167263031006,-3.67521595954895,-0.00024478547857142985,0.032348621636629105,0.032348185777664185,1.0,-3.0,timeout
1347,3.983715295791626,-3.6752126216888428,-0.00025003653718158603,0.00019951426656916738,0.00011348386033205315,0.0,3.0,timeout
1348,3.983715295791626,-3.6752126216888428,-0.00024979878799058497,7.4296617640357e-06,0.0,0.0,3.0,timeout
1349,3.983715057373047,-3.6752126216888428,-0.0002493967767804861,1.4606038348574657e-05,7.450580142176477e-06,0.0,3.0,timeout
1350,3.983268976211548,-3.674278497695923,-0.0002441673423163593,0.03234945982694626,0.03234904631972313,1.0,-3.0,timeout
1351,3.982815742492676,-3.6733245849609375,-0.00024457823019474745,0.033003464341163635,0.033003464341163635,1.0,3.0,timeout
1352,3.9828073978424072,-3.6733055114746094,-0.0002500690461602062,0.0006728409207426012,0.0006505939527414739,0.0,-3.0,timeout
1353,3.982354164123535,-3.6723527908325195,-0.0002449485764373094,0.032970212399959564,0.032969821244478226,1.0,3.0,timeout
1354,3.98234486579895,-3.6723339557647705,-0.0002501794951967895,0.0006764603895135224,0.0006564125651493669,0.0,3.0,timeout
1355,3.982344388961792,-3.6723341941833496,-0.00024999407469294965,1.7638896679272875e-05,1.6660003893775865e-05,0.0,3.0,timeout
1356,3.981893539428711,-3.6714026927948,-0.00024467179900966585,0.03234018012881279,0.03233974799513817,1.0,3.0,timeout
1357,3.9814319610595703,-3.670452833175659,-0.00024496015976183116,0.03300224617123604,0.03300224617123604,1.0,-3.0,timeout
1358,3.9814226627349854,-3.67043399810791,-0.00025039431056939065,0.0006780231487937272,0.0006564125651493669,0.0,3.0,timeout
1359,3.9809694290161133,-3.6695034503936768,-0.00024529165239073336,0.03234587609767914,0.0323454812169075,1.0,3.0,timeout
1360,3.9809694290161133,-3.6695027351379395,-0.00025044704671017826,0.00016264920122921467,2.235173997178208e-05,0.0,-3.0,timeout
1361,3.980968952178955,-3.6695029735565186,-0.00025012550759129226,1.9455590518191457e-05,1.6660003893775865e-05,0.0,3.0,timeout
1362,3.980968475341797,-3.6695032119750977,-0.00024965833290480077,2.2151582015794702e-05,1.6660003893775865e-05,0.0,3.0,timeout
1363,3.980510950088501,-3.668574810028076,-0.00024438888067379594,0.03234469145536423,0.0323442667722702,1.0,3.0,timeout
1364,3.980041980743408,-3.667628526687622,-0.0002447435981594026,0.03300367668271065,0.03300367295742035,1.0,3.0,timeout
1365,3.9800326824188232,-3.667609930038452,-0.0002502001589164138,0.0006717428914271295,0.0006497401627711952,0.0,-3.0,timeout
1366,3.980031967163086,-3.6676101684570312,-0.00025003135669976473,2.414410664641764e-05,2.3560804038424976e-05,0.0,3.0,timeout
1367,3.9795703887939453,-3.6666839122772217,-0.00024470279458910227,0.03234085440635681,0.03234042972326279,1.0,3.0,timeout
1368,3.979560375213623,-3.6666653156280518,-0.0002498796384315938,0.0006795756635256112,0.0006600389606319368,0.0,3.0,timeout
1369,3.979560375213623,-3.6666653156280518,-0.0002497392997611314,4.38558345194906e-06,0.0,0.0,-3.0,timeout
1370,3.979559898376465,-3.666665554046631,-0.0002493629581294954,2.039287210209295e-05,1.6660003893775865e-05,0.0,3.0,timeout
1371,3.9790937900543213,-3.665741443634033,-0.00024415331427007914,0.03234434127807617,0.03234392777085304,1.0,3.0,timeout
1372,3.979093313217163,-3.665741443634033,-0.00024952951935119927,0.0001686659234110266,1.4901160284352954e-05,0.0,0.0,timeout
1373,3.979092597961426,-3.6657416820526123,-0.0002493842621333897,2.3994094590307213e-05,2.3560804038424976e-05,0.0,3.0,timeout
1374,3.9786224365234375,-3.6648197174072266,-0.00024418000248260796,0.03234182670712471,0.03234141692519188,1.0,3.0,timeout
1375,3.9781405925750732,-3.6638801097869873,-0.0002445772406645119,0.032998520880937576,0.03299851715564728,1.0,3.0,timeout
1376,3.977656602859497,-3.6629414558410645,-0.0002451950858812779,0.03300268575549126,0.03300267830491066,1.0,3.0,timeout
1377,3.977646827697754,-3.6629228591918945,-0.0002505757147446275,0.0006777290254831314,0.0006565394578501582,0.0,-3.0,timeout
1378,3.9776461124420166,-3.6629233360290527,-0.00025033243582583964,2.7918496925849468e-05,2.6863448510994203e-05,0.0,3.0,timeout
1379,3.977170705795288,-3.662003755569458,-0.000244931026827544,0.03235044702887535,0.03235000744462013,1.0,-3.0,timeout
1380,3.9766881465911865,-3.661064386367798,-0.000245179224293679,0.0330020971596241,0.0330020971596241,1.0,-3.0,timeout
1381,3.9766786098480225,-3.661045789718628,-0.0002505698357708752,0.0006744814454577863,0.0006531061371788383,0.0,3.0,timeout
1382,3.9762048721313477,-3.660125732421875,-0.00024543190374970436,0.032339733093976974,0.03233933821320534,1.0,3.0,timeout
1383,3.9757192134857178,-3.6591877937316895,-0.0002455928479321301,0.03300676494836807,0.033006761223077774,1.0,3.0,timeout
1384,3.975231409072876,-3.6582512855529785,-0.00024600772303529084,0.03299800306558609,0.03299799934029579,1.0,3.0,timeout
1385,3.9747421741485596,-3.657315492630005,-0.0002463428827468306,0.032998863607645035,0.032998859882354736,1.0,-3.0,timeout
1386,3.9747321605682373,-3.657296895980835,-0.00025151509908027947,0.0006795412627980113,0.0006600389606319368,0.0,3.0,timeout
1387,3.974731683731079,-3.657297134399414,-0.000251073477556929,2.163363569707144e-05,1.6660003893775865e-05,0.0,3.0,timeout
1388,3.9742496013641357,-3.656381368637085,-0.0002455360081512481,0.03234127536416054,0.03234080970287323,1.0,3.0,timeout
1389,3.973755359649658,-3.6554481983184814,-0.00024566170759499073,0.0329991951584816,0.0329991951584816,1.0,3.0,timeout
1390,3.9737448692321777,-3.6554298400878906,-0.00025094556622207165,0.0006810727063566446,0.0006607535178773105,0.0,3.0,timeout
1391,3.9732561111450195,-3.654517650604248,-0.00024573245900683105,0.03234037011861801,0.03233996033668518,1.0,3.0,timeout
1392,3.9727554321289062,-3.653587818145752,-0.00024583371123299,0.03300194814801216,0.03300194814801216,1.0,3.0,timeout
1393,3.972252368927002,-3.6526591777801514,-0.000246200681431219,0.033004578202962875,0.03300457447767258,1.0,3.0,timeout
1394,3.971747398376465,-3.6517317295074463,-0.00024650819250382483,0.033000290393829346,0.03300028666853905,1.0,3.0,timeout
1395,3.971240997314453,-3.6508049964904785,-0.00024674355518072844,0.03300207108259201,0.03300207108259201,1.0,-3.0,timeout
1396,3.970736503601074,-3.6498775482177734,-0.0002469525788910687,0.032993167638778687,0.032993167638778687,1.0,3.0,timeout
1397,3.9707257747650146,-3.6498594284057617,-0.00025199344963766634,0.0006766515434719622,0.0006580596091225743,0.0,3.0,timeout
1398,3.970226764678955,-3.6489527225494385,-0.0002465716970618814,0.03234270587563515,0.03234226256608963,1.0,3.0,timeout
1399,3.9697155952453613,-3.648028612136841,-0.0002465049910824746,0.03300204500555992,0.03300204500555992,1.0,3.0,timeout
1400,3.9692022800445557,-3.6471056938171387,-0.0002467375306878239,0.03300199285149574,0.03300199285149574,1.0,3.0,timeout
1401,3.968687057495117,-3.646183967590332,-0.00024693753221072257,0.03299847990274429,0.03299847990274429,1.0,3.0,timeout
1402,3.968169689178467,-3.645263433456421,-0.0002470982726663351,0.03299877420067787,0.03299877047538757,1.0,3.0,timeout
1403,3.968160629272461,-3.6452484130859375,-0.00025211359024979174,0.0005701277987100184,0.0005481622065417469,0.0,-3.0,timeout
1404,3.9681596755981445,-3.6452488899230957,-0.0002515472879167646,3.772803756874055e-05,3.332000778755173e-05,0.0,3.0,timeout
1405,3.9676413536071777,-3.644329071044922,-0.00024581316392868757,0.03299439698457718,0.03299390897154808,1.0,0.0,timeout
1406,3.967123031616211,-3.643409013748169,-0.0002459705574437976,0.033000398427248,0.033000398427248,1.0,-3.0,timeout
1407,3.966606378555298,-3.6424880027770996,-0.00024632309214212,0.033000823110342026,0.03300081938505173,1.0,3.0,timeout
1408,3.966087818145752,-3.641568183898926,-0.0002466063015162945,0.03299756720662117,0.03299756348133087,1.0,3.0,timeout
1409,3.9660768508911133,-3.641550302505493,-0.00025171617744490504,0.0006746929720975459,0.0006555240834131837,0.0,3.0,timeout
1410,3.965564250946045,-3.640651226043701,-0.0002463496057316661,0.03234225511550903,0.03234181925654411,1.0,3.0,timeout
1411,3.9655532836914062,-3.6406333446502686,-0.00025121078942902386,0.0006728959851898253,0.0006555240834131837,0.0,3.0,timeout
1412,3.965036153793335,-3.6397366523742676,-0.0002459307434037328,0.03234802559018135,0.032347604632377625,1.0,3.0,timeout
1413,3.9645066261291504,-3.6388230323791504,-0.00024599162861704826,0.03299948200583458,0.03299948200583458,1.0,3.0,timeout
1414,3.9644954204559326,-3.6388051509857178,-0.0002512102364562452,0.0006793157663196325,0.0006594500155188143,0.0,3.0,timeout
1415,3.9639623165130615,-3.6378941535949707,-0.0002458379603922367,0.03298532962799072,0.0329849012196064,1.0,-3.0,timeout
1416,3.963430881500244,-3.63698148727417,-0.0002460191899444908,0.03300365433096886,0.03300365060567856,1.0,3.0,timeout
1417,3.9634199142456055,-3.6369636058807373,-0.00025123654631897807,0.0006754957721568644,0.0006555240834131837,0.0,3.0,timeout
1418,3.9628946781158447,-3.6360719203948975,-0.0002459654933772981,0.032340407371520996,0.03233999013900757,1.0,3.0,timeout
1419,3.9623568058013916,-3.6351630687713623,-0.00024602003395557404,0.033002689480781555,0.033002689480781555,1.0,3.0,timeout
1420,3.9623498916625977,-3.6351516246795654,-0.00025125552201643586,0.00044872090802527964,0.000417830771766603,0.0,-3.0,timeout
1421,3.9623489379882812,-3.6351521015167236,-0.0002508426841814071,3.5730427043745294e-05,3.332000778755173e-05,0.0,3.0,timeout
1422,3.961819887161255,-3.6342625617980957,-0.00024535052943974733,0.032343458384275436,0.032343003898859024,1.0,3.0,timeout
1423,3.961277961730957,-3.6333560943603516,-0.0002455136564094573,0.03300340846180916,0.03300340846180916,1.0,3.0,timeout
1424,3.96126651763916,-3.633338451385498,-0.0002508274628780782,0.0006778284441679716,0.000657173281069845,0.0,3.0,timeout
1425,3.960731029510498,-3.6324527263641357,-0.0002456380461808294,0.03234462812542915,0.03234422206878662,1.0,3.0,timeout
1426,3.9601826667785645,-3.6315503120422363,-0.00024575841962359846,0.03299877792596817,0.03299877420067787,1.0,3.0,timeout
1427,3.959632396697998,-3.6306488513946533,-0.0002461405820213258,0.03300432860851288,0.03300432488322258,1.0,3.0,timeout
1428,3.959080219268799,-3.629748821258545,-0.00024646022939123213,0.032997310161590576,0.03299730643630028,1.0,3.0,timeout
1429,3.9585258960723877,-3.628849983215332,-0.00024671663413755596,0.03300071135163307,0.03300070762634277,1.0,3.0,timeout
1430,3.957970380783081,-3.6279518604278564,-0.00024691017461009324,0.03300127014517784,0.03300127014517784,1.0,-3.0,timeout
1431,3.957416296005249,-3.6270527839660645,-0.00024708587443456054,0.03300314024090767,0.03300314024090767,1.0,3.0,timeout
1432,3.956860303878784,-3.626155138015747,-0.0002472171909175813,0.032996442168951035,0.032996438443660736,1.0,3.0,timeout
1433,3.9563024044036865,-3.625258445739746,-0.00024732184829190373,0.03300255537033081,0.03300255537033081,1.0,3.0,timeout
1434,3.9562904834747314,-3.625241279602051,-0.00025228847516700625,0.0006712949252687395,0.0006531061371788383,0.0,3.0,timeout
1435,3.9557394981384277,-3.6243650913238525,-0.00024680778733454645,0.03234519436955452,0.03234473988413811,1.0,3.0,timeout
1436,3.9551758766174316,-3.623471975326538,-0.00024668281548656523,0.03300280123949051,0.03300280123949051,1.0,-3.0,timeout
1437,3.9546144008636475,-3.622577667236328,-0.0002468835446052253,0.03299861028790474,0.03299861028790474,1.0,0.0,timeout
1438,3.9546027183532715,-3.6225600242614746,-0.0002519428380765021,0.0006798954564146698,0.0006612573633901775,0.0,3.0,timeout
1439,3.9540390968322754,-3.6216671466827393,-0.00024642946664243937,0.032996948808431625,0.03299649804830551,1.0,0.0,timeout
1440,3.9534752368927,-3.620774507522583,-0.00024648886756040156,0.03299417719244957,0.03299417719244957,1.0,3.0,timeout
1441,3.952909469604492,-3.619882822036743,-0.00024672868312336504,0.0330008827149868,0.0330008789896965,1.0,3.0,timeout
1442,3.952903985977173,-3.6198744773864746,-0.00025185232516378164,0.00035071783349849284,0.00031203613616526127,0.0,-3.0,timeout
1443,3.952349901199341,-3.6190004348754883,-0.0002464088029228151,0.03234019875526428,0.03233975172042847,1.0,-3.0,timeout
1444,3.9517862796783447,-3.618107318878174,-0.00024638345348648727,0.03300280123949051,0.03300280123949051,1.0,3.0,timeout
1445,3.951220750808716,-3.617215394973755,-0.0002466403238940984,0.03300318121910095,0.03300318121910095,1.0,3.0,timeout
1446,3.9512152671813965,-3.6172068119049072,-0.00025178096257150173,0.00035653141094371676,0.0003182889486197382,0.0,-3.0,timeout
1447,3.950650215148926,-3.6163151264190674,-0.00024626217782497406,0.03298936039209366,0.032988909631967545,1.0,0.0,timeout
1448,3.950084686279297,-3.6154232025146484,-0.0002463535056449473,0.03300318121910095,0.03300318121910095,1.0,3.0,timeout
1449,3.950072765350342,-3.615405797958374,-0.00025150369037874043,0.0006786011508665979,0.0006592395366169512,0.0,3.0,timeout
1450,3.949514389038086,-3.614534378051758,-0.0002461789990775287,0.032343145459890366,0.03234271705150604,1.0,3.0,timeout
1451,3.9489433765411377,-3.6136462688446045,-0.0002461800759192556,0.03299492597579956,0.03299492597579956,1.0,-3.0,timeout
1452,3.948936700820923,-3.6136369705200195,-0.0002514147781766951,0.0003933357947971672,0.00035770543036051095,0.0,3.0,timeout
1453,3.9483656883239746,-3.6127490997314453,-0.00024596392177045345,0.032989099621772766,0.03298866003751755,1.0,0.0,timeout
1454,3.947794198989868,-3.611860752105713,-0.0002461092662997544,0.033009253442287445,0.033009253442287445,1.0,0.0,timeout
1455,3.9472227096557617,-3.6109728813171387,-0.00024643042706884444,0.03299672529101372,0.03299672156572342,1.0,3.0,timeout
1456,3.9466490745544434,-3.61008620262146,-0.0002466919249854982,0.03300178050994873,0.03300177678465843,1.0,3.0,timeout
1457,3.946073532104492,-3.609200954437256,-0.00024690147256478667,0.032996706664562225,0.032996706664562225,1.0,3.0,timeout
1458,3.945495843887329,-3.6083168983459473,-0.0002470692270435393,0.033002112060785294,0.033002112060785294,1.0,3.0,timeout
1459,3.9449167251586914,-3.607433795928955,-0.0002471923071425408,0.03300166130065918,0.03300166130065918,1.0,-3.0,timeout
1460,3.9443392753601074,-3.6065497398376465,-0.0002473113709129393,0.032998036593198776,0.032998036593198776,1.0,3.0,timeout
1461,3.9443271160125732,-3.606532573699951,-0.000252280238782987,0.0006754740606993437,0.000657384458463639,0.0,3.0,timeout
1462,3.9437570571899414,-3.605668783187866,-0.00024680100614205003,0.0323423333466053,0.03234187886118889,1.0,3.0,timeout
1463,3.943173408508301,-3.6047887802124023,-0.00024668837431818247,0.032998744398355484,0.032998740673065186,1.0,3.0,timeout
1464,3.9425878524780273,-3.603909969329834,-0.00024688418488949537,0.03300071507692337,0.03300071507692337,1.0,3.0,timeout
1465,3.942000150680542,-3.6030325889587402,-0.0002470548206474632,0.033000797033309937,0.03300079330801964,1.0,3.0,timeout
1466,3.941410541534424,-3.602156400680542,-0.0002471920452080667,0.03300308808684349,0.03300308808684349,1.0,3.0,timeout
1467,3.94081974029541,-3.60128116607666,-0.00024729038705118,0.0329991951584816,0.0329991951584816,1.0,-3.0,timeout
1468,3.9402308464050293,-3.6004045009613037,-0.00024737854255363345,0.033002983778715134,0.033002980053424835,1.0,-3.0,timeout
1469,3.94022536277771,-3.6003971099853516,-0.00025239671231247485,0.0003275720519013703,0.00028759625274688005,0.0,3.0,timeout
1470,3.9396371841430664,-3.599520444869995,-0.00024673761799931526,0.03299099951982498,0.03299052640795708,1.0,-3.0,timeout
1471,3.939636707305908,-3.599520206451416,-0.0002517139364499599,0.00015639979392290115,1.6660003893775865e-05,0.0,3.0,timeout
1472,3.9390485286712646,-3.5986435413360596,-0.00024614171707071364,0.03299098461866379,0.03299052640795708,1.0,-3.0,timeout
1473,3.938462257385254,-3.5977652072906494,-0.00024624745128676295,0.03300071880221367,0.03300071880221367,1.0,-3.0,timeout
1474,3.9378774166107178,-3.596886157989502,-0.00024654477601870894,0.032994531095027924,0.032994531095027924,1.0,3.0,timeout
1475,3.9372904300689697,-3.59600830078125,-0.00024678310728631914,0.03300074487924576,0.03300074487924576,1.0,3.0,timeout
1476,3.936701774597168,-3.5951313972473145,-0.000246968847932294,0.033005014061927795,0.033005014061927795,1.0,0.0,timeout
1477,3.936689853668213,-3.595114231109619,-0.00025201126118190587,0.0006718464428558946,0.0006531061371788383,0.0,3.0,timeout
1478,3.9366893768310547,-3.5951144695281982,-0.0002514699299354106,2.3742939447402023e-05,1.6660003893775865e-05,0.0,3.0,timeout
1479,3.936108112335205,-3.5942583084106445,-0.00024585306528024375,0.03233902156352997,0.03233854100108147,1.0,3.0,timeout
1480,3.936095952987671,-3.594241142272949,-0.0002507989702280611,0.0006753095076419413,0.000657384458463639,0.0,3.0,timeout
1481,3.9355103969573975,-3.5933876037597656,-0.00024560021120123565,0.03234685957431793,0.0323464460670948,1.0,3.0,timeout
1482,3.934911012649536,-3.5925183296203613,-0.00024572713300585747,0.032996490597724915,0.032996490597724915,1.0,3.0,timeout
1483,3.934309720993042,-3.5916500091552734,-0.0002461097319610417,0.033005859702825546,0.033005859702825546,1.0,0.0,timeout
1484,3.934297800064087,-3.591632843017578,-0.00025131195434369147,0.0006730352761223912,0.0006531061371788383,0.0,-3.0,timeout
1485,3.933711051940918,-3.590780258178711,-0.0002460251562297344,0.03234340623021126,0.03234298154711723,1.0,-3.0,timeout
1486,3.933699607849121,-3.5907628536224365,-0.0002509506593924016,0.0006688860594294965,0.0006509351660497487,0.0,-3.0,timeout
1487,3.933699131011963,-3.5907630920410156,-0.0002506181481294334,1.9634870113804936e-05,1.6660003893775865e-05,0.0,3.0,timeout
1488,3.9331092834472656,-3.589900255203247,-0.0002451138570904732,0.032662421464920044,0.03266196697950363,1.0,-3.0,timeout
1489,3.9331092834472656,-3.589900016784668,-0.00025035327416844666,0.0001639012189116329,7.450580142176477e-06,0.0,0.0,timeout
1490,3.9331090450286865,-3.589900016784668,-0.0002500450937077403,1.2176220479886979e-05,7.450580142176477e-06,0.0,3.0,timeout
1491,3.9325244426727295,-3.5890462398529053,-0.0002447084116283804,0.03233617544174194,0.03233574330806732,1.0,3.0,timeout
1492,3.9319255352020264,-3.5881762504577637,-0.00024499944993294775,0.033006444573402405,0.033006444573402405,1.0,3.0,timeout
1493,3.9313249588012695,-3.5873076915740967,-0.0002455324574839324,0.03299926966428757,0.03299926593899727,1.0,3.0,timeout
1494,3.930722236633301,-3.5864408016204834,-0.0002459735260345042,0.03299461677670479,0.03299461305141449,1.0,3.0,timeout
1495,3.9307188987731934,-3.5864362716674805,-0.00025126998662017286,0.00024148439115379006,0.00017584000306669623,0.0,-3.0,timeout
1496,3.9301161766052246,-3.5855698585510254,-0.000245840463321656,0.03298281505703926,0.03298237919807434,1.0,3.0,timeout
1497,3.929511547088623,-3.5847039222717285,-0.00024600830511189997,0.03300423547625542,0.03300423547625542,1.0,3.0,timeout
1498,3.929508686065674,-3.584700107574463,-0.00025129044661298394,0.00022237702796701342,0.00014901161193847656,0.0,-3.0,timeout
1499,3.9295079708099365,-3.5847008228302,-0.00025083220680244267,3.470249066594988e-05,3.1610132282366976e-05,0.0,3.0,timeout
1500,3.9295077323913574,-3.5847008228302,-0.0002502146817278117,2.0686002244474366e-05,7.450580142176477e-06,0.0,-3.0,timeout
1501,3.928908348083496,-3.5838422775268555,-0.0002447876031510532,0.03272146359086037,0.03272102400660515,1.0,3.0,timeout
1502,3.928907871246338,-3.5838420391082764,-0.00025008455850183964,0.00016636612417642027,1.6660003893775865e-05,0.0,-3.0,timeout
1503,3.928907632827759,-3.5838422775268555,-0.0002498302492313087,1.3197715816204436e-05,1.0536711670283694e-05,0.0,0.0,timeout
1504,3.9283149242401123,-3.582993745803833,-0.00024454263621009886,0.032345447689294815,0.03234502300620079,1.0,3.0,timeout
1505,3.927708864212036,-3.5821287631988525,-0.00024485698668286204,0.03300544247031212,0.03300543874502182,1.0,-3.0,timeout
1506,3.927708387374878,-3.5821287631988525,-0.00025040184846147895,0.00017391647270414978,1.4901160284352954e-05,0.0,0.0,timeout
1507,3.927708625793457,-3.5821287631988525,-0.00025008642114698887,1.2356117622402962e-05,7.450580142176477e-06,0.0,-3.0,timeout
1508,3.9271185398101807,-3.5812785625457764,-0.00024474068777635694,0.032341428101062775,0.032340992242097855,1.0,-3.0,timeout
1509,3.926518201828003,-3.5804097652435303,-0.00024503652821294963,0.03300115838646889,0.03300115838646889,1.0,3.0,timeout
1510,3.9259159564971924,-3.5795421600341797,-0.00024555722484365106,0.03300447389483452,0.03300447016954422,1.0,0.0,timeout
1511,3.9253134727478027,-3.578674793243408,-0.0002459985844325274,0.03300260379910469,0.03300260007381439,1.0,3.0,timeout
1512,3.9253106117248535,-3.5786702632904053,-0.00025129065033979714,0.00023533529019914567,0.00016743096057325602,0.0,-3.0,timeout
1513,3.924708366394043,-3.577802896499634,-0.0002458493399899453,0.032998789101839066,0.03299834951758385,1.0,0.0,timeout
1514,3.9241058826446533,-3.5769355297088623,-0.0002460223331581801,0.03300260007381439,0.03300260007381439,1.0,3.0,timeout
1515,3.92409348487854,-3.576918840408325,-0.0002512387582100928,0.0006698358920402825,0.0006496974383480847,0.0,3.0,timeout
1516,3.92409348487854,-3.576918840408325,-0.0002508411416783929,1.2425515706127044e-05,0.0,0.0,-3.0,timeout
1517,3.9234933853149414,-3.576059579849243,-0.00024529913207516074,0.03275260701775551,0.0327521450817585,1.0,3.0,timeout
1518,3.922886848449707,-3.575195074081421,-0.0002455311478115618,0.033001791685819626,0.033001791685819626,1.0,3.0,timeout
1519,3.9222781658172607,-3.5743322372436523,-0.00024596048751845956,0.03299771994352341,0.03299771621823311,1.0,3.0,timeout
1520,3.921668291091919,-3.573470115661621,-0.00024630501866340637,0.03300096094608307,0.03300095722079277,1.0,-3.0,timeout
1521,3.921663761138916,-3.573464870452881,-0.00025155008188448846,0.0002716115559451282,0.00021658005425706506,0.0,3.0,timeout
1522,3.921663284301758,-3.57346510887146,-0.0002510394260752946,2.3069749659043737e-05,1.6660003893775865e-05,0.0,3.0,timeout
1523,3.9210517406463623,-3.5726046562194824,-0.00024540422600694,0.03298904746770859,0.03298857808113098,1.0,0.0,timeout
1524,3.9204399585723877,-3.5717437267303467,-0.00024564878549426794,0.03300504386425018,0.033005040138959885,1.0,0.0,timeout
1525,3.9204275608062744,-3.5717267990112305,-0.00025094495504163206,0.0006762586999684572,0.000655693409498781,0.0,3.0,timeout
1526,3.919825553894043,-3.570884943008423,-0.00024573210976086557,0.032342784106731415,0.032342370599508286,1.0,3.0,timeout
1527,3.9192094802856445,-3.5700273513793945,-0.00024583321646787226,0.032998137176036835,0.032998137176036835,1.0,3.0,timeout
1528,3.919196605682373,-3.5700109004974365,-0.0002510834310669452,0.0006731105386279523,0.0006528085796162486,0.0,3.0,timeout
1529,3.918588638305664,-3.5691730976104736,-0.00024584276252426207,0.032348886132240295,0.032348472625017166,1.0,3.0,timeout
1530,3.917966365814209,-3.5683200359344482,-0.0002459219831507653,0.03299706056714058,0.03299706056714058,1.0,3.0,timeout
1531,3.917342185974121,-3.5674681663513184,-0.0002462713164277375,0.03300216421484947,0.03300216421484947,1.0,3.0,timeout
1532,3.9167158603668213,-3.566617727279663,-0.0002465647121425718,0.03300583362579346,0.03300583362579346,1.0,3.0,timeout
1533,3.9160878658294678,-3.5657687187194824,-0.0002468001330271363,0.03300083801150322,0.03300083428621292,1.0,3.0,timeout
1534,3.9154582023620605,-3.5649211406707764,-0.0002469884930178523,0.032995983958244324,0.032995983958244324,1.0,3.0,timeout
1535,3.9148271083831787,-3.5640745162963867,-0.0002471275511197746,0.032998763024806976,0.032998763024806976,1.0,-3.0,timeout
1536,3.9141974449157715,-3.5632266998291016,-0.0002472597116138786,0.033001963049173355,0.033001963049173355,1.0,3.0,timeout
1537,3.9135658740997314,-3.562380313873291,-0.00024735621991567314,0.033001698553562164,0.033001698553562164,1.0,3.0,timeout
1538,3.9129326343536377,-3.561535358428955,-0.0002474330540280789,0.03299713134765625,0.03299713134765625,1.0,3.0,timeout
1539,3.912297487258911,-3.5606918334960938,-0.000247494550421834,0.032997190952301025,0.032997190952301025,1.0,3.0,timeout
1540,3.9116601943969727,-3.559849500656128,-0.0002475437941029668,0.03300785273313522,0.03300785273313522,1.0,3.0,timeout
1541,3.9110214710235596,-3.559008836746216,-0.00024758322979323566,0.03299330174922943,0.03299330174922943,1.0,3.0,timeout
1542,3.9110076427459717,-3.558992862701416,-0.00025249755708500743,0.0006778743118047714,0.0006602492649108171,0.0,3.0,timeout
1543,3.9103777408599854,-3.558171510696411,-0.0002469751634635031,0.032346781343221664,0.032346323132514954,1.0,3.0,timeout
1544,3.9103641510009766,-3.5581555366516113,-0.00025171125889755785,0.0006719004013575613,0.0006553970160894096,0.0,3.0,timeout
1545,3.9103634357452393,-3.5581562519073486,-0.00025121576618403196,3.519885285641067e-05,3.1610132282366976e-05,0.0,3.0,timeout
1546,3.910362720489502,-3.558156728744507,-0.00025053424178622663,3.428168929531239e-05,2.6863448510994203e-05,0.0,3.0,timeout
1547,3.910362720489502,-3.558156728744507,-0.00024996441788971424,1.7806996766012162e-05,0.0,0.0,-3.0,timeout
1548,3.9103620052337646,-3.558157205581665,-0.00024952838430181146,3.0121653253445402e-05,2.6863448510994203e-05,0.0,3.0,timeout
1549,3.9103615283966064,-3.5581576824188232,-0.00024917020346038043,2.386159758316353e-05,2.1073423340567388e-05,0.0,3.0,timeout
1550,3.9103610515594482,-3.5581579208374023,-0.0002488832687959075,1.8919765352620743e-05,1.6660003893775865e-05,0.0,3.0,timeout
1551,3.9097118377685547,-3.5573320388793945,-0.0002436851937090978,0.032828666269779205,0.03282826021313667,1.0,-3.0,timeout
1552,3.9090607166290283,-3.5565006732940674,-0.00024426018353551626,0.032999876886606216,0.03299987316131592,1.0,3.0,timeout
1553,3.9084079265594482,-3.5556704998016357,-0.00024493446107953787,0.03300277143716812,0.033002763986587524,1.0,-3.0,timeout
1554,3.907756805419922,-3.5548391342163086,-0.00024550489615648985,0.032999876886606216,0.03299987316131592,1.0,3.0,timeout
1555,3.9071035385131836,-3.554009437561035,-0.00024595236754976213,0.03300027176737785,0.033000268042087555,1.0,3.0,timeout
1556,3.907090187072754,-3.5539932250976562,-0.0002511934144422412,0.0006764549762010574,0.0006563279894180596,0.0,3.0,timeout
1557,3.9064462184906006,-3.553183078765869,-0.00024593115085735917,0.03234126418828964,0.032340843230485916,1.0,3.0,timeout
1558,3.9057869911193848,-3.5523579120635986,-0.00024599270545877516,0.03300509974360466,0.03300509974360466,1.0,3.0,timeout
1559,3.9051260948181152,-3.551534414291382,-0.00024632777785882354,0.03299698978662491,0.03299698606133461,1.0,3.0,timeout
1560,3.904463291168213,-3.5507123470306396,-0.00024660982307977974,0.032999515533447266,0.032999515533447266,1.0,3.0,timeout
1561,3.9037985801696777,-3.549891710281372,-0.00024683616356924176,0.033002205193042755,0.033002205193042755,1.0,3.0,timeout
1562,3.903132200241089,-3.549072504043579,-0.000247017276706174,0.03300036862492561,0.03300036862492561,1.0,3.0,timeout
1563,3.902463912963867,-3.5482547283172607,-0.00024716215557418764,0.033003389835357666,0.03300338611006737,1.0,3.0,timeout
1564,3.902449607849121,-3.548239231109619,-0.00025216094218194485,0.0006773307686671615,0.0006590710836462677,0.0,3.0,timeout
1565,3.902449131011963,-3.5482397079467773,-0.00025158439530059695,2.7725523978006095e-05,2.1073423340567388e-05,0.0,0.0,timeout
1566,3.9017913341522217,-3.547440528869629,-0.00024593816488049924,0.03234662860631943,0.03234614431858063,1.0,-3.0,timeout
1567,3.9011216163635254,-3.546623945236206,-0.0002459948882460594,0.03300287947058678,0.03300287947058678,1.0,3.0,timeout
1568,3.9004504680633545,-3.545808792114258,-0.0002463290875311941,0.03299672529101372,0.03299672529101372,1.0,3.0,timeout
1569,3.8997771739959717,-3.5449953079223633,-0.000246610667090863,0.0329991914331913,0.0329991914331913,1.0,3.0,timeout
1570,3.899102210998535,-3.5441832542419434,-0.00024683671654202044,0.03299807757139206,0.03299807757139206,1.0,3.0,timeout
1571,3.8991012573242188,-3.5441834926605225,-0.0002519902482163161,0.00016395152488257736,3.0719529604539275e-05,0.0,0.0,timeout
1572,3.898437976837158,-3.543389081954956,-0.00024648336693644524,0.03234125301241875,0.032340794801712036,1.0,3.0,timeout
1573,3.898423671722412,-3.5433735847473145,-0.0002513143699616194,0.0006761407712474465,0.0006590710836462677,0.0,3.0,timeout
1574,3.897756576538086,-3.5425822734832764,-0.0002460135438013822,0.03234363719820976,0.03234321251511574,1.0,3.0,timeout
1575,3.897073984146118,-3.541776418685913,-0.0002460580144543201,0.033002935349941254,0.033002931624650955,1.0,3.0,timeout
1576,3.8963894844055176,-3.5409722328186035,-0.00024638016475364566,0.03300175815820694,0.03300175443291664,1.0,3.0,timeout
1577,3.8957035541534424,-3.5401694774627686,-0.00024665184901095927,0.03299675136804581,0.03299675136804581,1.0,3.0,timeout
1578,3.895688772201538,-3.540154218673706,-0.00025175284827128053,0.0006827656179666519,0.0006638964405283332,0.0,3.0,timeout
1579,3.895012855529785,-3.539370536804199,-0.00024637949536554515,0.03234110027551651,0.03234066069126129,1.0,3.0,timeout
1580,3.895012378692627,-3.539370536804199,-0.0002513183862902224,0.0001550579909235239,1.4901160284352954e-05,0.0,-3.0,timeout
1581,3.894336700439453,-3.538586378097534,-0.0002459235256537795,0.03234752267599106,0.03234708309173584,1.0,-3.0,timeout
1582,3.893649101257324,-3.537785053253174,-0.0002459928800817579,0.03299671784043312,0.03299671411514282,1.0,3.0,timeout
1583,3.8929603099823,-3.53698468208313,-0.00024631735868752003,0.03299839422106743,0.03299839049577713,1.0,-3.0,timeout
1584,3.8929595947265625,-3.53698468208313,-0.0002515888772904873,0.0001662444119574502,2.235173997178208e-05,0.0,3.0,timeout
1585,3.8922841548919678,-3.536200523376465,-0.00024615746224299073,0.03234266862273216,0.03234222158789635,1.0,3.0,timeout
1586,3.8915927410125732,-3.535402297973633,-0.00024616936570964754,0.03300119563937187,0.03300119563937187,1.0,3.0,timeout
1587,3.890899896621704,-3.5346052646636963,-0.0002464631979819387,0.03300235792994499,0.03300235792994499,1.0,0.0,timeout
1588,3.890207529067993,-3.5338079929351807,-0.0002467125013936311,0.032998207956552505,0.032998207956552505,1.0,-3.0,timeout
1589,3.8895163536071777,-3.5330095291137695,-0.0002469276951160282,0.03300195187330246,0.03300195187330246,1.0,3.0,timeout
1590,3.8895163536071777,-3.5330090522766113,-0.00025205756537616253,0.0001609994942555204,1.4901160284352954e-05,0.0,-3.0,timeout
1591,3.8888394832611084,-3.532226085662842,-0.00024653031141497195,0.032343681901693344,0.03234322369098663,1.0,-3.0,timeout
1592,3.888150930404663,-3.5314254760742188,-0.00024646829115226865,0.032999180257320404,0.032999180257320404,1.0,-3.0,timeout
1593,3.8881378173828125,-3.53140926361084,-0.00025158963399007916,0.0006709829904139042,0.0006516170687973499,0.0,-3.0,timeout
1594,3.8874664306640625,-3.530621290206909,-0.0002462474803905934,0.032350778579711914,0.03235034644603729,1.0,-3.0,timeout
1595,3.8874664306640625,-3.53062105178833,-0.0002512347709853202,0.00015603081556037068,7.450580142176477e-06,0.0,3.0,timeout
1596,3.8867948055267334,-3.5298333168029785,-0.00024585885694250464,0.03234994783997536,0.03234950825572014,1.0,3.0,timeout
1597,3.8861076831817627,-3.52903151512146,-0.00024592940462753177,0.032998327165842056,0.03299832344055176,1.0,3.0,timeout
1598,3.8861076831817627,-3.5290310382843018,-0.00025124422973021865,0.00016675538790877908,1.4901160284352954e-05,0.0,-3.0,timeout
1599,3.885420560836792,-3.528229236602783,-0.00024578857119195163,0.032998766750097275,0.03299832344055176,1.0,0.0,timeout
1600,3.8847336769104004,-3.5274274349212646,-0.00024596729781478643,0.03299348056316376,0.03299348056316376,1.0,0.0,timeout
1601,3.8847196102142334,-3.527411699295044,-0.0002512001956347376,0.0006795456283725798,0.0006595762679353356,0.0,3.0,timeout
1602,3.8840441703796387,-3.526627540588379,-0.00024593615671619773,0.03234264254570007,0.03234222158789635,1.0,3.0,timeout
1603,3.8833529949188232,-3.525829315185547,-0.00024599640164524317,0.032996319234371185,0.03299631550908089,1.0,3.0,timeout
1604,3.882659912109375,-3.5250325202941895,-0.0002463305718265474,0.033001624047756195,0.033001624047756195,1.0,3.0,timeout
1605,3.8819656372070312,-3.5242369174957275,-0.00024660094641149044,0.03299801051616669,0.03299800679087639,1.0,-3.0,timeout
1606,3.881272554397583,-3.523439884185791,-0.000246838346356526,0.033007245510816574,0.033007245510816574,1.0,3.0,timeout
1607,3.880577802658081,-3.5226447582244873,-0.0002470190229360014,0.032996587455272675,0.032996583729982376,1.0,3.0,timeout
1608,3.8798813819885254,-3.521850824356079,-0.0002471632033120841,0.033002909272909164,0.033002909272909164,1.0,3.0,timeout
1609,3.8798668384552,-3.5218358039855957,-0.0002521614951547235,0.0006717723445035517,0.0006533610867336392,0.0,3.0,timeout
1610,3.879180431365967,-3.5210609436035156,-0.00024670615675859153,0.03234930336475372,0.03234885632991791,1.0,3.0,timeout
1611,3.8791799545288086,-3.5210609436035156,-0.00025157968048006296,0.0001530248555354774,1.4901160284352954e-05,0.0,-3.0,timeout
1612,3.8784799575805664,-3.520271062850952,-0.00024604948703199625,0.03298226743936539,0.032981812953948975,1.0,3.0,timeout
1613,3.8777785301208496,-3.519481658935547,-0.0002461634867358953,0.033000338822603226,0.033000338822603226,1.0,-3.0,timeout
1614,3.8770782947540283,-3.518691062927246,-0.0002464777498971671,0.03300348296761513,0.03300348296761513,1.0,3.0,timeout
1615,3.8763763904571533,-3.517902135848999,-0.0002467301092110574,0.032999102026224136,0.032999102026224136,1.0,3.0,timeout
1616,3.876375913619995,-3.51790189743042,-0.00025189900770783424,0.00016238495300058275,1.6660003893775865e-05,0.0,-3.0,timeout
1617,3.876375913619995,-3.517902135848999,-0.0002512883802410215,2.0485067580011673e-05,7.450580142176477e-06,0.0,-3.0,timeout
1618,3.876375675201416,-3.517902374267578,-0.00025059335166588426,2.4140528694260865e-05,1.0536711670283694e-05,0.0,0.0,timeout
1619,3.8756892681121826,-3.517127513885498,-0.0002451429609209299,0.03234930336475372,0.03234885632991791,1.0,3.0,timeout
1620,3.8749871253967285,-3.51633882522583,-0.0002453473280183971,0.03299849107861519,0.03299849107861519,1.0,3.0,timeout
1621,3.8742833137512207,-3.5155515670776367,-0.00024581089382991195,0.032999858260154724,0.032999854534864426,1.0,3.0,timeout
1622,3.87357759475708,-3.514765977859497,-0.00024619640316814184,0.033000797033309937,0.03300079330801964,1.0,3.0,timeout
1623,3.873562812805176,-3.5147511959075928,-0.00025138873024843633,0.000673125556204468,0.0006532761617563665,0.0,3.0,timeout
1624,3.8735620975494385,-3.514751672744751,-0.0002509724290575832,2.9847775294911116e-05,2.6863448510994203e-05,0.0,3.0,timeout
1625,3.873561382293701,-3.5147523880004883,-0.0002503403229638934,3.727457806235179e-05,3.1610132282366976e-05,0.0,3.0,timeout
1626,3.8728508949279785,-3.5139737129211426,-0.0002448352752253413,0.032941076904535294,0.03294062986969948,1.0,-3.0,timeout
1627,3.872140407562256,-3.5131924152374268,-0.00024519560975022614,0.03300122171640396,0.03300121799111366,1.0,3.0,timeout
1628,3.8714282512664795,-3.5124125480651855,-0.00024569351808167994,0.0330033041536808,0.0330033004283905,1.0,3.0,timeout
1629,3.8714277744293213,-3.5124127864837646,-0.00025107580586336553,0.00016901956405490637,1.6660003893775865e-05,0.0,0.0,timeout
1630,3.871427297592163,-3.512413263320923,-0.00025063639623112977,2.515242886147462e-05,2.1073423340567388e-05,0.0,3.0,timeout
1631,3.8707258701324463,-3.5116519927978516,-0.0002451825712341815,0.03234885260462761,0.032348401844501495,1.0,3.0,timeout
1632,3.8700082302093506,-3.5108773708343506,-0.0002453790802974254,0.032998669892549515,0.032998669892549515,1.0,3.0,timeout
1633,3.8700079917907715,-3.5108771324157715,-0.0002508036559447646,0.00016984512330964208,1.0536711670283694e-05,0.0,-3.0,timeout
1634,3.86930513381958,-3.510117292404175,-0.0002455257927067578,0.03234630078077316,0.03234587982296944,1.0,-3.0,timeout
1635,3.8685901165008545,-3.509340286254883,-0.0002456646761856973,0.03299781307578087,0.03299781307578087,1.0,-3.0,timeout
1636,3.8678765296936035,-3.508561849594116,-0.00024607498198747635,0.03300049901008606,0.03300049528479576,1.0,3.0,timeout
1637,3.8678619861602783,-3.5085465908050537,-0.0002512908249627799,0.0006786000449210405,0.0006587341194972396,0.0,3.0,timeout
1638,3.867145538330078,-3.5077714920043945,-0.0002459030074533075,0.03298473358154297,0.032984305173158646,1.0,-3.0,timeout
1639,3.867145299911499,-3.5077712535858154,-0.00025104996166191995,0.00016118706844281405,1.0536711670283694e-05,0.0,3.0,timeout
1640,3.8664283752441406,-3.506995916366577,-0.00024561374448239803,0.03300033137202263,0.03299988806247711,1.0,0.0,timeout
1641,3.8657114505767822,-3.506220817565918,-0.00024583167396485806,0.03299442306160927,0.03299442306160927,1.0,3.0,timeout
1642,3.864992380142212,-3.5054473876953125,-0.0002462026313878596,0.03300177678465843,0.033001773059368134,1.0,3.0,timeout
1643,3.8649775981903076,-3.505432605743408,-0.0002513928047847003,0.0006731093744747341,0.0006532761617563665,0.0,3.0,timeout
1644,3.864255428314209,-3.504662275314331,-0.0002459889801684767,0.032997507601976395,0.03299707546830177,1.0,0.0,timeout
1645,3.864241361618042,-3.5046467781066895,-0.00025100851780734956,0.0006725876010023057,0.0006540404865518212,0.0,-3.0,timeout
1646,3.863520860671997,-3.503875255584717,-0.0002456879010424018,0.03298905864357948,0.032988641411066055,1.0,3.0,timeout
1647,3.863520383834839,-3.503875255584717,-0.00025086317327804863,0.00016241228149738163,1.4901160284352954e-05,0.0,0.0,timeout
1648,3.8628122806549072,-3.5031204223632812,-0.00024557081633247435,0.032343540340662,0.032343119382858276,1.0,3.0,timeout
1649,3.8620879650115967,-3.502351999282837,-0.00024570024106651545,0.03299957141280174,0.032999567687511444,1.0,3.0,timeout
1650,3.8613619804382324,-3.5015852451324463,-0.00024609366664662957,0.03299747779965401,0.03299747407436371,1.0,3.0,timeout
1651,3.8606340885162354,-3.5008199214935303,-0.00024642253993079066,0.033006079494953156,0.033006079494953156,1.0,3.0,timeout
1652,3.859905242919922,-3.500056028366089,-0.0002466750447638333,0.03299426659941673,0.03299426659941673,1.0,-3.0,timeout
1653,3.8599045276641846,-3.500056266784668,-0.0002518758992664516,0.0001642255811020732,2.3560804038424976e-05,0.0,3.0,timeout
1654,3.8591761589050293,-3.4992921352386475,-0.0002462807751726359,0.03298983722925186,0.032989371567964554,1.0,-3.0,timeout
1655,3.8584487438201904,-3.4985265731811523,-0.00024636948364786804,0.033001210540533066,0.033001210540533066,1.0,3.0,timeout
1656,3.857720375061035,-3.4977622032165527,-0.00024662274518050253,0.03299476578831673,0.03299476578831673,1.0,-3.0,timeout
1657,3.857719898223877,-3.4977622032165527,-0.0002518332621548325,0.00016350905934814364,1.4901160284352954e-05,0.0,3.0,timeout
1658,3.8570053577423096,-3.4970133304595947,-0.0002463526325300336,0.03234652057290077,0.03234606608748436,1.0,3.0,timeout
1659,3.8569905757904053,-3.4969985485076904,-0.0002512088103685528,0.0006706709391437471,0.0006532761617563665,0.0,3.0,timeout
1660,3.8562724590301514,-3.496253252029419,-0.00024592861882410944,0.03234316408634186,0.03234274312853813,1.0,3.0,timeout
1661,3.8555378913879395,-3.4954946041107178,-0.0002459897077642381,0.033000003546476364,0.033000003546476364,1.0,3.0,timeout
1662,3.8548014163970947,-3.4947376251220703,-0.0002463252458255738,0.03300409018993378,0.03300409018993378,1.0,3.0,timeout
1663,3.8540635108947754,-3.4939820766448975,-0.0002466020523570478,0.03300328552722931,0.03300328552722931,1.0,0.0,timeout
1664,3.853325605392456,-3.4932265281677246,-0.0002468352613504976,0.03300328552722931,0.03300328552722931,1.0,3.0,timeout
1665,3.8533103466033936,-3.4932122230529785,-0.0002518995606806129,0.0006725026178173721,0.0006536159780807793,0.0,3.0,timeout
1666,3.852583646774292,-3.4924752712249756,-0.00024649660917930305,0.03234367072582245,0.03234322741627693,1.0,3.0,timeout
1667,3.8518404960632324,-3.491725206375122,-0.00024644500808790326,0.03299606591463089,0.03299606591463089,1.0,3.0,timeout
1668,3.851095676422119,-3.490976333618164,-0.0002466838632244617,0.033006373792886734,0.033006370067596436,1.0,0.0,timeout
1669,3.850350856781006,-3.490227699279785,-0.00024690001737326384,0.033001091331243515,0.033001091331243515,1.0,3.0,timeout
1670,3.8503353595733643,-3.490213632583618,-0.000251951307291165,0.0006728197913616896,0.0006540404865518212,0.0,3.0,timeout
1671,3.849602222442627,-3.489483118057251,-0.0002465380821377039,0.032342929393053055,0.032342489808797836,1.0,3.0,timeout
1672,3.8488521575927734,-3.4887397289276123,-0.00024647818645462394,0.033001311123371124,0.033001311123371124,1.0,3.0,timeout
1673,3.8481006622314453,-3.487997531890869,-0.0002467104059178382,0.03300688788294792,0.03300688788294792,1.0,0.0,timeout
1674,3.847349166870117,-3.487255811691284,-0.0002469212922733277,0.032996419817209244,0.032996419817209244,1.0,3.0,timeout
1675,3.8473334312438965,-3.487241744995117,-0.0002519683039281517,0.000678171229083091,0.0006595762679353356,0.0,3.0,timeout
1676,3.8465936183929443,-3.486518144607544,-0.0002465517318341881,0.03233959525823593,0.032339151948690414,1.0,3.0,timeout
1677,3.845837354660034,-3.485780954360962,-0.00024647798272781074,0.03300367295742035,0.03300367295742035,1.0,-3.0,timeout
1678,3.8450825214385986,-3.4850425720214844,-0.00024672539439052343,0.03299771249294281,0.03299771249294281,1.0,3.0,timeout
1679,3.845067024230957,-3.4850285053253174,-0.00025181102682836354,0.0006730722961947322,0.0006540404865518212,0.0,3.0,timeout
1680,3.8443095684051514,-3.484293222427368,-0.0002463191922288388,0.0329892598092556,0.032988812774419785,1.0,-3.0,timeout
1681,3.8435535430908203,-3.483555793762207,-0.0002463936398271471,0.033003538846969604,0.033003538846969604,1.0,-3.0,timeout
1682,3.843553066253662,-3.483555793762207,-0.00025164021644741297,0.0001646312593948096,1.4901160284352954e-05,0.0,3.0,timeout
1683,3.8428118228912354,-3.4828333854675293,-0.0002461977710481733,0.03234556317329407,0.032345112413167953,1.0,3.0,timeout
1684,3.8420536518096924,-3.482098340988159,-0.0002462013508193195,0.0329996719956398,0.0329996682703495,1.0,3.0,timeout
1685,3.8412938117980957,-3.481365203857422,-0.00024649410624988377,0.03299571946263313,0.03299571946263313,1.0,3.0,timeout
1686,3.840532064437866,-3.480633497238159,-0.00024674259475432336,0.033007655292749405,0.033007655292749405,1.0,3.0,timeout
1687,3.839768886566162,-3.4799036979675293,-0.0002469421597197652,0.03299868851900101,0.03299868851900101,1.0,3.0,timeout
1688,3.8390040397644043,-3.4791758060455322,-0.00024710188154131174,0.03299528360366821,0.032995279878377914,1.0,3.0,timeout
1689,3.838238000869751,-3.4784488677978516,-0.0002472183550707996,0.03300175443291664,0.03300175443291664,1.0,-3.0,timeout
1690,3.8382227420806885,-3.4784343242645264,-0.0002522029390092939,0.00067690055584535,0.0006587341194972396,0.0,-3.0,timeout
1691,3.837475538253784,-3.4777183532714844,-0.0002467381418682635,0.03233971819281578,0.03233926370739937,1.0,-3.0,timeout
1692,3.836714744567871,-3.4769861698150635,-0.0002466490550432354,0.03299650177359581,0.03299650177359581,1.0,3.0,timeout
1693,3.8366990089416504,-3.4769721031188965,-0.0002517359098419547,0.000678461801726371,0.0006595762679353356,0.0,3.0,timeout
1694,3.8359498977661133,-3.476257801055908,-0.0002463645359966904,0.03234675154089928,0.03234631568193436,1.0,3.0,timeout
1695,3.83518385887146,-3.4755311012268066,-0.0002463390410412103,0.03299662843346596,0.03299662470817566,1.0,3.0,timeout
1696,3.834415912628174,-3.474806308746338,-0.0002466046717017889,0.032998956739902496,0.0329989530146122,1.0,3.0,timeout
1697,3.833646297454834,-3.4740829467773438,-0.0002468311577104032,0.03300626948475838,0.03300626948475838,1.0,3.0,timeout
1698,3.8328754901885986,-3.4733612537384033,-0.00024700735229998827,0.03299775719642639,0.03299775719642639,1.0,0.0,timeout
1699,3.8321046829223633,-3.472639322280884,-0.00024715374456718564,0.03300285339355469,0.03300284966826439,1.0,0.0,timeout
1700,3.831334114074707,-3.471917152404785,-0.0002472656487952918,0.03300251066684723,0.03300251066684723,1.0,-3.0,timeout
1701,3.830580472946167,-3.471208095550537,-0.00024334786576218903,0.032336607575416565,0.03233637288212776,1.0,3.0,timeout
1702,3.830580472946167,-3.471207618713379,-0.0002488819300197065,0.00017358027980662882,1.4901160284352954e-05,0.0,-3.0,timeout
1703,3.8298113346099854,-3.470484733581543,-0.00024388886231463403,0.03298557922244072,0.03298521041870117,1.0,3.0,timeout
1704,3.829040288925171,-3.4697630405426025,-0.0002444468264002353,0.03300320357084274,0.033003196120262146,1.0,3.0,timeout
1705,3.8282675743103027,-3.469043254852295,-0.00024509537615813315,0.033000648021698,0.0330006405711174,1.0,3.0,timeout
1706,3.82749342918396,-3.468325138092041,-0.0002456243964843452,0.03299787640571594,0.032997868955135345,1.0,3.0,timeout
1707,3.8267173767089844,-3.46760892868042,-0.00024604806094430387,0.033001143485307693,0.033001139760017395,1.0,3.0,timeout
1708,3.825939893722534,-3.4668943881988525,-0.00024638697504997253,0.032998695969581604,0.032998695969581604,1.0,3.0,timeout
1709,3.825939178466797,-3.4668946266174316,-0.0002516308450140059,0.00016555600450374186,2.3560804038424976e-05,0.0,0.0,timeout
1710,3.8251757621765137,-3.466195821762085,-0.00024619599571451545,0.03234280273318291,0.03234235569834709,1.0,3.0,timeout
1711,3.824394941329956,-3.465484857559204,-0.0002462010597810149,0.03300022333860397,0.03300022333860397,1.0,3.0,timeout
1712,3.824394464492798,-3.465484857559204,-0.0002514611987862736,0.0001650533522479236,1.4901160284352954e-05,0.0,-3.0,timeout
1713,3.8236141204833984,-3.4647741317749023,-0.00024596802541054785,0.03298463672399521,0.03298419341444969,1.0,3.0,timeout
1714,3.822831869125366,-3.464064598083496,-0.0002461107214912772,0.033003244549036026,0.03300324082374573,1.0,3.0,timeout
1715,3.8220486640930176,-3.4633562564849854,-0.00024641488562338054,0.03300032764673233,0.03300032392144203,1.0,-3.0,timeout
1716,3.822047710418701,-3.4633567333221436,-0.000251667108386755,0.00016747991321608424,3.332000778755173e-05,0.0,3.0,timeout
1717,3.82126522064209,-3.462648391723633,-0.00024611418484710157,0.03298420459032059,0.032983746379613876,1.0,-3.0,timeout
1718,3.820483446121216,-3.4619383811950684,-0.00024623607168905437,0.03300222381949425,0.03300222009420395,1.0,3.0,timeout
1719,3.819700241088867,-3.4612298011779785,-0.00024652108550071716,0.03300531953573227,0.03300531953573227,1.0,0.0,timeout
1720,3.8189170360565186,-3.460521697998047,-0.0002467697486281395,0.032995328307151794,0.032995324581861496,1.0,3.0,timeout
1721,3.8181324005126953,-3.4598147869110107,-0.00024695327738299966,0.0330035537481308,0.0330035537481308,1.0,-3.0,timeout
1722,3.8173491954803467,-3.459106683731079,-0.0002471200714353472,0.032995328307151794,0.032995324581861496,1.0,3.0,timeout
1723,3.8165643215179443,-3.458400011062622,-0.00024724414106458426,0.03300410136580467,0.03300410136580467,1.0,3.0,timeout
1724,3.8157777786254883,-3.457695484161377,-0.0002473431231919676,0.03299810364842415,0.03299810364842415,1.0,3.0,timeout
1725,3.814990282058716,-3.4569921493530273,-0.00024741142988204956,0.03299548104405403,0.03299548104405403,1.0,-3.0,timeout
1726,3.8142037391662598,-3.456287384033203,-0.0002474865468684584,0.033003076910972595,0.0330030731856823,1.0,3.0,timeout
1727,3.814187526702881,-3.4562737941741943,-0.000252420169999823,0.0006788294413127005,0.0006610894342884421,0.0,3.0,timeout
1728,3.813398838043213,-3.4555723667144775,-0.0002468067978043109,0.03298410028219223,0.03298363462090492,1.0,-3.0,timeout
1729,3.8133983612060547,-3.4555726051330566,-0.0002517719694878906,0.00015605345834046602,1.6660003893775865e-05,0.0,3.0,timeout
1730,3.8133981227874756,-3.4555723667144775,-0.0002511726343072951,2.148967541870661e-05,1.0536711670283694e-05,0.0,0.0,timeout
1731,3.812624454498291,-3.4548850059509277,-0.0002456161892041564,0.032341234385967255,0.03234076499938965,1.0,3.0,timeout
1732,3.811833143234253,-3.454185724258423,-0.00024572593974880874,0.03300048038363457,0.03300048038363457,1.0,3.0,timeout
1733,3.8110404014587402,-3.4534881114959717,-0.00024611351545900106,0.032999515533447266,0.03299951180815697,1.0,3.0,timeout
1734,3.810245990753174,-3.4527924060821533,-0.00024643828510306776,0.03299938514828682,0.03299938514828682,1.0,3.0,timeout
1735,3.8094499111175537,-3.4520983695983887,-0.00024669888080097735,0.03300434350967407,0.033004339784383774,1.0,3.0,timeout
1736,3.808652877807617,-3.4514057636260986,-0.0002468960592523217,0.03299747034907341,0.03299747034907341,1.0,-3.0,timeout
1737,3.8078577518463135,-3.4507110118865967,-0.00024706331896595657,0.032996587455272675,0.032996583729982376,1.0,-3.0,timeout
1738,3.8078420162200928,-3.450697183609009,-0.00025207974249497056,0.0006731424364261329,0.0006546343211084604,0.0,-3.0,timeout
1739,3.807065963745117,-3.450012445449829,-0.000246639916440472,0.03234266862273216,0.03234221786260605,1.0,-3.0,timeout
1740,3.8062751293182373,-3.449312448501587,-0.0002465703582856804,0.03300412371754646,0.03300412371754646,1.0,3.0,timeout
1741,3.806274890899658,-3.449312210083008,-0.00025176306371577084,0.0001626137673156336,1.0536711670283694e-05,0.0,0.0,timeout
1742,3.806274652481079,-3.449312448501587,-0.00025118503253906965,2.09119916689815e-05,1.0536711670283694e-05,0.0,3.0,timeout
1743,3.80549693107605,-3.448629856109619,-0.00024562125327065587,0.03233754262328148,0.03233707696199417,1.0,3.0,timeout
1744,3.804701805114746,-3.447934865951538,-0.0002457193040754646,0.03300148621201515,0.03300148621201515,1.0,-3.0,timeout
1745,3.803907871246338,-3.4472386837005615,-0.00024611770641058683,0.03299799934029579,0.03299799934029579,1.0,3.0,timeout
1746,3.803112268447876,-3.4465441703796387,-0.00024644171935506165,0.033002909272909164,0.033002905547618866,1.0,3.0,timeout
1747,3.803112030029297,-3.4465439319610596,-0.0002516687964089215,0.00016368563228752464,1.0536711670283694e-05,0.0,-3.0,timeout
1748,3.803112030029297,-3.4465439319610596,-0.00025110424030572176,1.7642378224991262e-05,0.0,0.0,-3.0,timeout
1749,3.8023343086242676,-3.4458611011505127,-0.00024555507116019726,0.03234245628118515,0.03234199061989784,1.0,-3.0,timeout
1750,3.801542043685913,-3.4451630115509033,-0.0002456879010424018,0.03299817442893982,0.03299817442893982,1.0,3.0,timeout
1751,3.801525831222534,-3.4451494216918945,-0.0002509668411221355,0.0006813614163547754,0.0006610894342884421,0.0,3.0,timeout
1752,3.8007314205169678,-3.4444546699523926,-0.0002456433139741421,0.03298017382621765,0.032979756593704224,1.0,-3.0,timeout
1753,3.7999374866485596,-3.443758249282837,-0.00024586336803622544,0.033002909272909164,0.033002909272909164,1.0,3.0,timeout
1754,3.7991421222686768,-3.443063735961914,-0.00024622841738164425,0.03299729526042938,0.032997291535139084,1.0,3.0,timeout
1755,3.7983453273773193,-3.4423704147338867,-0.00024651968851685524,0.033006519079208374,0.033006515353918076,1.0,-3.0,timeout
1756,3.7975504398345947,-3.4416754245758057,-0.00024676270550116897,0.03299587592482567,0.03299587592482567,1.0,-3.0,timeout
1757,3.7967567443847656,-3.440978765487671,-0.00024696788750588894,0.03300222381949425,0.03300222009420395,1.0,3.0,timeout
1758,3.7967405319213867,-3.440965414047241,-0.00025200529489666224,0.0006749423919245601,0.0006563279894180596,0.0,3.0,timeout
1759,3.7967402935028076,-3.4409656524658203,-0.00025146486586891115,1.990579221455846e-05,1.0536711670283694e-05,0.0,3.0,timeout
1760,3.7959420680999756,-3.440274477005005,-0.00024574733106419444,0.03299679979681969,0.03299631550908089,1.0,0.0,timeout
1761,3.7951440811157227,-3.4395830631256104,-0.00024591831606812775,0.0329955630004406,0.0329955630004406,1.0,-3.0,timeout
1762,3.7951436042785645,-3.4395828247070312,-0.00025125910178758204,0.00016772898379713297,1.6660003893775865e-05,0.0,3.0,timeout
1763,3.7943460941314697,-3.4388914108276367,-0.00024578775628469884,0.03298474848270416,0.032984305173158646,1.0,-3.0,timeout
1764,3.7935492992401123,-3.4381985664367676,-0.0002459746028762311,0.03299673646688461,0.03299673646688461,1.0,3.0,timeout
1765,3.7935333251953125,-3.438184976577759,-0.0002512003411538899,0.0006754358182661235,0.0006553970160894096,0.0,3.0,timeout
1766,3.792734146118164,-3.437495470046997,-0.0002458305098116398,0.03298518806695938,0.032984763383865356,1.0,-3.0,timeout
1767,3.791935920715332,-3.4368038177490234,-0.0002460029209032655,0.03300607576966286,0.03300607576966286,1.0,-3.0,timeout
1768,3.791935682296753,-3.4368035793304443,-0.00025132749578915536,0.00016672624042257667,1.0536711670283694e-05,0.0,3.0,timeout
1769,3.7911531925201416,-3.436126232147217,-0.0002459474781062454,0.03234213963150978,0.03234170377254486,1.0,3.0,timeout
1770,3.7911369800567627,-3.436112880706787,-0.0002508847392164171,0.000674219336360693,0.0006563279894180596,0.0,3.0,timeout
1771,3.7903358936309814,-3.4354255199432373,-0.00024556362768635154,0.032986629754304886,0.03298620879650116,1.0,-3.0,timeout
1772,3.7895357608795166,-3.434736490249634,-0.0002457987575326115,0.032997604459524155,0.032997604459524155,1.0,3.0,timeout
1773,3.788734197616577,-3.434048891067505,-0.0002461666299495846,0.03300236910581589,0.03300236910581589,1.0,-3.0,timeout
1774,3.7879343032836914,-3.433359384536743,-0.00024648013641126454,0.03300169110298157,0.03300168737769127,1.0,-3.0,timeout
1775,3.7871360778808594,-3.4326682090759277,-0.00024673197185620666,0.032996319234371185,0.03299631550908089,1.0,-3.0,timeout
1776,3.7863388061523438,-3.4319756031036377,-0.0002469430910423398,0.03300309553742409,0.03300309553742409,1.0,3.0,timeout
1777,3.7855398654937744,-3.4312849044799805,-0.0002471021143719554,0.03300347179174423,0.03300347179174423,1.0,3.0,timeout
1778,3.7847394943237305,-3.430596113204956,-0.0002472291234880686,0.03299839049577713,0.03299839049577713,1.0,3.0,timeout
1779,3.783937931060791,-3.4299087524414062,-0.0002473205095157027,0.03299752250313759,0.03299751877784729,1.0,-3.0,timeout
1780,3.783137798309326,-3.4292194843292236,-0.0002474031934980303,0.033002469688653946,0.033002469688653946,1.0,-3.0,timeout
1781,3.782339334487915,-3.428528308868408,-0.0002474699867889285,0.03300195187330246,0.03300195187330246,1.0,-3.0,timeout
1782,3.7815425395965576,-3.427835464477539,-0.0002475236542522907,0.03299673646688461,0.03299673646688461,1.0,-3.0,timeout
1783,3.7815425395965576,-3.427834987640381,-0.0002525537274777889,0.00015789449389558285,1.4901160284352954e-05,0.0,3.0,timeout
1784,3.780761241912842,-3.4271562099456787,-0.0002469288883730769,0.03234332054853439,0.03234284371137619,1.0,3.0,timeout
1785,3.780745029449463,-3.427142858505249,-0.00025166923296637833,0.0006728377775289118,0.0006563279894180596,0.0,3.0,timeout
1786,3.7799603939056396,-3.4264678955078125,-0.0002462966076564044,0.03234422951936722,0.0323437936604023,1.0,3.0,timeout
1787,3.779157876968384,-3.425781488418579,-0.0002462838019710034,0.03300077095627785,0.03300077095627785,1.0,3.0,timeout
1788,3.7783541679382324,-3.4250965118408203,-0.00024654969456605613,0.033000074326992035,0.033000074326992035,1.0,-3.0,timeout
1789,3.7775516510009766,-3.424410104751587,-0.0002467965823598206,0.03300077095627785,0.03300077095627785,1.0,3.0,timeout
1790,3.7767481803894043,-3.423724889755249,-0.00024697501794435084,0.03299923986196518,0.03299923986196518,1.0,-3.0,timeout
1791,3.7759456634521484,-3.4230384826660156,-0.0002471374173182994,0.03300077095627785,0.03300077095627785,1.0,3.0,timeout
1792,3.775141716003418,-3.422353982925415,-0.00024725799448788166,0.03299608454108238,0.032996080815792084,1.0,3.0,timeout
1793,3.774336099624634,-3.421671152114868,-0.00024735418264754117,0.033002063632011414,0.033002063632011414,1.0,3.0,timeout
1794,3.7743194103240967,-3.4216582775115967,-0.0002523140574339777,0.0006766822771169245,0.0006586919771507382,0.0,3.0,timeout
1795,3.773526668548584,-3.420992612838745,-0.0002468281309120357,0.03234909102320671,0.0323486365377903,1.0,3.0,timeout
1796,3.7727162837982178,-3.420315742492676,-0.00024671011487953365,0.03299616277217865,0.03299616277217865,1.0,3.0,timeout
1797,3.771904945373535,-3.419639825820923,-0.0002468904131092131,0.03299995884299278,0.03299995884299278,1.0,-3.0,timeout
1798,3.7718887329101562,-3.419626474380493,-0.00025194004410877824,0.0006750316242687404,0.0006563279894180596,0.0,-3.0,timeout
1799,3.771888494491577,-3.4196269512176514,-0.0002514241205062717,2.3183923985925503e-05,1.6660003893775865e-05,0.0,3.0,timeout
1800,3.771888017654419,-3.4196274280548096,-0.0002507017634343356,3.0881372367730364e-05,2.1073423340567388e-05,0.0,3.0,timeout
1801,3.77188777923584,-3.4196279048919678,-0.000250108860200271,2.4916878828662448e-05,1.6660003893775865e-05,0.0,3.0,timeout
1802,3.7710912227630615,-3.4189670085906982,-0.0002447487786412239,0.03234510496258736,0.032344672828912735,1.0,3.0,timeout
1803,3.7710745334625244,-3.418954372406006,-0.000249915465246886,0.0006737984949722886,0.0006541677284985781,0.0,3.0,timeout
1804,3.7702746391296387,-3.418297529220581,-0.0002448934246785939,0.032344866544008255,0.03234448656439781,1.0,3.0,timeout
1805,3.769456624984741,-3.4176294803619385,-0.00024516196572221816,0.03300444409251213,0.03300444036722183,1.0,3.0,timeout
1806,3.7686374187469482,-3.4169633388519287,-0.0002456634247209877,0.03299567475914955,0.03299567103385925,1.0,3.0,timeout
1807,3.7678165435791016,-3.4162988662719727,-0.00024607856175862253,0.0330033116042614,0.0330033078789711,1.0,3.0,timeout
1808,3.7669942378997803,-3.4156363010406494,-0.0002464113640598953,0.0330006442964077,0.0330006405711174,1.0,3.0,timeout
1809,3.766976833343506,-3.4156241416931152,-0.00025156064657494426,0.0006827129982411861,0.0006634782184846699,0.0,3.0,timeout
1810,3.7661526203155518,-3.4149649143218994,-0.0002461189578752965,0.03298225998878479,0.03298182040452957,1.0,-3.0,timeout
1811,3.7661361694335938,-3.414951801300049,-0.0002511153870727867,0.0006757136434316635,0.0006574266008101404,0.0,-3.0,timeout
1812,3.7653145790100098,-3.4142892360687256,-0.00024577334988862276,0.03298366069793701,0.03298323601484299,1.0,3.0,timeout
1813,3.764491081237793,-3.413628101348877,-0.00024595827562734485,0.033001650124788284,0.033001650124788284,1.0,3.0,timeout
1814,3.7636663913726807,-3.412968397140503,-0.0002462933771312237,0.03300276771187782,0.03300276771187782,1.0,-3.0,timeout
1815,3.7636501789093018,-3.4129552841186523,-0.00025146317784674466,0.0006713457987643778,0.0006516170687973499,0.0,-3.0,timeout
1816,3.7628285884857178,-3.412292242050171,-0.00024606214719824493,0.032993026077747345,0.032992590218782425,1.0,3.0,timeout
1817,3.76200532913208,-3.411630868911743,-0.00024618973839096725,0.033000506460666656,0.033000506460666656,1.0,3.0,timeout
1818,3.7611804008483887,-3.4109714031219482,-0.0002464893914293498,0.03300393000245094,0.03300393000245094,1.0,3.0,timeout
1819,3.760354518890381,-3.410313367843628,-0.00024672813015058637,0.03299934044480324,0.03299934044480324,1.0,-3.0,timeout
1820,3.7595300674438477,-3.409653425216675,-0.00024693450541235507,0.033001601696014404,0.033001601696014404,1.0,0.0,timeout
1821,3.7587053775787354,-3.40899395942688,-0.0002471013576723635,0.032998114824295044,0.032998111099004745,1.0,3.0,timeout
1822,3.7587051391601562,-3.408993721008301,-0.00025219624512828887,0.00015956351126078516,1.0536711670283694e-05,0.0,-3.0,timeout
1823,3.757880687713623,-3.408334493637085,-0.00024655694141983986,0.032988108694553375,0.03298763930797577,1.0,3.0,timeout
1824,3.757880210876465,-3.408334493637085,-0.000251548714004457,0.00015670298307668418,1.4901160284352954e-05,0.0,-3.0,timeout
1825,3.7570724487304688,-3.4076874256134033,-0.00024611206026747823,0.03234346583485603,0.03234301880002022,1.0,-3.0,timeout
1826,3.7562496662139893,-3.4070253372192383,-0.00024613822461105883,0.03300290182232857,0.03300290182232857,1.0,0.0,timeout
1827,3.7554266452789307,-3.4063637256622314,-0.00024644951918162405,0.032999370247125626,0.03299936652183533,1.0,3.0,timeout
1828,3.7554099559783936,-3.406351089477539,-0.00025159012875519693,0.0006736036739312112,0.0006541677284985781,0.0,3.0,timeout
1829,3.7554099559783936,-3.406351089477539,-0.0002511227212380618,1.4606484000978526e-05,0.0,0.0,-3.0,timeout
1830,3.7554101943969727,-3.40635085105896,-0.00025045929942280054,2.3255865016835742e-05,1.0536711670283694e-05,0.0,-3.0,timeout
1831,3.754603862762451,-3.4057021141052246,-0.00024502858286723495,0.032341256737709045,0.03234080970287323,1.0,-3.0,timeout
1832,3.754603385925293,-3.4057021141052246,-0.00025024477508850396,0.00016368567594327033,1.4901160284352954e-05,0.0,3.0,timeout
1833,3.7537968158721924,-3.4050533771514893,-0.00024506665067747235,0.032347019761800766,0.032346613705158234,1.0,3.0,timeout
1834,3.7537965774536133,-3.405052900314331,-0.0002502646530047059,0.00016328967467416078,1.6660003893775865e-05,0.0,-3.0,timeout
1835,3.752973794937134,-3.4043917655944824,-0.0002449962485115975,0.03298463672399521,0.03298422321677208,1.0,3.0,timeout
1836,3.7521491050720215,-3.4037320613861084,-0.00024533248506486416,0.03300276771187782,0.03300276771187782,1.0,3.0,timeout
1837,3.7513232231140137,-3.403074026107788,-0.0002457928203511983,0.032999344170093536,0.03299934044480324,1.0,-3.0,timeout
1838,3.7504990100860596,-3.402413845062256,-0.0002461807744111866,0.03300044685602188,0.03300044313073158,1.0,-3.0,timeout
1839,3.750497817993164,-3.4024131298065186,-0.0002514763327781111,0.0001710937067400664,4.344397166278213e-05,0.0,3.0,timeout
1840,3.7496743202209473,-3.4017529487609863,-0.0002459663664922118,0.0329834520816803,0.032983001321554184,1.0,-3.0,timeout
1841,3.7488512992858887,-3.4010913372039795,-0.00024611741537228227,0.032999370247125626,0.03299936652183533,1.0,3.0,timeout
1842,3.7480268478393555,-3.4004313945770264,-0.0002464311837684363,0.0330016054213047,0.033001601696014404,1.0,3.0,timeout
1843,3.7472007274627686,-3.399773597717285,-0.0002466921869199723,0.03300052508711815,0.03300052508711815,1.0,3.0,timeout
1844,3.746373176574707,-3.3991177082061768,-0.0002469016471877694,0.032998453825712204,0.032998453825712204,1.0,3.0,timeout
1845,3.745544195175171,-3.398463487625122,-0.00024706931435503066,0.033001162111759186,0.033001162111759186,1.0,3.0,timeout
1846,3.7455437183380127,-3.398463726043701,-0.0002521701389923692,0.00016026901721488684,1.6660003893775865e-05,0.0,-3.0,timeout
1847,3.7447316646575928,-3.3978219032287598,-0.0002466198930051178,0.032346367835998535,0.03234590217471123,1.0,-3.0,timeout
1848,3.7439043521881104,-3.3971657752990723,-0.00024655042216181755,0.032997243106365204,0.032997243106365204,1.0,3.0,timeout
1849,3.7430758476257324,-3.3965108394622803,-0.00024676331668160856,0.033003322780132294,0.033003322780132294,1.0,-3.0,timeout
1850,3.7430596351623535,-3.3964974880218506,-0.0002518387627787888,0.0006752206827513874,0.0006563279894180596,0.0,-3.0,timeout
1851,3.742250919342041,-3.3958516120910645,-0.0002464471908751875,0.032343462109565735,0.032343022525310516,1.0,-3.0,timeout
1852,3.742234706878662,-3.3958382606506348,-0.0002512883802410215,0.0006735386559739709,0.0006563279894180596,0.0,-3.0,timeout
1853,3.74141263961792,-3.3951759338378906,-0.0002459074603393674,0.03299058973789215,0.03299016132950783,1.0,3.0,timeout
1854,3.740589141845703,-3.394514799118042,-0.00024605498765595257,0.033001650124788284,0.033001650124788284,1.0,-3.0,timeout
1855,3.739766836166382,-3.393852472305298,-0.0002463909040670842,0.03299596905708313,0.03299596533179283,1.0,3.0,timeout
1856,3.7397665977478027,-3.3938519954681396,-0.00025162819656543434,0.00016451113333459944,1.6660003893775865e-05,0.0,-3.0,timeout
1857,3.7389442920684814,-3.3931901454925537,-0.00024610222317278385,0.0329870730638504,0.03298661857843399,1.0,3.0,timeout
1858,3.7381203174591064,-3.3925297260284424,-0.00024621759075671434,0.03299928829073906,0.03299928829073906,1.0,3.0,timeout
1859,3.7372946739196777,-3.3918709754943848,-0.00024650589330121875,0.03300745040178299,0.03300745040178299,1.0,0.0,timeout
1860,3.7364697456359863,-3.391211986541748,-0.0002467468730174005,0.032994627952575684,0.032994627952575684,1.0,-3.0,timeout
1861,3.7356462478637695,-3.3905508518218994,-0.00024694460444152355,0.033001650124788284,0.033001650124788284,1.0,-3.0,timeout
1862,3.7356300354003906,-3.3905372619628906,-0.00025198509683832526,0.0006795957451686263,0.0006610894342884421,0.0,-3.0,timeout
1863,3.73482608795166,-3.389885663986206,-0.0002465645666234195,0.03233945742249489,0.03233901411294937,1.0,-3.0,timeout
1864,3.7340071201324463,-3.389219284057617,-0.00024650993873365223,0.0329945906996727,0.0329945906996727,1.0,3.0,timeout
1865,3.7331862449645996,-3.388554573059082,-0.000246741168666631,0.03300799801945686,0.03300799801945686,1.0,3.0,timeout
1866,3.7323644161224365,-3.3878915309906006,-0.00024692967417649925,0.03299839049577713,0.03299839049577713,1.0,-3.0,timeout
1867,3.7323484420776367,-3.387877941131592,-0.00025197258219122887,0.0006740772514604032,0.0006553970160894096,0.0,-3.0,timeout
1868,3.73154616355896,-3.3872241973876953,-0.0002465544966980815,0.03234127536416054,0.03234082832932472,1.0,-3.0,timeout
1869,3.731545925140381,-3.387223720550537,-0.0002514755760785192,0.0001546835119370371,1.6660003893775865e-05,0.0,0.0,timeout
1870,3.731545925140381,-3.387223958969116,-0.0002509413752704859,1.828095264500007e-05,7.450580142176477e-06,0.0,3.0,timeout
1871,3.7307305335998535,-3.386558771133423,-0.00024533504620194435,0.032884880900382996,0.03288441523909569,1.0,-3.0,timeout
1872,3.7299132347106934,-3.385889768600464,-0.00024558251607231796,0.033006004989147186,0.033006004989147186,1.0,0.0,timeout
1873,3.7298970222473145,-3.3858766555786133,-0.0002508912293706089,0.0006724036647938192,0.0006516170687973499,0.0,3.0,timeout
1874,3.7290942668914795,-3.385223388671875,-0.0002456885122228414,0.03234338387846947,0.032342977821826935,1.0,3.0,timeout
1875,3.728273630142212,-3.384558916091919,-0.00024579805904068053,0.03299752250313759,0.03299751877784729,1.0,3.0,timeout
1876,3.727451801300049,-3.3838958740234375,-0.00024616136215627193,0.03299839422106743,0.03299839049577713,1.0,-3.0,timeout
1877,3.7266314029693604,-3.383230686187744,-0.0002464755089022219,0.03300580009818077,0.03300580009818077,1.0,-3.0,timeout
1878,3.726630687713623,-3.383230447769165,-0.00025171382003463805,0.0001653840736253187,2.3560804038424976e-05,0.0,3.0,timeout
1879,3.7258265018463135,-3.3825788497924805,-0.00024625935475341976,0.032345253974199295,0.03234480321407318,1.0,3.0,timeout
1880,3.7250044345855713,-3.381915807723999,-0.000246240699198097,0.033004194498062134,0.033004190772771835,1.0,-3.0,timeout
1881,3.7241835594177246,-3.381251573562622,-0.0002465351135469973,0.03299862518906593,0.03299862518906593,1.0,3.0,timeout
1882,3.7233612537384033,-3.380589008331299,-0.0002467753947712481,0.0330006442964077,0.0330006405711174,1.0,3.0,timeout
1883,3.7225372791290283,-3.3799285888671875,-0.00024696809123270214,0.03299928829073906,0.03299928829073906,1.0,3.0,timeout
1884,3.72253680229187,-3.3799285888671875,-0.0002520951966289431,0.00016091347788460553,1.4901160284352954e-05,0.0,0.0,timeout
1885,3.7217283248901367,-3.3792824745178223,-0.00024655554443597794,0.03234231472015381,0.0323418527841568,1.0,-3.0,timeout
1886,3.720905303955078,-3.3786211013793945,-0.00024648819817230105,0.032994698733091354,0.032994698733091354,1.0,-3.0,timeout
1887,3.72090482711792,-3.3786208629608154,-0.00025171111337840557,0.00016406417125836015,1.6660003893775865e-05,0.0,3.0,timeout
1888,3.720097780227661,-3.3779730796813965,-0.0002462546108290553,0.03234001621603966,0.032339565455913544,1.0,3.0,timeout
1889,3.7192723751068115,-3.3773140907287598,-0.0002462468110024929,0.03300626948475838,0.03300626948475838,1.0,3.0,timeout
1890,3.7184457778930664,-3.376657009124756,-0.00024653045693412423,0.03299827128648758,0.03299827128648758,1.0,3.0,timeout
1891,3.7176175117492676,-3.376002073287964,-0.0002467716403771192,0.032997481524944305,0.03299747779965401,1.0,3.0,timeout
1892,3.7167880535125732,-3.3753483295440674,-0.000246954383328557,0.033003635704517365,0.033003635704517365,1.0,-3.0,timeout
1893,3.7159600257873535,-3.374692916870117,-0.00024712106096558273,0.0330008827149868,0.0330008827149868,1.0,3.0,timeout
1894,3.7151308059692383,-3.3740391731262207,-0.00024723444948904216,0.03299778327345848,0.03299778327345848,1.0,-3.0,timeout
1895,3.7151145935058594,-3.37402606010437,-0.00025221609394066036,0.0006699551595374942,0.0006516170687973499,0.0,-3.0,timeout
1896,3.7143049240112305,-3.3733811378479004,-0.00024674905580468476,0.03234818950295448,0.03234773874282837,1.0,-3.0,timeout
1897,3.7134807109832764,-3.372720956802368,-0.00024664748343639076,0.03300044313073158,0.03300044313073158,1.0,-3.0,timeout
1898,3.713480234146118,-3.372720718383789,-0.0002518378896638751,0.00016305354074575007,1.6660003893775865e-05,0.0,3.0,timeout
1899,3.7126564979553223,-3.372060775756836,-0.0002462518459651619,0.032984618097543716,0.03298415616154671,1.0,-3.0,timeout
1900,3.712656021118164,-3.372060537338257,-0.00025132339214906096,0.0001593590568518266,1.6660003893775865e-05,0.0,3.0,timeout
1901,3.711848020553589,-3.3714139461517334,-0.00024593400303274393,0.03233996033668518,0.03233952075242996,1.0,3.0,timeout
1902,3.711021661758423,-3.3707563877105713,-0.00024598967866040766,0.03300171718001366,0.03300171718001366,1.0,3.0,timeout
1903,3.7101941108703613,-3.370100498199463,-0.00024631444830447435,0.032998453825712204,0.032998453825712204,1.0,-3.0,timeout
1904,3.7093682289123535,-3.3694424629211426,-0.0002465980069246143,0.03299934044480324,0.03299934044480324,1.0,-3.0,timeout
1905,3.709367036819458,-3.369441509246826,-0.00025180913507938385,0.00016969192074611783,4.770699160872027e-05,0.0,3.0,timeout
1906,3.70855712890625,-3.3687970638275146,-0.0002463380224071443,0.03234473988413811,0.03234428912401199,1.0,3.0,timeout
1907,3.7077295780181885,-3.3681411743164062,-0.0002463037380948663,0.032998453825712204,0.032998453825712204,1.0,-3.0,timeout
1908,3.7069032192230225,-3.3674838542938232,-0.00024658552138134837,0.03299707919359207,0.03299707546830177,1.0,3.0,timeout
1909,3.706075668334961,-3.3668277263641357,-0.00024680569185875356,0.033003080636262894,0.033003080636262894,1.0,-3.0,timeout
1910,3.705249071121216,-3.3661704063415527,-0.0002470018225722015,0.033002905547618866,0.033002905547618866,1.0,3.0,timeout
1911,3.7044215202331543,-3.3655145168304443,-0.00024713936727494,0.032998453825712204,0.032998453825712204,1.0,-3.0,timeout
1912,3.7035953998565674,-3.364856719970703,-0.00024725854746066034,0.03300052508711815,0.03300052508711815,1.0,-3.0,timeout
1913,3.702770948410034,-3.36419677734375,-0.00024735447368584573,0.033001601696014404,0.033001601696014404,1.0,-3.0,timeout
1914,3.7027549743652344,-3.364183187484741,-0.0002523131261114031,0.0006734665366820991,0.0006553970160894096,0.0,-3.0,timeout
1915,3.7027549743652344,-3.364183187484741,-0.0002517221146263182,1.8469108908902854e-05,0.0,0.0,3.0,timeout
1916,3.7019481658935547,-3.363535165786743,-0.0002460549003444612,0.032338906079530716,0.03233841806650162,1.0,3.0,timeout
1917,3.701122999191284,-3.3628761768341064,-0.0002460763498675078,0.03300045058131218,0.03300045058131218,1.0,3.0,timeout
1918,3.700296640396118,-3.3622183799743652,-0.0002463832206558436,0.03300635516643524,0.03300635516643524,1.0,-3.0,timeout
1919,3.6994714736938477,-3.3615593910217285,-0.00024666328681632876,0.03300045058131218,0.03300045058131218,1.0,3.0,timeout
1920,3.6986448764801025,-3.3609023094177246,-0.0002468787133693695,0.03299827128648758,0.03299827128648758,1.0,3.0,timeout
1921,3.697817087173462,-3.3602466583251953,-0.00024704026873223484,0.032999664545059204,0.032999664545059204,1.0,-3.0,timeout
1922,3.697816848754883,-3.360246419906616,-0.0002521625137887895,0.00016041657363530248,1.0536711670283694e-05,0.0,0.0,timeout
1923,3.697007179260254,-3.3596017360687256,-0.0002466100559104234,0.03234356269240379,0.032343100756406784,1.0,-3.0,timeout
1924,3.696991205215454,-3.359588384628296,-0.0002514144580345601,0.0006676928605884314,0.0006505939527414739,0.0,-3.0,timeout
1925,3.6961846351623535,-3.3589396476745605,-0.0002460931718815118,0.03234704211354256,0.032346613705158234,1.0,-3.0,timeout
1926,3.6953630447387695,-3.358276128768921,-0.0002461321419104934,0.03300195559859276,0.03300195187330246,1.0,3.0,timeout
1927,3.6953630447387695,-3.3582756519317627,-0.0002514073858037591,0.00016552346642129123,1.4901160284352954e-05,0.0,-3.0,timeout
1928,3.6945581436157227,-3.3576250076293945,-0.000246009643888101,0.03234386816620827,0.03234342858195305,1.0,-3.0,timeout
1929,3.694542169570923,-3.3576114177703857,-0.00025093453587032855,0.0006732246256433427,0.0006553970160894096,0.0,-3.0,timeout
1930,3.693723678588867,-3.3569445610046387,-0.0002456240472383797,0.03299286216497421,0.032992441207170486,1.0,3.0,timeout
1931,3.692903995513916,-3.356278657913208,-0.00024582844343967736,0.03300253301858902,0.03300252929329872,1.0,-3.0,timeout
1932,3.6920859813690186,-3.3556110858917236,-0.00024619963369332254,0.03299502283334732,0.03299501910805702,1.0,-3.0,timeout
1933,3.6912693977355957,-3.3549413681030273,-0.0002465072029735893,0.03300287947058678,0.03300287947058678,1.0,-3.0,timeout
1934,3.6904537677764893,-3.3542706966400146,-0.00024676325847394764,0.032998766750097275,0.032998763024806976,1.0,3.0,timeout
1935,3.6896371841430664,-3.3536012172698975,-0.0002469488244969398,0.032998159527778625,0.03299815580248833,1.0,-3.0,timeout
1936,3.688822031021118,-3.3529298305511475,-0.00024710645084269345,0.03300146013498306,0.033001456409692764,1.0,-3.0,timeout
1937,3.688821792602539,-3.3529295921325684,-0.0002522201102692634,0.000160148847498931,1.0536711670283694e-05,0.0,3.0,timeout
1938,3.688007116317749,-3.3522584438323975,-0.0002465577272232622,0.03298569470643997,0.03298522159457207,1.0,-3.0,timeout
1939,3.68800687789917,-3.3522579669952393,-0.0002515679516363889,0.00015745338168926537,1.6660003893775865e-05,0.0,3.0,timeout
1940,3.6872074604034424,-3.351600408554077,-0.0002461293770466,0.03234761580824852,0.032347168773412704,1.0,3.0,timeout
1941,3.6863903999328613,-3.350931406021118,-0.00024614096037112176,0.03300023823976517,0.03300023823976517,1.0,0.0,timeout
1942,3.685573101043701,-3.3502628803253174,-0.0002464510325808078,0.03299656882882118,0.03299656882882118,1.0,3.0,timeout
1943,3.6847546100616455,-3.349595785140991,-0.00024669786216691136,0.03299714997410774,0.03299714997410774,1.0,-3.0,timeout
1944,3.6839373111724854,-3.3489267826080322,-0.00024691037833690643,0.033006004989147186,0.033006004989147186,1.0,0.0,timeout
1945,3.6831204891204834,-3.348257541656494,-0.000247071759076789,0.0329991951584816,0.0329991951584816,1.0,-3.0,timeout
1946,3.682305097579956,-3.3475866317749023,-0.0002472048799972981,0.0329977385699749,0.0329977385699749,1.0,-3.0,timeout
1947,3.681490659713745,-3.346914291381836,-0.0002473212662152946,0.033003173768520355,0.033003173768520355,1.0,3.0,timeout
1948,3.6806752681732178,-3.346243143081665,-0.00024739501532167196,0.03300247713923454,0.03300247713923454,1.0,-3.0,timeout
1949,3.680659532546997,-3.346229314804077,-0.00025234484928660095,0.0006726608844473958,0.0006546343211084604,0.0,-3.0,timeout
1950,3.6806600093841553,-3.346229076385498,-0.00025173768517561257,2.5250024918932468e-05,1.6660003893775865e-05,0.0,-3.0,timeout
1951,3.6798651218414307,-3.3455660343170166,-0.00024606657098047435,0.03234794735908508,0.03234746307134628,1.0,-3.0,timeout
1952,3.679849624633789,-3.3455519676208496,-0.0002509696059860289,0.0006717478390783072,0.0006540404865518212,0.0,-3.0,timeout
1953,3.679041624069214,-3.34487247467041,-0.0002456515212543309,0.03299212083220482,0.03299170359969139,1.0,3.0,timeout
1954,3.678231954574585,-3.3441944122314453,-0.00024586013751104474,0.03300292044878006,0.03300292044878006,1.0,3.0,timeout
1955,3.678231716156006,-3.3441944122314453,-0.00025119888596236706,0.00016700215928722173,7.450580142176477e-06,0.0,0.0,timeout
1956,3.6782314777374268,-3.3441944122314453,-0.00025072877178899944,1.647235876589548e-05,7.450580142176477e-06,0.0,0.0,timeout
1957,3.677436351776123,-3.343532085418701,-0.0002452617045491934,0.032339323312044144,0.03233887255191803,1.0,3.0,timeout
1958,3.6766233444213867,-3.342858076095581,-0.0002454426430631429,0.03300197422504425,0.03300197422504425,1.0,3.0,timeout
1959,3.675808906555176,-3.3421859741210938,-0.0002458870003465563,0.03299843519926071,0.03299843147397041,1.0,3.0,timeout
1960,3.6757919788360596,-3.3421735763549805,-0.0002511405327823013,0.0006759338430128992,0.000655693409498781,0.0,3.0,timeout
1961,3.674990653991699,-3.3415184020996094,-0.0002458891540300101,0.03234642371535301,0.03234601020812988,1.0,3.0,timeout
1962,3.6741719245910645,-3.3408515453338623,-0.0002459482057020068,0.0329982191324234,0.0329982191324234,1.0,-3.0,timeout
1963,3.673354148864746,-3.3401832580566406,-0.00024630172993056476,0.033003389835357666,0.03300338611006737,1.0,3.0,timeout
1964,3.6725354194641113,-3.3395161628723145,-0.0002465784491505474,0.03300292789936066,0.03300292417407036,1.0,-3.0,timeout
1965,3.671717882156372,-3.3388478755950928,-0.0002468203310854733,0.03299761936068535,0.03299761936068535,1.0,3.0,timeout
1966,3.670898914337158,-3.338181257247925,-0.0002470045001246035,0.03299929201602936,0.03299929201602936,1.0,3.0,timeout
1967,3.670881986618042,-3.3381688594818115,-0.0002520344569347799,0.0006742709083482623,0.000655693409498781,0.0,3.0,timeout
1968,3.670060873031616,-3.337505578994751,-0.0002464983263053,0.03298613429069519,0.03298567980527878,1.0,-3.0,timeout
1969,3.669240713119507,-3.3368403911590576,-0.0002465365396346897,0.03300001844763756,0.03300001844763756,1.0,-3.0,timeout
1970,3.668421745300293,-3.3361735343933105,-0.0002467764134053141,0.033003997057676315,0.033003997057676315,1.0,3.0,timeout
1971,3.6676018238067627,-3.335508346557617,-0.0002469585742801428,0.03299422934651375,0.03299422934651375,1.0,-3.0,timeout
1972,3.666782855987549,-3.33484148979187,-0.0002471241168677807,0.033003997057676315,0.033003997057676315,1.0,3.0,timeout
1973,3.6659626960754395,-3.3341763019561768,-0.0002472371270414442,0.03300001844763756,0.03300001844763756,1.0,-3.0,timeout
1974,3.6651437282562256,-3.3335094451904297,-0.000247346906689927,0.033003997057676315,0.033003997057676315,1.0,3.0,timeout
1975,3.664323329925537,-3.3328447341918945,-0.00024742537061683834,0.032996419817209244,0.032996419817209244,1.0,3.0,timeout
1976,3.663501739501953,-3.332181453704834,-0.0002474774664733559,0.03299727290868759,0.03299727290868759,1.0,-3.0,timeout
1977,3.662681818008423,-3.3315160274505615,-0.0002475287183187902,0.03299892321228981,0.03299892321228981,1.0,-3.0,timeout
1978,3.6626808643341064,-3.3315157890319824,-0.00025255614309571683,0.00016008217062335461,3.0719529604539275e-05,0.0,3.0,timeout
1979,3.6618616580963135,-3.33085036277771,-0.00024682804360054433,0.032982055097818375,0.032981567084789276,1.0,-3.0,timeout
1980,3.661059617996216,-3.3301966190338135,-0.0002429778251098469,0.032335277646780014,0.032335057854652405,1.0,-3.0,timeout
1981,3.661043643951416,-3.3301827907562256,-0.00024850034969858825,0.000682431273162365,0.0006602492649108171,0.0,-3.0,timeout
1982,3.6602447032928467,-3.3295249938964844,-0.00024376052897423506,0.03234073519706726,0.0323403961956501,1.0,-3.0,timeout
1983,3.659431219100952,-3.3288516998291016,-0.0002442569239065051,0.0329991951584816,0.0329991914331913,1.0,-3.0,timeout
1984,3.658618688583374,-3.3281772136688232,-0.00024494907120242715,0.03300002962350845,0.03300001844763756,1.0,3.0,timeout
1985,3.657804489135742,-3.3275046348571777,-0.0002455067296978086,0.033002179116010666,0.03300217539072037,1.0,3.0,timeout
1986,3.657788038253784,-3.327491521835327,-0.00025083692162297666,0.0006781996926292777,0.0006574266008101404,0.0,3.0,timeout
1987,3.6569716930389404,-3.326822519302368,-0.00024554014089517295,0.032983362674713135,0.032982949167490005,1.0,-3.0,timeout
1988,3.656156301498413,-3.3261513710021973,-0.0002457706432323903,0.03300247713923454,0.03300247713923454,1.0,-3.0,timeout
1989,3.6553425788879395,-3.3254783153533936,-0.0002461539697833359,0.03300018608570099,0.03300018236041069,1.0,-3.0,timeout
1990,3.6545300483703613,-3.3248040676116943,-0.0002464802819304168,0.03299526125192642,0.03299526125192642,1.0,3.0,timeout
1991,3.6537160873413086,-3.3241310119628906,-0.00024672248400747776,0.03300592675805092,0.03300592303276062,1.0,-3.0,timeout
1992,3.6529037952423096,-3.323456287384033,-0.00024692542501725256,0.03299904987215996,0.03299904614686966,1.0,-3.0,timeout
1993,3.6529040336608887,-3.323455572128296,-0.0002520712441764772,0.00016252369096037,2.3560804038424976e-05,0.0,0.0,timeout
1994,3.652109384536743,-3.3227922916412354,-0.0002465374709572643,0.03234697878360748,0.032346513122320175,1.0,-3.0,timeout
1995,3.6520938873291016,-3.3227782249450684,-0.00025135677424259484,0.0006711559253744781,0.0006540404865518212,0.0,-3.0,timeout
1996,3.6512861251831055,-3.32209849357605,-0.0002459617389831692,0.032991230487823486,0.032990798354148865,1.0,3.0,timeout
1997,3.6504764556884766,-3.321420669555664,-0.000246108160354197,0.032998137176036835,0.032998137176036835,1.0,3.0,timeout
1998,3.649665594100952,-3.320744037628174,-0.00024641357595101,0.0330028273165226,0.0330028273165226,1.0,-3.0,timeout
1999,3.6488559246063232,-3.320066213607788,-0.0002466877340339124,0.032998137176036835,0.032998137176036835,1.0,3.0,timeout
2000,3.6480448246002197,-3.319390058517456,-0.0002468982129357755,0.032999005168676376,0.032999005168676376,1.0,3.0,timeout
2001,3.6480281352996826,-3.3193774223327637,-0.0002519494155421853,0.0006729428423568606,0.0006541677284985781,0.0,3.0,timeout
2002,3.6472299098968506,-3.318718433380127,-0.0002465360448695719,0.032347291707992554,0.03234684839844704,1.0,3.0,timeout
2003,3.646413803100586,-3.3180482387542725,-0.0002464763820171356,0.03300081193447113,0.03300081193447113,1.0,3.0,timeout
2004,3.645596742630005,-3.3173794746398926,-0.00024670359562151134,0.032995522022247314,0.032995522022247314,1.0,-3.0,timeout
2005,3.6455957889556885,-3.3173794746398926,-0.0002518966211937368,0.00016499587218277156,2.980232056870591e-05,0.0,3.0,timeout
2006,3.6447792053222656,-3.3167107105255127,-0.0002462990814819932,0.032984454184770584,0.032983988523483276,1.0,-3.0,timeout
2007,3.644763231277466,-3.316697120666504,-0.0002512556384317577,0.0006734514608979225,0.0006553970160894096,0.0,-3.0,timeout
2008,3.643949270248413,-3.3160247802734375,-0.00024588507949374616,0.03299211338162422,0.0329916849732399,1.0,3.0,timeout
2009,3.6431336402893066,-3.315354347229004,-0.0002460474206600338,0.03299403190612793,0.03299402818083763,1.0,3.0,timeout
2010,3.6423165798187256,-3.314685106277466,-0.0002463648561388254,0.03300496190786362,0.03300495818257332,1.0,-3.0,timeout
2011,3.6415014266967773,-3.314013957977295,-0.00024663834483362734,0.03299672529101372,0.03299672529101372,1.0,-3.0,timeout
2012,3.6406877040863037,-3.313340902328491,-0.0002468582533765584,0.03300018236041069,0.03300018236041069,1.0,-3.0,timeout
2013,3.640671968460083,-3.3133270740509033,-0.00025191629538312554,0.0006734465132467449,0.0006546343211084604,0.0,-3.0,timeout
2014,3.640672206878662,-3.313326597213745,-0.0002513949293643236,2.3302518457057886e-05,1.6660003893775865e-05,0.0,-3.0,timeout
2015,3.6398630142211914,-3.3126487731933594,-0.00024570716777816415,0.032987188547849655,0.032986707985401154,1.0,3.0,timeout
2016,3.6398627758026123,-3.3126485347747803,-0.00025086462846957147,0.00016151470481418073,1.0536711670283694e-05,0.0,0.0,timeout
2017,3.6390676498413086,-3.311985969543457,-0.00024557096185162663,0.032344065606594086,0.03234364092350006,1.0,3.0,timeout
2018,3.6382551193237305,-3.3113114833831787,-0.0002456898509990424,0.033000022172927856,0.03300001844763756,1.0,-3.0,timeout
2019,3.637443780899048,-3.3106353282928467,-0.000246089359279722,0.03300473093986511,0.033004727214574814,1.0,0.0,timeout
2020,3.6366329193115234,-3.3099586963653564,-0.00024641433265060186,0.0330028273165226,0.0330028273165226,1.0,-3.0,timeout
2021,3.6366171836853027,-3.3099448680877686,-0.00025156105402857065,0.0006741023389622569,0.0006546343211084604,0.0,-3.0,timeout
2022,3.6358256340026855,-3.3092782497406006,-0.00024622533237561584,0.03233973681926727,0.03233930841088295,1.0,-3.0,timeout
2023,3.635019540786743,-3.308595895767212,-0.00024622888304293156,0.033003803342580795,0.033003803342580795,1.0,-3.0,timeout
2024,3.6342148780822754,-3.3079123497009277,-0.00024652606225572526,0.032993804663419724,0.032993804663419724,1.0,3.0,timeout
2025,3.633408784866333,-3.307229995727539,-0.0002467583690304309,0.033003803342580795,0.033003803342580795,1.0,-3.0,timeout
2026,3.6326041221618652,-3.3065459728240967,-0.000246954063186422,0.03300344944000244,0.03300344944000244,1.0,-3.0,timeout
2027,3.631801128387451,-3.3058602809906006,-0.0002471111947670579,0.03299757465720177,0.03299757465720177,1.0,-3.0,timeout
2028,3.6317858695983887,-3.3058457374572754,-0.00025211868342012167,0.0006770656327717006,0.0006587341194972396,0.0,-3.0,timeout
2029,3.630985736846924,-3.30515718460083,-0.0002465863071847707,0.03298833966255188,0.03298788517713547,1.0,3.0,timeout
2030,3.6301841735839844,-3.304469585418701,-0.00024659879272803664,0.03300236910581589,0.03300236910581589,1.0,-3.0,timeout
2031,3.6293842792510986,-3.3037803173065186,-0.0002468158781994134,0.03299682214856148,0.03299682214856148,1.0,-3.0,timeout
2032,3.6285853385925293,-3.3030896186828613,-0.00024700959329493344,0.03300347179174423,0.03300347179174423,1.0,3.0,timeout
2033,3.6277849674224854,-3.302401065826416,-0.0002471552579663694,0.032993532717227936,0.03299352899193764,1.0,3.0,timeout
2034,3.626983165740967,-3.301713705062866,-0.00024726163246668875,0.033003173768520355,0.033003173768520355,1.0,-3.0,timeout
2035,3.6261825561523438,-3.301024913787842,-0.0002473664644639939,0.0330040417611599,0.0330040417611599,1.0,3.0,timeout
2036,3.6261825561523438,-3.3010246753692627,-0.0002524085866753012,0.0001577423681737855,7.450580142176477e-06,0.0,-3.0,timeout
2037,3.6253983974456787,-3.300349235534668,-0.00024681127979420125,0.03234269469976425,0.03234222158789635,1.0,-3.0,timeout
2038,3.6245999336242676,-3.2996580600738525,-0.000246693060034886,0.03300195187330246,0.03300195187330246,1.0,-3.0,timeout
2039,3.623802900314331,-3.2989652156829834,-0.00024688741541467607,0.03300235792994499,0.03300235792994499,1.0,-3.0,timeout
2040,3.6230077743530273,-3.2982704639434814,-0.0002470571198500693,0.032996587455272675,0.032996583729982376,1.0,-3.0,timeout
2041,3.6222140789031982,-3.2975738048553467,-0.0002471936750225723,0.03300222381949425,0.03300222009420395,1.0,-3.0,timeout
2042,3.6214218139648438,-3.296875476837158,-0.0002473030472174287,0.033003102988004684,0.033003102988004684,1.0,-3.0,timeout
2043,3.6206307411193848,-3.296175956726074,-0.00024739952641539276,0.032999832183122635,0.032999832183122635,1.0,3.0,timeout
2044,3.6198384761810303,-3.295477867126465,-0.0002474577631801367,0.03299817442893982,0.03299817442893982,1.0,-3.0,timeout
2045,3.619047164916992,-3.294778347015381,-0.00024752304307185113,0.03300541266798973,0.03300541266798973,1.0,3.0,timeout
2046,3.6182548999786377,-3.2940804958343506,-0.00024755639606155455,0.03299324959516525,0.03299324959516525,1.0,-3.0,timeout
2047,3.618239641189575,-3.2940659523010254,-0.00025247386656701565,0.0006764210411347449,0.0006587341194972396,0.0,-3.0,timeout
2048,3.6174659729003906,-3.2933783531188965,-0.0002469559549354017,0.032346174120903015,0.032345715910196304,1.0,-3.0,timeout
2049,3.6174662113189697,-3.2933778762817383,-0.00025179650401696563,0.00015218181943055242,1.6660003893775865e-05,0.0,0.0,timeout
2050,3.6166937351226807,-3.2926888465881348,-0.00024631325504742563,0.03234807401895523,0.03234761953353882,1.0,3.0,timeout
2051,3.6159045696258545,-3.291987419128418,-0.00024628362734802067,0.032994769513607025,0.032994769513607025,1.0,-3.0,timeout
2052,3.6159040927886963,-3.291987180709839,-0.0002515473170205951,0.00016533183224964887,1.6660003893775865e-05,0.0,3.0,timeout
2053,3.6159040927886963,-3.291987180709839,-0.00025100758648477495,1.6866579244378954e-05,0.0,0.0,3.0,timeout
2054,3.615114450454712,-3.291288375854492,-0.00024537829449400306,0.03295200690627098,0.032951537519693375,1.0,-3.0,timeout
2055,3.6143252849578857,-3.2905867099761963,-0.0002456220972817391,0.03299972042441368,0.03299972042441368,1.0,-3.0,timeout
2056,3.6143100261688232,-3.290572166442871,-0.00025091663701459765,0.0006791949272155762,0.0006587341194972396,0.0,-3.0,timeout
2057,3.6135239601135254,-3.2898671627044678,-0.0002456186630297452,0.03299736976623535,0.032996952533721924,1.0,0.0,timeout
2058,3.6127374172210693,-3.2891626358032227,-0.00024584043421782553,0.03299810364842415,0.03299810364842415,1.0,3.0,timeout
2059,3.6119492053985596,-3.2884597778320312,-0.00024620970361866057,0.03300223499536514,0.03300223499536514,1.0,3.0,timeout
2060,3.6111598014831543,-3.2877583503723145,-0.00024650481645949185,0.033000338822603226,0.033000338822603226,1.0,-3.0,timeout
2061,3.6103720664978027,-3.287055015563965,-0.000246750918449834,0.03300103917717934,0.03300103917717934,1.0,-3.0,timeout
2062,3.6103718280792236,-3.287055015563965,-0.0002519362315069884,0.00016221222176682204,7.450580142176477e-06,0.0,3.0,timeout
2063,3.6095845699310303,-3.2863516807556152,-0.00024633004795759916,0.032990388572216034,0.032989926636219025,1.0,-3.0,timeout
2064,3.609569549560547,-3.28633713722229,-0.0002512807841412723,0.0006714283372275531,0.0006533610867336392,0.0,-3.0,timeout
2065,3.609569787979126,-3.286336660385132,-0.00025087586254812777,2.0920668248436414e-05,1.6660003893775865e-05,0.0,-3.0,timeout
2066,3.609570264816284,-3.2863364219665527,-0.0002502622955944389,2.540072273404803e-05,1.6660003893775865e-05,0.0,-3.0,timeout
2067,3.6095707416534424,-3.2863359451293945,-0.0002497573441360146,2.632658652146347e-05,2.1073423340567388e-05,0.0,-3.0,timeout
2068,3.6095705032348633,-3.2863361835479736,-0.000249362870818004,1.621679257368669e-05,1.0536711670283694e-05,0.0,3.0,timeout
2069,3.608804225921631,-3.2856404781341553,-0.0002441519754938781,0.032343585044145584,0.032343171536922455,1.0,3.0,timeout
2070,3.6088039875030518,-3.285640001296997,-0.00024952314561232924,0.0001686738251009956,1.6660003893775865e-05,0.0,-3.0,timeout
2071,3.608804225921631,-3.285640001296997,-0.00024937294074334204,8.805899597064126e-06,7.450580142176477e-06,0.0,-3.0,timeout
2072,3.6088039875030518,-3.285640001296997,-0.00024906074395403266,1.2275731933186762e-05,7.450580142176477e-06,0.0,0.0,timeout
2073,3.6088037490844727,-3.285640239715576,-0.00024880218552425504,1.327809786744183e-05,1.0536711670283694e-05,0.0,3.0,timeout
2074,3.6080234050750732,-3.2849314212799072,-0.00024360344104934484,0.032944485545158386,0.03294408693909645,1.0,-3.0,timeout
2075,3.6080081462860107,-3.284916877746582,-0.0002490843180567026,0.0006806369055993855,0.0006587341194972396,0.0,-3.0,timeout
2076,3.608008623123169,-3.284916639328003,-0.0002491182240191847,1.6693662473699078e-05,1.6660003893775865e-05,0.0,-3.0,timeout
2077,3.608008861541748,-3.2849161624908447,-0.00024885640596039593,1.8560653188615106e-05,1.6660003893775865e-05,0.0,-3.0,timeout
2078,3.608009099960327,-3.2849159240722656,-0.0002486328885424882,1.2641652574529871e-05,1.0536711670283694e-05,0.0,-3.0,timeout
2079,3.607250690460205,-3.2842116355895996,-0.00024356682843063027,0.03234386816620827,0.03234347701072693,1.0,-3.0,timeout
2080,3.606478691101074,-3.2834911346435547,-0.0002440872194711119,0.032999537885189056,0.03299953415989876,1.0,-3.0,timeout
2081,3.605708360671997,-3.282768726348877,-0.00024480311549268663,0.033002179116010666,0.03300216794013977,1.0,-3.0,timeout
2082,3.605708599090576,-3.2827680110931396,-0.00025037405430339277,0.00017567889881320298,2.3560804038424976e-05,0.0,0.0,timeout
2083,3.6057088375091553,-3.2827677726745605,-0.0002500700647942722,1.4186825865181163e-05,1.0536711670283694e-05,0.0,0.0,timeout
2084,3.6049554347991943,-3.282058000564575,-0.00024472386576235294,0.0323467031121254,0.03234626725316048,1.0,-3.0,timeout
2085,3.6041884422302246,-3.28133225440979,-0.0002450133615639061,0.03299776464700699,0.03299776464700699,1.0,-3.0,timeout
2086,3.6034228801727295,-3.280604600906372,-0.00024554392439313233,0.033006347715854645,0.033006343990564346,1.0,-3.0,timeout
2087,3.602659225463867,-3.2798755168914795,-0.00024598295567557216,0.032994020730257034,0.032994017004966736,1.0,-3.0,timeout
2088,3.6018970012664795,-3.279144525527954,-0.000246334879193455,0.033002931624650955,0.03300292789936066,1.0,-3.0,timeout
2089,3.6018974781036377,-3.2791435718536377,-0.00025159926735796034,0.00016785250045359135,3.332000778755173e-05,0.0,0.0,timeout
2090,3.601898193359375,-3.2791428565979004,-0.0002510456833988428,3.6034332879353315e-05,3.1610132282366976e-05,0.0,-3.0,timeout
2091,3.6011388301849365,-3.278409719467163,-0.0002454233181197196,0.03298546373844147,0.03298499807715416,1.0,3.0,timeout
2092,3.6003777980804443,-3.277677536010742,-0.00024565361673012376,0.03300187364220619,0.033001869916915894,1.0,-3.0,timeout
2093,3.6003775596618652,-3.277677297592163,-0.00025104734231717885,0.00016888293612282723,1.0536711670283694e-05,0.0,3.0,timeout
2094,3.5996170043945312,-3.2769453525543213,-0.0002456180227454752,0.03298640251159668,0.03298596665263176,1.0,-3.0,timeout
2095,3.598857879638672,-3.2762112617492676,-0.0002458293456584215,0.03300034999847412,0.03300034627318382,1.0,-3.0,timeout
2096,3.598100185394287,-3.27547550201416,-0.00024620097246952355,0.03300454095005989,0.03300453722476959,1.0,-3.0,timeout
2097,3.597343921661377,-3.2747387886047363,-0.00024651773856021464,0.03299327567219734,0.03299327194690704,1.0,3.0,timeout
2098,3.596585512161255,-3.274003744125366,-0.0002467617450747639,0.03300502151250839,0.033005017787218094,1.0,3.0,timeout
2099,3.596585750579834,-3.274003267288208,-0.0002519249974284321,0.00016220944235101342,1.6660003893775865e-05,0.0,-3.0,timeout
2100,3.5958428382873535,-3.273282527923584,-0.0002464243152644485,0.03234660252928734,0.03234614431858063,1.0,-3.0,timeout
2101,3.5950863361358643,-3.27254581451416,-0.0002463936398271471,0.03299861028790474,0.03299861028790474,1.0,3.0,timeout
2102,3.5950710773468018,-3.272531509399414,-0.00025153139722533524,0.0006730465684086084,0.0006536159780807793,0.0,3.0,timeout
2103,3.5943117141723633,-3.2717981338500977,-0.0002460949181113392,0.03299060836434364,0.03299017250537872,1.0,-3.0,timeout
2104,3.5935535430908203,-3.2710630893707275,-0.00024622457567602396,0.0329996719956398,0.0329996682703495,1.0,3.0,timeout
2105,3.5927939414978027,-3.270329475402832,-0.0002465072029735893,0.03300071135163307,0.03300070762634277,1.0,-3.0,timeout
2106,3.592036008834839,-3.269594192504883,-0.00024675249005667865,0.03299950808286667,0.03299950808286667,1.0,-3.0,timeout
2107,3.592036008834839,-3.2695937156677246,-0.0002519329427741468,0.00016257347306236625,1.4901160284352954e-05,0.0,0.0,timeout
2108,3.591295003890991,-3.268871307373047,-0.000246426701778546,0.03234023600816727,0.032339777797460556,1.0,-3.0,timeout
2109,3.590540647506714,-3.268132209777832,-0.00024638589820824564,0.03300270065665245,0.03300270065665245,1.0,-3.0,timeout
2110,3.590540647506714,-3.2681314945220947,-0.0002516251115594059,0.00016524409875273705,2.235173997178208e-05,0.0,0.0,timeout
2111,3.590541362762451,-3.2681310176849365,-0.0002510654157958925,3.205561006325297e-05,2.6863448510994203e-05,0.0,-3.0,timeout
2112,3.5898051261901855,-3.2674036026000977,-0.00024552448303438723,0.032343488186597824,0.032343022525310516,1.0,-3.0,timeout
2113,3.5898051261901855,-3.2674031257629395,-0.0002506418095435947,0.00016060919733718038,1.4901160284352954e-05,0.0,3.0,timeout
2114,3.5890684127807617,-3.266676187515259,-0.0002453835040796548,0.03234357759356499,0.03234315663576126,1.0,3.0,timeout
2115,3.588315486907959,-3.2659356594085693,-0.0002455395588185638,0.03300211951136589,0.03300211951136589,1.0,-3.0,timeout
2116,3.58756422996521,-3.2651937007904053,-0.0002459643583279103,0.03299635276198387,0.03299634903669357,1.0,-3.0,timeout
2117,3.5868146419525146,-3.2644498348236084,-0.00024631890119053423,0.03300122544169426,0.03300122544169426,1.0,-3.0,timeout
2118,3.586066722869873,-3.263704299926758,-0.00024660330382175744,0.03300102427601814,0.03300102427601814,1.0,-3.0,timeout
2119,3.585320472717285,-3.2629570960998535,-0.0002468308957759291,0.03300098702311516,0.03300098702311516,1.0,-3.0,timeout
2120,3.5845754146575928,-3.2622087001800537,-0.0002470219333190471,0.033001065254211426,0.033001065254211426,1.0,3.0,timeout
2121,3.5845606327056885,-3.2621939182281494,-0.00025204807752743363,0.0006718926597386599,0.0006532761617563665,0.0,3.0,timeout
2122,3.583812713623047,-3.261448860168457,-0.00024650918203406036,0.0329909585416317,0.032990504056215286,1.0,-3.0,timeout
2123,3.5830657482147217,-3.260702610015869,-0.00024655574816279113,0.032995715737342834,0.032995715737342834,1.0,3.0,timeout
2124,3.5823168754577637,-3.259958028793335,-0.0002467817685101181,0.033001117408275604,0.033001117408275604,1.0,3.0,timeout
2125,3.5823168754577637,-3.2599575519561768,-0.00025194030604325235,0.0001618915266590193,1.4901160284352954e-05,0.0,-3.0,timeout
2126,3.581583261489868,-3.2592275142669678,-0.000246436451561749,0.03234298899769783,0.03234253078699112,1.0,-3.0,timeout
2127,3.580836534500122,-3.2584805488586426,-0.00024639329058118165,0.033006247133016586,0.033006247133016586,1.0,-3.0,timeout
2128,3.5800912380218506,-3.257732629776001,-0.0002466574660502374,0.032995764166116714,0.032995764166116714,1.0,3.0,timeout
2129,3.5800909996032715,-3.257732391357422,-0.00025184653350152075,0.00016250032058451325,1.0536711670283694e-05,0.0,0.0,timeout
2130,3.579359292984009,-3.25700044631958,-0.00024635691079311073,0.03234289214015007,0.03234243765473366,1.0,-3.0,timeout
2131,3.5786147117614746,-3.256251573562622,-0.0002463298151269555,0.033001117408275604,0.033001117408275604,1.0,-3.0,timeout
2132,3.5786004066467285,-3.2562360763549805,-0.00025147906853817403,0.0006784306024201214,0.0006590710836462677,0.0,-3.0,timeout
2133,3.577873945236206,-3.2554991245269775,-0.0002461592375766486,0.032338425517082214,0.03233800083398819,1.0,-3.0,timeout
2134,3.577134132385254,-3.2547454833984375,-0.0002461856056470424,0.03300239518284798,0.03300239518284798,1.0,3.0,timeout
2135,3.576392889022827,-3.253993511199951,-0.00024647219106554985,0.032996565103530884,0.032996565103530884,1.0,-3.0,timeout
2136,3.575653314590454,-3.253239631652832,-0.0002467245503794402,0.033002499490976334,0.033002495765686035,1.0,-3.0,timeout
2137,3.575639247894287,-3.2532238960266113,-0.00025180948432534933,0.0006784477736800909,0.0006595762679353356,0.0,-3.0,timeout
2138,3.574917793273926,-3.252481698989868,-0.00024642448988743126,0.03234612196683884,0.03234568238258362,1.0,-3.0,timeout
2139,3.574903964996338,-3.2524659633636475,-0.00025127059780061245,0.000671922869514674,0.0006546343211084604,0.0,-3.0,timeout
2140,3.574171304702759,-3.251706123352051,-0.0002458932576701045,0.03298580273985863,0.032985374331474304,1.0,3.0,timeout
2141,3.573436975479126,-3.2509469985961914,-0.00024604363716207445,0.03300552815198898,0.03300552815198898,1.0,-3.0,timeout
2142,3.573422908782959,-3.25093150138855,-0.00025125397951342165,0.0006740032113157213,0.0006540404865518212,0.0,-3.0,timeout
2143,3.572706699371338,-3.2501842975616455,-0.00024597931769676507,0.032344840466976166,0.03234441950917244,1.0,-3.0,timeout
2144,3.5719778537750244,-3.249420166015625,-0.00024603219935670495,0.03299965709447861,0.03299965709447861,1.0,-3.0,timeout
2145,3.5712504386901855,-3.24865460395813,-0.00024636872694827616,0.033001214265823364,0.033001210540533066,1.0,3.0,timeout
2146,3.5712358951568604,-3.2486395835876465,-0.0002515253145247698,0.0006729397573508322,0.0006533610867336392,0.0,3.0,timeout
2147,3.5712358951568604,-3.2486395835876465,-0.0002510805206838995,1.389980661770096e-05,0.0,0.0,3.0,timeout
2148,3.5712361335754395,-3.2486393451690674,-0.00025041645858436823,2.3273703845916316e-05,1.0536711670283694e-05,0.0,-3.0,timeout
2149,3.5705199241638184,-3.247892141342163,-0.0002449941821396351,0.03234486281871796,0.03234441950917244,1.0,-3.0,timeout
2150,3.5705058574676514,-3.2478766441345215,-0.00025011153775267303,0.0006733071058988571,0.0006540404865518212,0.0,-3.0,timeout
2151,3.5705063343048096,-3.2478761672973633,-0.00024993615807034075,2.1774441847810522e-05,2.1073423340567388e-05,0.0,-3.0,timeout
2152,3.5697805881500244,-3.2471096515655518,-0.0002445394347887486,0.03298737481236458,0.03298694267868996,1.0,3.0,timeout
2153,3.5690531730651855,-3.2463440895080566,-0.00024494671379216015,0.033001214265823364,0.033001210540533066,1.0,-3.0,timeout
2154,3.5683276653289795,-3.2455766201019287,-0.00024549380759708583,0.03300347551703453,0.03300347179174423,1.0,-3.0,timeout
2155,3.5683138370513916,-3.245560884475708,-0.00025082501815631986,0.0006755010690540075,0.0006546343211084604,0.0,-3.0,timeout
2156,3.56831431388855,-3.24556040763855,-0.000250522221904248,2.310034142283257e-05,2.1073423340567388e-05,0.0,-3.0,timeout
2157,3.567608118057251,-3.2448036670684814,-0.0002450941246934235,0.03234636411070824,0.03234592080116272,1.0,-3.0,timeout
2158,3.566889762878418,-3.2440297603607178,-0.0002453095803502947,0.032997481524944305,0.03299747779965401,1.0,-3.0,timeout
2159,3.566876173019409,-3.244013547897339,-0.00025066311354748905,0.00068192946491763,0.0006610894342884421,0.0,-3.0,timeout
2160,3.5668764114379883,-3.244013547897339,-0.0002504017611499876,1.1055103641410824e-05,7.450580142176477e-06,0.0,3.0,timeout
2161,3.5668768882751465,-3.2440130710601807,-0.00024987428332678974,2.6754454665933736e-05,2.1073423340567388e-05,0.0,-3.0,timeout
2162,3.5668773651123047,-3.2440125942230225,-0.0002494467771612108,2.495129592716694e-05,2.1073423340567388e-05,0.0,-3.0,timeout
2163,3.5661780834198,-3.2432496547698975,-0.00024421815760433674,0.0323418453335762,0.03234143182635307,1.0,-3.0,timeout
2164,3.56546688079834,-3.242469072341919,-0.0002446082653477788,0.032999735325574875,0.032999731600284576,1.0,-3.0,timeout
2165,3.5647571086883545,-3.241687059402466,-0.0002452199114486575,0.033002737909555435,0.03300273045897484,1.0,-3.0,timeout
2166,3.5647573471069336,-3.2416863441467285,-0.00025070723495446146,0.00017308988026343286,2.3560804038424976e-05,0.0,0.0,timeout
2167,3.56406307220459,-3.2409188747406006,-0.000245456350967288,0.03234117478132248,0.03234075754880905,1.0,3.0,timeout
2168,3.5633530616760254,-3.2401371002197266,-0.0002455990470480174,0.03300222381949425,0.03300222009420395,1.0,-3.0,timeout
2169,3.5626442432403564,-3.239354372024536,-0.0002460218092892319,0.032999277114868164,0.032999273389577866,1.0,3.0,timeout
2170,3.5626299381256104,-3.2393391132354736,-0.0002512481587473303,0.0006737122894264758,0.0006536159780807793,0.0,3.0,timeout
2171,3.5626301765441895,-3.2393388748168945,-0.0002508493489585817,1.6320043869200163e-05,1.0536711670283694e-05,0.0,-3.0,timeout
2172,3.561933994293213,-3.2385730743408203,-0.0002453551278449595,0.03234262019395828,0.03234216570854187,1.0,-3.0,timeout
2173,3.561933994293213,-3.238572597503662,-0.00025050208205357194,0.00016153109027072787,1.4901160284352954e-05,0.0,0.0,timeout
2174,3.561239719390869,-3.237804889678955,-0.0002452665357850492,0.0323466993868351,0.03234628215432167,1.0,-3.0,timeout
2175,3.560532808303833,-3.237020492553711,-0.000245466799242422,0.032998017966747284,0.032998014241456985,1.0,3.0,timeout
2176,3.560533046722412,-3.2370197772979736,-0.0002508752222638577,0.00017064751591533422,2.3560804038424976e-05,0.0,-3.0,timeout
2177,3.560532808303833,-3.2370200157165527,-0.00025047981762327254,1.623892785573844e-05,1.0536711670283694e-05,0.0,3.0,timeout
2178,3.5598254203796387,-3.2362375259399414,-0.00024495492107234895,0.032964207231998444,0.03296375274658203,1.0,-3.0,timeout
2179,3.55981183052063,-3.2362215518951416,-0.0002501676499377936,0.0006753376219421625,0.0006553970160894096,0.0,-3.0,timeout
2180,3.5591211318969727,-3.235450506210327,-0.00024509907234460115,0.03234943374991417,0.03234904631972313,1.0,-3.0,timeout
2181,3.5584185123443604,-3.2346622943878174,-0.00024532765382900834,0.03299727663397789,0.03299727663397789,1.0,-3.0,timeout
2182,3.5584053993225098,-3.2346458435058594,-0.00025067830574698746,0.0006783570279367268,0.0006574266008101404,0.0,-3.0,timeout
2183,3.5584053993225098,-3.2346458435058594,-0.0002504139265511185,8.26184987090528e-06,0.0,0.0,3.0,timeout
2184,3.558405876159668,-3.234645366668701,-0.0002498840040061623,2.6801591957337223e-05,2.1073423340567388e-05,0.0,-3.0,timeout
2185,3.55772066116333,-3.2338695526123047,-0.0002445683639962226,0.032346922904253006,0.03234649822115898,1.0,-3.0,timeout
2186,3.5577075481414795,-3.233853340148926,-0.0002497713139746338,0.0006715958006680012,0.0006516170687973499,0.0,-3.0,timeout
2187,3.5570261478424072,-3.233074426651001,-0.0002447782608214766,0.032340917736291885,0.03234054148197174,1.0,-3.0,timeout
2188,3.5570130348205566,-3.233057737350464,-0.00024995385319925845,0.0006827039760537446,0.0006632690201513469,0.0,-3.0,timeout
2189,3.557013511657715,-3.2330572605133057,-0.0002498110698070377,2.1540623492910527e-05,2.1073423340567388e-05,0.0,-3.0,timeout
2190,3.556323289871216,-3.2322585582733154,-0.0002444394340272993,0.032988518476486206,0.03298809006810188,1.0,3.0,timeout
2191,3.555631637573242,-3.2314608097076416,-0.0002448667073622346,0.032994817942380905,0.03299481421709061,1.0,-3.0,timeout
2192,3.5549416542053223,-3.230661153793335,-0.00024542989558540285,0.03300578147172928,0.03300577774643898,1.0,-3.0,timeout
2193,3.554253101348877,-3.229860544204712,-0.0002459012612234801,0.0329991839826107,0.032999180257320404,1.0,3.0,timeout
2194,3.554253339767456,-3.2298598289489746,-0.00025123730301856995,0.00016840755415614694,2.3560804038424976e-05,0.0,-3.0,timeout
2195,3.5535786151885986,-3.2290749549865723,-0.00024587460211478174,0.03234501928091049,0.03234458342194557,1.0,-3.0,timeout
2196,3.5528924465179443,-3.2282724380493164,-0.0002459441893734038,0.03299592807888985,0.03299592807888985,1.0,-3.0,timeout
2197,3.5522079467773438,-3.227468252182007,-0.0002462887205183506,0.03300175815820694,0.03300175443291664,1.0,-3.0,timeout
2198,3.551525354385376,-3.2266623973846436,-0.00024657847825437784,0.033002935349941254,0.033002931624650955,1.0,-3.0,timeout
2199,3.550844669342041,-3.2258551120758057,-0.0002468110469635576,0.03299860656261444,0.03299860283732414,1.0,-3.0,timeout
2200,3.5508320331573486,-3.2258381843566895,-0.00025187889696098864,0.000678854645229876,0.0006601231289096177,0.0,-3.0,timeout
2201,3.550154447555542,-3.2250287532806396,-0.00024639477487653494,0.032988082617521286,0.03298763930797577,1.0,3.0,timeout
2202,3.550140857696533,-3.22501277923584,-0.00025133814779110253,0.0006733568152412772,0.0006553970160894096,0.0,3.0,timeout
2203,3.5494601726531982,-3.22420597076416,-0.00024593027774244547,0.03298764303326607,0.032987210899591446,1.0,-3.0,timeout
2204,3.5487802028656006,-3.223397970199585,-0.00024609253159724176,0.03300129622220993,0.03300129622220993,1.0,3.0,timeout
2205,3.548098564147949,-3.2225916385650635,-0.0002464113640598953,0.032995060086250305,0.03299505636096001,1.0,3.0,timeout
2206,3.547415256500244,-3.2217862606048584,-0.0002466661389917135,0.03300602361559868,0.03300601989030838,1.0,-3.0,timeout
2207,3.546734094619751,-3.2209794521331787,-0.00024688002304174006,0.03299682214856148,0.03299682214856148,1.0,-3.0,timeout
2208,3.5460541248321533,-3.2201714515686035,-0.0002470616018399596,0.03300129622220993,0.03300129622220993,1.0,3.0,timeout
2209,3.545372486114502,-3.219364881515503,-0.00024719705106690526,0.033000748604536057,0.033000748604536057,1.0,3.0,timeout
2210,3.545372247695923,-3.2193644046783447,-0.0002522724389564246,0.00015947845531627536,1.6660003893775865e-05,0.0,-3.0,timeout
2211,3.5446906089782715,-3.2185587882995605,-0.00024661849602125585,0.03297846019268036,0.032977987080812454,1.0,3.0,timeout
2212,3.544006586074829,-3.2177538871765137,-0.0002466299629304558,0.033009130507707596,0.0330091267824173,1.0,3.0,timeout
2213,3.54400634765625,-3.2177536487579346,-0.00025180811644531786,0.00016215996583923697,1.0536711670283694e-05,0.0,-3.0,timeout
2214,3.5433366298675537,-3.2169647216796875,-0.00024633004795759916,0.03233971819281578,0.03233925998210907,1.0,-3.0,timeout
2215,3.5426554679870605,-3.216157913208008,-0.0002463078999426216,0.03299682214856148,0.03299682214856148,1.0,-3.0,timeout
2216,3.54264235496521,-3.21614146232605,-0.00025146128609776497,0.0006768638850189745,0.0006574266008101404,0.0,-3.0,timeout
2217,3.541978359222412,-3.2153472900390625,-0.00024614474386908114,0.0323498360812664,0.03234940767288208,1.0,-3.0,timeout
2218,3.5413026809692383,-3.21453595161438,-0.00024617413873784244,0.03299519419670105,0.03299519047141075,1.0,3.0,timeout
2219,3.5412888526916504,-3.21451997756958,-0.00025135601754300296,0.000679817283526063,0.0006602492649108171,0.0,3.0,timeout
2220,3.5406100749969482,-3.213711738586426,-0.0002459544048178941,0.032983459532260895,0.03298302739858627,1.0,-3.0,timeout
2221,3.5399322509765625,-3.2129018306732178,-0.0002461124677211046,0.03300384804606438,0.03300384804606438,1.0,3.0,timeout
2222,3.539252519607544,-3.2120938301086426,-0.00024642745847813785,0.03299650177359581,0.03299650177359581,1.0,3.0,timeout
2223,3.538571357727051,-3.211286783218384,-0.0002466789446771145,0.033002518117427826,0.03300251439213753,1.0,-3.0,timeout
2224,3.5378916263580322,-3.2104785442352295,-0.0002469005703460425,0.03300220146775246,0.03300220146775246,1.0,3.0,timeout
2225,3.5378916263580322,-3.2104780673980713,-0.0002520359412301332,0.00016117066843435168,1.4901160284352954e-05,0.0,-3.0,timeout
2226,3.5372118949890137,-3.2096705436706543,-0.0002464292920194566,0.032985568046569824,0.032985102385282516,1.0,3.0,timeout
2227,3.5365307331085205,-3.2088637351989746,-0.0002464681165292859,0.03299682214856148,0.03299682214856148,1.0,-3.0,timeout
2228,3.53585147857666,-3.208055019378662,-0.0002467106969561428,0.033004023134708405,0.033004023134708405,1.0,-3.0,timeout
2229,3.5351734161376953,-3.207245349884033,-0.00024692571605555713,0.03300292044878006,0.03300292044878006,1.0,3.0,timeout
2230,3.534494161605835,-3.2064368724823,-0.000247078511165455,0.03299831971526146,0.03299831971526146,1.0,-3.0,timeout
2231,3.5338168144226074,-3.2056267261505127,-0.00024720991495996714,0.033000003546476364,0.033000003546476364,1.0,-3.0,timeout
2232,3.533804178237915,-3.2056100368499756,-0.0002521973510738462,0.0006724781705997884,0.0006541677284985781,0.0,-3.0,timeout
2233,3.533803939819336,-3.2056100368499756,-0.0002516296517569572,1.924162461364176e-05,7.450580142176477e-06,0.0,3.0,timeout
2234,3.533130407333374,-3.2048003673553467,-0.0002458869421388954,0.03291269764304161,0.032912205904722214,1.0,-3.0,timeout
2235,3.5331177711486816,-3.2047836780548096,-0.0002509055775590241,0.0006727048894390464,0.0006541677284985781,0.0,-3.0,timeout
2236,3.5324459075927734,-3.203969717025757,-0.0002456044312566519,0.032982613891363144,0.032982196658849716,1.0,3.0,timeout
2237,3.531771659851074,-3.2031569480895996,-0.0002458220988046378,0.033000994473695755,0.033000994473695755,1.0,3.0,timeout
2238,3.5310962200164795,-3.202345132827759,-0.0002461847907397896,0.03300188109278679,0.03300187736749649,1.0,-3.0,timeout
2239,3.5304226875305176,-3.2015318870544434,-0.00024649451370351017,0.03299820423126221,0.03299820423126221,1.0,-3.0,timeout
2240,3.529750347137451,-3.2007174491882324,-0.00024675330496393144,0.033003173768520355,0.033003173768520355,1.0,3.0,timeout
2241,3.5290768146514893,-3.199904203414917,-0.0002469407336320728,0.03299820423126221,0.03299820423126221,1.0,-3.0,timeout
2242,3.5290639400482178,-3.19988751411438,-0.0002519816334825009,0.0006772667402401567,0.0006586919771507382,0.0,-3.0,timeout
2243,3.528407573699951,-3.199087381362915,-0.0002465618890710175,0.03234123811125755,0.032340794801712036,1.0,-3.0,timeout
2244,3.5277397632598877,-3.1982691287994385,-0.000246498006163165,0.033005502074956894,0.033005502074956894,1.0,-3.0,timeout
2245,3.527074098587036,-3.1974496841430664,-0.00024673185544088483,0.032992053776979446,0.03299205005168915,1.0,-3.0,timeout
2246,3.527073621749878,-3.19744873046875,-0.0002519175468478352,0.00016544289246667176,3.332000778755173e-05,0.0,3.0,timeout
2247,3.5264205932617188,-3.196645736694336,-0.00024642201606184244,0.0323445089161396,0.03234405443072319,1.0,3.0,timeout
2248,3.525752544403076,-3.1958279609680176,-0.00024637102615088224,0.03299867361783981,0.03299867361783981,1.0,-3.0,timeout
2249,3.525085926055908,-3.1950089931488037,-0.0002466391888447106,0.03299929201602936,0.03299929201602936,1.0,3.0,timeout
2250,3.5244176387786865,-3.1941912174224854,-0.0002468487073201686,0.033003389835357666,0.03300338611006737,1.0,-3.0,timeout
2251,3.5237514972686768,-3.1933717727661133,-0.00024702621158212423,0.03300144895911217,0.03300144895911217,1.0,-3.0,timeout
2252,3.5237388610839844,-3.193355083465576,-0.00025205055135302246,0.0006727464497089386,0.0006541677284985781,0.0,-3.0,timeout
2253,3.523089647293091,-3.192548990249634,-0.00024661727366037667,0.032344795763492584,0.03234435245394707,1.0,-3.0,timeout
2254,3.5224292278289795,-3.191725015640259,-0.0002465424477122724,0.03299928829073906,0.03299928829073906,1.0,-3.0,timeout
2255,3.521770715713501,-3.19089937210083,-0.00024676750763319433,0.03300280496478081,0.03300280123949051,1.0,-3.0,timeout
2256,3.5211141109466553,-3.1900722980499268,-0.00024696148466318846,0.03300066664814949,0.03300066664814949,1.0,-3.0,timeout
2257,3.5204591751098633,-3.189244031906128,-0.00024711742298677564,0.032997481524944305,0.03299747779965401,1.0,-3.0,timeout
2258,3.519806146621704,-3.1884140968322754,-0.00024724219110794365,0.03300151601433754,0.03300151601433754,1.0,-3.0,timeout
2259,3.5191547870635986,-3.1875827312469482,-0.00024734626640565693,0.03300446644425392,0.03300446644425392,1.0,0.0,timeout
2260,3.5191426277160645,-3.187565565109253,-0.0002523026487324387,0.0006753845373168588,0.000657384458463639,0.0,-3.0,timeout
2261,3.5184929370880127,-3.1867337226867676,-0.0002467336889822036,0.03298452869057655,0.032984066754579544,1.0,3.0,timeout
2262,3.517841339111328,-3.1859028339385986,-0.0002467161975800991,0.032997336238622665,0.032997336238622665,1.0,-3.0,timeout
2263,3.5178403854370117,-3.185901403427124,-0.0002518914407119155,0.00017041710088960826,5.372689702198841e-05,0.0,3.0,timeout
2264,3.5171892642974854,-3.185070514678955,-0.00024629905237816274,0.03298860415816307,0.03298814222216606,1.0,-3.0,timeout
2265,3.5165395736694336,-3.1842379570007324,-0.00024637437309138477,0.03300169110298157,0.03300168737769127,1.0,-3.0,timeout
2266,3.5158915519714355,-3.1834044456481934,-0.0002466461737640202,0.03299315273761749,0.03299315273761749,1.0,3.0,timeout
2267,3.5152416229248047,-3.1825718879699707,-0.00024685467360541224,0.03300626948475838,0.03300626948475838,1.0,-3.0,timeout
2268,3.515240430831909,-3.182569980621338,-0.0002520096895750612,0.00017576075333636254,7.028863183222711e-05,0.0,3.0,timeout
2269,3.5145909786224365,-3.1817378997802734,-0.00024639704497531056,0.03298582136631012,0.03298535570502281,1.0,-3.0,timeout
2270,3.5139431953430176,-3.180903911590576,-0.00024645295343361795,0.03300034627318382,0.033000342547893524,1.0,-3.0,timeout
2271,3.513942241668701,-3.1809020042419434,-0.0002516796230338514,0.00017640492296777666,6.664001557510346e-05,0.0,3.0,timeout
2272,3.5132946968078613,-3.1800684928894043,-0.0002461310650687665,0.03298446536064148,0.03298400714993477,1.0,-3.0,timeout
2273,3.512648582458496,-3.1792328357696533,-0.00024624026264064014,0.03300962597131729,0.03300962224602699,1.0,-3.0,timeout
2274,3.5120046138763428,-3.178395986557007,-0.0002465297293383628,0.03299816697835922,0.03299816697835922,1.0,-3.0,timeout
2275,3.512005090713501,-3.1783952713012695,-0.00025175444898195565,0.00016546765982639045,2.6863448510994203e-05,0.0,0.0,timeout
2276,3.5113754272460938,-3.1775739192962646,-0.0002462843549437821,0.03234224021434784,0.032341789454221725,1.0,-3.0,timeout
2277,3.510735273361206,-3.17673397064209,-0.0002462721604388207,0.0330025851726532,0.0330025851726532,1.0,-3.0,timeout
2278,3.510096788406372,-3.1758928298950195,-0.0002465512661729008,0.03300066292285919,0.03300065919756889,1.0,-3.0,timeout
2279,3.509460210800171,-3.1750502586364746,-0.00024678866611793637,0.033000316470861435,0.033000316470861435,1.0,-3.0,timeout
2280,3.509448766708374,-3.175032615661621,-0.00025186099810525775,0.000676019408274442,0.000657173281069845,0.0,-3.0,timeout
2281,3.509449005126953,-3.175032377243042,-0.00025136047042906284,1.8859438569052145e-05,1.0536711670283694e-05,0.0,3.0,timeout
2282,3.50882625579834,-3.174205780029297,-0.0002457652008160949,0.03234202787280083,0.03234155476093292,1.0,3.0,timeout
2283,3.508826732635498,-3.1742048263549805,-0.00025081291096284986,0.0001612216728972271,3.332000778755173e-05,0.0,-3.0,timeout
2284,3.5081911087036133,-3.1733622550964355,-0.0002454355708323419,0.03298278525471687,0.03298235684633255,1.0,3.0,timeout
2285,3.507553815841675,-3.172520160675049,-0.00024567273794673383,0.03300191089510918,0.03300190716981888,1.0,-3.0,timeout
2286,3.506918430328369,-3.1716766357421875,-0.0002460748073644936,0.033001672476530075,0.033001672476530075,1.0,-3.0,timeout
2287,3.5062849521636963,-3.1708316802978516,-0.00024640728952363133,0.033001601696014404,0.033001597970724106,1.0,-3.0,timeout
2288,3.5062732696533203,-3.170814275741577,-0.00025155581533908844,0.000674527371302247,0.0006550581310875714,0.0,-3.0,timeout
2289,3.5056562423706055,-3.169983386993408,-0.00024622154887765646,0.032342273741960526,0.032341841608285904,1.0,-3.0,timeout
2290,3.505028247833252,-3.1691343784332275,-0.0002462354314047843,0.03300083801150322,0.03300083428621292,1.0,3.0,timeout
2291,3.5043983459472656,-3.1682868003845215,-0.00024652149295434356,0.03300042822957039,0.03300042450428009,1.0,3.0,timeout
2292,3.5037662982940674,-3.16744065284729,-0.0002467640151735395,0.03300464525818825,0.03300464153289795,1.0,3.0,timeout
2293,3.503753423690796,-3.167424201965332,-0.00025184202240779996,0.0006718190852552652,0.0006528085796162486,0.0,3.0,timeout
2294,3.5031182765960693,-3.166581153869629,-0.0002463438722770661,0.032985735684633255,0.03298528492450714,1.0,-3.0,timeout
2295,3.5024845600128174,-3.165736198425293,-0.00024641872732900083,0.03300607204437256,0.03300607204437256,1.0,0.0,timeout
2296,3.5018510818481445,-3.164891242980957,-0.00024666794342920184,0.033001601696014404,0.033001597970724106,1.0,-3.0,timeout
2297,3.5018391609191895,-3.1648740768432617,-0.0002517632383387536,0.0006722359685227275,0.0006531061371788383,0.0,-3.0,timeout
2298,3.5012094974517822,-3.164026975631714,-0.0002463028358761221,0.03298446536064148,0.03298402577638626,1.0,3.0,timeout
2299,3.5012094974517822,-3.1640264987945557,-0.0002513487124815583,0.00015838614490348846,1.4901160284352954e-05,0.0,-3.0,timeout
2300,3.500579357147217,-3.163179636001587,-0.00024586942163296044,0.032987382262945175,0.03298693522810936,1.0,3.0,timeout
2301,3.4999473094940186,-3.1623337268829346,-0.00024603004567325115,0.03299867361783981,0.03299867361783981,1.0,3.0,timeout
2302,3.499946355819702,-3.162332534790039,-0.0002513231011107564,0.00017215037951245904,4.770699160872027e-05,0.0,-3.0,timeout
2303,3.4993271827697754,-3.1615030765533447,-0.0002459472743794322,0.032346468418836594,0.032346032559871674,1.0,-3.0,timeout
2304,3.498697280883789,-3.1606557369232178,-0.0002460125833749771,0.03299444541335106,0.03299444541335106,1.0,3.0,timeout
2305,3.498065233230591,-3.1598095893859863,-0.00024634363944642246,0.03300464525818825,0.03300464153289795,1.0,3.0,timeout
2306,3.497431993484497,-3.1589646339416504,-0.0002466115402057767,0.03299713134765625,0.03299713134765625,1.0,-3.0,timeout
2307,3.497419595718384,-3.158947467803955,-0.00025171806919388473,0.0006806888850405812,0.0006617189501412213,0.0,-3.0,timeout
2308,3.496802806854248,-3.158116340637207,-0.000246350682573393,0.03234381973743439,0.03234338387846947,1.0,-3.0,timeout
2309,3.496175765991211,-3.157266855239868,-0.00024632882559672,0.032995112240314484,0.032995108515024185,1.0,-3.0,timeout
2310,3.4955501556396484,-3.1564159393310547,-0.00024660612689331174,0.03300458937883377,0.03300458565354347,1.0,3.0,timeout
2311,3.494922399520874,-3.155566692352295,-0.0002468320308253169,0.033002398908138275,0.03300239518284798,1.0,3.0,timeout
2312,3.4949097633361816,-3.155550241470337,-0.00025189630105160177,0.0006672819145023823,0.0006482432945631444,0.0,3.0,timeout
2313,3.494278907775879,-3.1547038555145264,-0.000246387324295938,0.032988786697387695,0.03298833593726158,1.0,-3.0,timeout
2314,3.4936492443084717,-3.153855800628662,-0.00024645356461405754,0.033007945865392685,0.033007945865392685,1.0,0.0,timeout
2315,3.4930202960968018,-3.153007745742798,-0.0002466958248987794,0.032994624227285385,0.032994624227285385,1.0,-3.0,timeout
2316,3.4930083751678467,-3.1529903411865234,-0.0002517855609767139,0.0006781555712223053,0.0006592395366169512,0.0,-3.0,timeout
2317,3.4930083751678467,-3.1529903411865234,-0.00025130034191533923,1.5163094758463558e-05,0.0,0.0,3.0,timeout
2318,3.4923930168151855,-3.15215802192688,-0.00024571764515712857,0.0323471799492836,0.032346710562705994,1.0,3.0,timeout
2319,3.4923927783966064,-3.15215802192688,-0.00025078069302253425,0.0001583955599926412,7.450580142176477e-06,0.0,0.0,timeout
2320,3.49177622795105,-3.1513266563415527,-0.0002454885689076036,0.032345350831747055,0.03234492987394333,1.0,-3.0,timeout
2321,3.4911491870880127,-3.150477170944214,-0.00024563443730585277,0.032995112240314484,0.032995108515024185,1.0,-3.0,timeout
2322,3.4905240535736084,-3.1496260166168213,-0.00024604075588285923,0.033001769334077835,0.03300176560878754,1.0,-3.0,timeout
2323,3.489900588989258,-3.148773431777954,-0.00024638467584736645,0.033006999641656876,0.03300699591636658,1.0,0.0,timeout
2324,3.4892773628234863,-3.147921085357666,-0.0002466516161803156,0.032996587455272675,0.032996583729982376,1.0,-3.0,timeout
2325,3.4886560440063477,-3.147067070007324,-0.0002468691673129797,0.03300359845161438,0.03300359845161438,1.0,-3.0,timeout
2326,3.4880361557006836,-3.146212100982666,-0.00024705263786017895,0.03300144150853157,0.03300144150853157,1.0,3.0,timeout
2327,3.487414836883545,-3.1453583240509033,-0.0002471802872605622,0.03299757465720177,0.03299757093191147,1.0,-3.0,timeout
2328,3.487403154373169,-3.145340919494629,-0.00025217325310222805,0.0006733844056725502,0.0006550581310875714,0.0,-3.0,timeout
2329,3.48679780960083,-3.1445014476776123,-0.0002467155281919986,0.03234314173460007,0.03234269469976425,1.0,-3.0,timeout
2330,3.486182451248169,-3.1436431407928467,-0.0002466209698468447,0.03300326317548752,0.03300326317548752,1.0,-3.0,timeout
2331,3.486171245574951,-3.143625497817993,-0.0002517121029086411,0.0006722464459016919,0.0006531486287713051,0.0,-3.0,timeout
2332,3.4855592250823975,-3.142765522003174,-0.0002462610718794167,0.03298551216721535,0.03298507258296013,1.0,3.0,timeout
2333,3.484945774078369,-3.1419060230255127,-0.00024633793509565294,0.03299888223409653,0.03299888223409653,1.0,-3.0,timeout
2334,3.4849424362182617,-3.1419012546539307,-0.0002515702217351645,0.00024458090774714947,0.0001818918390199542,0.0,3.0,timeout
2335,3.4843287467956543,-3.1410419940948486,-0.00024606395163573325,0.03299759700894356,0.03299714997410774,1.0,0.0,timeout
2336,3.48431658744812,-3.1410250663757324,-0.00025107679539360106,0.0006698924116790295,0.0006513188127428293,0.0,3.0,timeout
2337,3.48370099067688,-3.140167474746704,-0.00024572163238190114,0.03298986703157425,0.032989442348480225,1.0,-3.0,timeout
2338,3.4830873012542725,-3.139308214187622,-0.0002459155803080648,0.03299714997410774,0.03299714997410774,1.0,-3.0,timeout
2339,3.482475519180298,-3.1384472846984863,-0.0002462700067553669,0.03300504386425018,0.033005040138959885,1.0,-3.0,timeout
2340,3.481865644454956,-3.137585163116455,-0.0002465637226123363,0.03300096094608307,0.03300095722079277,1.0,-3.0,timeout
2341,3.481257915496826,-3.1367218494415283,-0.0002467992017045617,0.032992735505104065,0.032992735505104065,1.0,-3.0,timeout
2342,3.4812583923339844,-3.136721134185791,-0.0002519703994039446,0.00016381753084715456,2.6863448510994203e-05,0.0,0.0,timeout
2343,3.480652093887329,-3.1358566284179688,-0.00024636596208438277,0.0329979807138443,0.03299751132726669,1.0,0.0,timeout
2344,3.4800453186035156,-3.1349923610687256,-0.0002464335993863642,0.032999973744153976,0.032999973744153976,1.0,3.0,timeout
2345,3.4794363975524902,-3.134129762649536,-0.000246683630393818,0.03299592807888985,0.03299592807888985,1.0,3.0,timeout
2346,3.4794342517852783,-3.1341257095336914,-0.00025184257538057864,0.00021570826356764883,0.0001433147699572146,0.0,-3.0,timeout
2347,3.478837728500366,-3.133280038833618,-0.0002463767013978213,0.03234078735113144,0.032340336591005325,1.0,-3.0,timeout
2348,3.478231430053711,-3.132415294647217,-0.00024634625879116356,0.033003613352775574,0.033003613352775574,1.0,-3.0,timeout
2349,3.4776272773742676,-3.13154935836792,-0.0002466101141180843,0.03299570828676224,0.03299570828676224,1.0,-3.0,timeout
2350,3.477025032043457,-3.1306817531585693,-0.000246835348661989,0.03300447016954422,0.03300447016954422,1.0,-3.0,timeout
2351,3.4764246940612793,-3.1298129558563232,-0.0002470163453835994,0.03300115838646889,0.03300115838646889,1.0,-3.0,timeout
2352,3.4764206409454346,-3.1298065185546875,-0.00025211391039192677,0.00028615814517252147,0.00023771905398461968,0.0,3.0,timeout
2353,3.475820302963257,-3.1289381980895996,-0.0002465051366016269,0.032989367842674255,0.03298890218138695,1.0,-3.0,timeout
2354,3.475809335708618,-3.128920078277588,-0.00025142234517261386,0.0006794896326027811,0.000661886646412313,0.0,-3.0,timeout
2355,3.475224733352661,-3.128066062927246,-0.00024610417312942445,0.032342322170734406,0.03234189376235008,1.0,-3.0,timeout
2356,3.4746298789978027,-3.1271936893463135,-0.00024614090216346085,0.032996319234371185,0.032996319234371185,1.0,3.0,timeout
2357,3.4740333557128906,-3.1263222694396973,-0.00024643648066557944,0.0330011323094368,0.0330011323094368,1.0,-3.0,timeout
2358,3.4734387397766113,-3.1254494190216064,-0.00024669605772942305,0.033004436641931534,0.033004436641931534,1.0,-3.0,timeout
2359,3.472846269607544,-3.12457537651062,-0.00024690490681678057,0.03299755975604057,0.032997556030750275,1.0,-3.0,timeout
2360,3.4722557067871094,-3.123699903488159,-0.0002470720501150936,0.03300120308995247,0.03300120308995247,1.0,-3.0,timeout
2361,3.4716670513153076,-3.1228232383728027,-0.0002472058404237032,0.03299883008003235,0.03299883008003235,1.0,-3.0,timeout
2362,3.4710795879364014,-3.12194561958313,-0.00024732176098041236,0.033002838492393494,0.033002834767103195,1.0,3.0,timeout
2363,3.4704906940460205,-3.1210689544677734,-0.0002473955973982811,0.033002983778715134,0.033002980053424835,1.0,-3.0,timeout
2364,3.4699032306671143,-3.1201915740966797,-0.0002474733046256006,0.03299664705991745,0.03299664705991745,1.0,3.0,timeout
2365,3.469313621520996,-3.1193156242370605,-0.0002475260407663882,0.03299690783023834,0.03299690783023834,1.0,3.0,timeout
2366,3.4687225818634033,-3.118440628051758,-0.0002475581713952124,0.032997190952301025,0.032997190952301025,1.0,-3.0,timeout
2367,3.4681332111358643,-3.1175642013549805,-0.00024759347434155643,0.033005110919475555,0.033005110919475555,1.0,-3.0,timeout
2368,3.4681222438812256,-3.117546319961548,-0.0002525038435123861,0.000673244649078697,0.0006555240834131837,0.0,-3.0,timeout
2369,3.4675488471984863,-3.116684675216675,-0.00024698005290701985,0.032344065606594086,0.032343603670597076,1.0,-3.0,timeout
2370,3.466965913772583,-3.1158041954040527,-0.00024683246738277376,0.032998815178871155,0.032998815178871155,1.0,-3.0,timeout
2371,3.466960906982422,-3.1157960891723633,-0.00025194446789100766,0.0003378925612196326,0.0002977436815854162,0.0,3.0,timeout
2372,3.466961622238159,-3.115795612335205,-0.00025135610485449433,3.2553074561292306e-05,2.6863448510994203e-05,0.0,-3.0,timeout
2373,3.4669623374938965,-3.115795135498047,-0.00025064434157684445,3.4876611607614905e-05,2.6863448510994203e-05,0.0,-3.0,timeout
2374,3.4663944244384766,-3.1149299144744873,-0.0002451770706102252,0.032342806458473206,0.03234235569834709,1.0,-3.0,timeout
2375,3.466383934020996,-3.1149117946624756,-0.0002502577262930572,0.0006732830079272389,0.0006542950286529958,0.0,-3.0,timeout
2376,3.465820074081421,-3.114043712615967,-0.0002451675827614963,0.03234836086630821,0.032347965985536575,1.0,-3.0,timeout
2377,3.465247392654419,-3.11315655708313,-0.00024538228171877563,0.03299811854958534,0.03299811854958534,1.0,-3.0,timeout
2378,3.46467661857605,-3.1122679710388184,-0.0002458397066220641,0.033003438264131546,0.03300343453884125,1.0,-3.0,timeout
2379,3.464107036590576,-3.1113786697387695,-0.000246228592004627,0.03300213813781738,0.033002134412527084,1.0,3.0,timeout
2380,3.463536262512207,-3.110490322113037,-0.0002465213474351913,0.032997168600559235,0.032997164875268936,1.0,-3.0,timeout
2381,3.4635257720947266,-3.1104719638824463,-0.00025164656108245254,0.0006798877147957683,0.0006607535178773105,0.0,-3.0,timeout
2382,3.4629697799682617,-3.1095988750457764,-0.0002462943084537983,0.03234699368476868,0.032346561551094055,1.0,-3.0,timeout
2383,3.462404489517212,-3.1087069511413574,-0.0002462935517542064,0.0329991914331913,0.0329991914331913,1.0,3.0,timeout
2384,3.462400436401367,-3.108699083328247,-0.00025149702560156584,0.00032083626138046384,0.00027657614555209875,0.0,-3.0,timeout
2385,3.4618465900421143,-3.1078248023986816,-0.0002461193362250924,0.032342493534088135,0.032342053949832916,1.0,-3.0,timeout
2386,3.4612839221954346,-3.106931209564209,-0.00024614151334390044,0.032999515533447266,0.032999515533447266,1.0,-3.0,timeout
2387,3.461273670196533,-3.106912851333618,-0.0002513286017347127,0.0006767872255295515,0.0006570888217538595,0.0,-3.0,timeout
2388,3.4612743854522705,-3.10691237449646,-0.00025092449504882097,2.9683660613955e-05,2.6863448510994203e-05,0.0,-3.0,timeout
2389,3.460728645324707,-3.1060330867767334,-0.00024541615857742727,0.03234049677848816,0.03234003484249115,1.0,-3.0,timeout
2390,3.4601733684539795,-3.1051347255706787,-0.0002455765788909048,0.03300368785858154,0.033003684133291245,1.0,3.0,timeout
2391,3.459616184234619,-3.1042377948760986,-0.00024599386961199343,0.03299708291888237,0.03299707919359207,1.0,3.0,timeout
2392,3.459610939025879,-3.1042284965515137,-0.00025126273976638913,0.00037203519605100155,0.0003336163063067943,0.0,-3.0,timeout
2393,3.4590651988983154,-3.103349208831787,-0.0002459398820064962,0.03234046697616577,0.03234003484249115,1.0,-3.0,timeout
2394,3.4585108757019043,-3.102450370788574,-0.00024599817697890103,0.03300071135163307,0.03300070762634277,1.0,-3.0,timeout
2395,3.458500623703003,-3.1024320125579834,-0.00025121390353888273,0.000677002128213644,0.0006570888217538595,0.0,-3.0,timeout
2396,3.4579498767852783,-3.101531744003296,-0.0002458632516209036,0.03298073261976242,0.032980307936668396,1.0,3.0,timeout
2397,3.4573974609375,-3.1006317138671875,-0.00024601907352916896,0.03300120308995247,0.03300120308995247,1.0,-3.0,timeout
2398,3.4568469524383545,-3.0997304916381836,-0.00024635210866108537,0.0330018512904644,0.0330018512904644,1.0,-3.0,timeout
2399,3.4562981128692627,-3.0988283157348633,-0.00024663881049491465,0.0330001525580883,0.0330001525580883,1.0,3.0,timeout
2400,3.4557478427886963,-3.0979270935058594,-0.0002468492020852864,0.032997965812683105,0.032997965812683105,1.0,-3.0,timeout
2401,3.455739736557007,-3.097913980484009,-0.0002519460394978523,0.0005074061336927116,0.00048175937263295054,0.0,3.0,timeout
2402,3.4551894664764404,-3.097013473510742,-0.00024640350602567196,0.03297934681177139,0.03297889232635498,1.0,-3.0,timeout
2403,3.4551897048950195,-3.097012758255005,-0.0002514433872420341,0.00015924884064588696,2.3560804038424976e-05,0.0,0.0,timeout
2404,3.455190420150757,-3.097012519836426,-0.0002509100013412535,2.886076799768489e-05,2.3560804038424976e-05,0.0,-3.0,timeout
2405,3.455190896987915,-3.0970122814178467,-0.0002502853167243302,2.5663992346380837e-05,1.6660003893775865e-05,0.0,-3.0,timeout
2406,3.4546568393707275,-3.096125602722168,-0.0002448896411806345,0.03234708309173584,0.03234663978219032,1.0,-3.0,timeout
2407,3.4541144371032715,-3.095219612121582,-0.0002451451146043837,0.03299827128648758,0.03299827128648758,1.0,-3.0,timeout
2408,3.4535741806030273,-3.0943121910095215,-0.0002456491638440639,0.03300228342413902,0.033002279698848724,1.0,-3.0,timeout
2409,3.453035831451416,-3.0934038162231445,-0.00024606703664176166,0.03299746662378311,0.03299746289849281,1.0,-3.0,timeout
2410,3.453036308288574,-3.0934031009674072,-0.0002513851213734597,0.00016834729467518628,2.6863448510994203e-05,0.0,0.0,timeout
2411,3.4530370235443115,-3.093402624130249,-0.000250874349148944,3.124769500573166e-05,2.6863448510994203e-05,0.0,-3.0,timeout
2412,3.453037738800049,-3.09340238571167,-0.0002502576098777354,3.0439514375757426e-05,2.3560804038424976e-05,0.0,-3.0,timeout
2413,3.4525156021118164,-3.0925087928771973,-0.0002448675804771483,0.032342828810214996,0.03234238550066948,1.0,-3.0,timeout
2414,3.4519846439361572,-3.0915958881378174,-0.000245137169258669,0.03300260007381439,0.033002596348524094,1.0,3.0,timeout
2415,3.4514520168304443,-3.090683937072754,-0.0002456330112181604,0.03300311788916588,0.03300311043858528,1.0,-3.0,timeout
2416,3.4509215354919434,-3.089771032333374,-0.0002460534160491079,0.032995112240314484,0.032995108515024185,1.0,-3.0,timeout
2417,3.4503931999206543,-3.0888566970825195,-0.0002463909040670842,0.033000171184539795,0.033000167459249496,1.0,-3.0,timeout
2418,3.449866771697998,-3.0879411697387695,-0.0002466609876137227,0.03300267457962036,0.03300267457962036,1.0,-3.0,timeout
2419,3.4493424892425537,-3.087024450302124,-0.0002468770544510335,0.03300163522362709,0.03300163522362709,1.0,-3.0,timeout
2420,3.4493331909179688,-3.087005615234375,-0.00025193169130943716,0.0006751504261046648,0.0006564125651493669,0.0,-3.0,timeout
2421,3.4488232135772705,-3.0861051082611084,-0.00024652251158840954,0.0323406383395195,0.032340195029973984,1.0,-3.0,timeout
2422,3.4488236904144287,-3.086104393005371,-0.0002514501102268696,0.00015631307906005532,2.6863448510994203e-05,0.0,0.0,timeout
2423,3.4483156204223633,-3.085202693939209,-0.00024602629127912223,0.03234376013278961,0.032343313097953796,1.0,-3.0,timeout
2424,3.4483158588409424,-3.0852019786834717,-0.0002510520280338824,0.00015881170111242682,2.3560804038424976e-05,0.0,3.0,timeout
2425,3.447803020477295,-3.0842909812927246,-0.0002456546062603593,0.03267005458474159,0.03266961872577667,1.0,-3.0,timeout
2426,3.4472873210906982,-3.083369493484497,-0.0002458136877976358,0.03299925476312637,0.03299925476312637,1.0,-3.0,timeout
2427,3.4472782611846924,-3.083350419998169,-0.00025106867542490363,0.0006799979018978775,0.0006598707986995578,0.0,-3.0,timeout
2428,3.4467766284942627,-3.0824451446533203,-0.00024583152844570577,0.03234316408634186,0.03234274685382843,1.0,-3.0,timeout
2429,3.446767568588257,-3.082426071166992,-0.0002507964672986418,0.0006778659881092608,0.0006598707986995578,0.0,-3.0,timeout
2430,3.446270227432251,-3.0815184116363525,-0.0002455997746437788,0.03234368935227394,0.03234328329563141,1.0,-3.0,timeout
2431,3.4457647800445557,-3.0805912017822266,-0.00024573723203502595,0.033000875264406204,0.033000871539115906,1.0,3.0,timeout
2432,3.4457569122314453,-3.0805747509002686,-0.0002510088961571455,0.0005931941559538245,0.0005698598106391728,0.0,-3.0,timeout
2433,3.4457573890686035,-3.0805745124816895,-0.0002506558084860444,1.99826081370702e-05,1.6660003893775865e-05,0.0,-3.0,timeout
2434,3.4457578659057617,-3.0805742740631104,-0.0002500862756278366,2.4378699890803546e-05,1.6660003893775865e-05,0.0,-3.0,timeout
2435,3.4452664852142334,-3.0796635150909424,-0.0002447306760586798,0.03233983367681503,0.03233939781785011,1.0,-3.0,timeout
2436,3.444767475128174,-3.07873272895813,-0.0002450179308652878,0.03300352022051811,0.033003516495227814,1.0,-3.0,timeout
2437,3.444270610809326,-3.077800750732422,-0.0002455474459566176,0.0330047607421875,0.0330047532916069,1.0,-3.0,timeout
2438,3.4437758922576904,-3.0768678188323975,-0.0002459856914356351,0.032999590039253235,0.032999590039253235,1.0,-3.0,timeout
2439,3.4437673091888428,-3.0768485069274902,-0.00025121899670921266,0.0006803650758229196,0.0006604173104278743,0.0,-3.0,timeout
2440,3.443286418914795,-3.075932025909424,-0.0002459523966535926,0.032343681901693344,0.032343264669179916,1.0,-3.0,timeout
2441,3.443286657333374,-3.0759315490722656,-0.00025099777849391103,0.00015854592493269593,1.6660003893775865e-05,0.0,3.0,timeout
2442,3.442803382873535,-3.075010061264038,-0.00024563533952459693,0.03251685947179794,0.03251643106341362,1.0,-3.0,timeout
2443,3.4423155784606934,-3.074073553085327,-0.00024577570729888976,0.03299799934029579,0.03299799934029579,1.0,-3.0,timeout
2444,3.4418294429779053,-3.0731360912323,-0.000246155250351876,0.033000390976667404,0.033000387251377106,1.0,-3.0,timeout
2445,3.441345691680908,-3.072197437286377,-0.0002464720164425671,0.03299926593899727,0.03299926593899727,1.0,-3.0,timeout
2446,3.440863847732544,-3.0712575912475586,-0.0002467260346747935,0.03300515189766884,0.03300515189766884,1.0,-3.0,timeout
2447,3.4408555030822754,-3.0712382793426514,-0.0002518109977245331,0.0006763583514839411,0.0006574266008101404,0.0,-3.0,timeout
2448,3.440856456756592,-3.071237802505493,-0.0002513114013709128,3.679632573039271e-05,3.332000778755173e-05,0.0,-3.0,timeout
2449,3.440389394760132,-3.0703141689300537,-0.0002457359223626554,0.03234453499317169,0.032344065606594086,1.0,3.0,timeout
2450,3.439910888671875,-3.0693726539611816,-0.0002458124072290957,0.03300417959690094,0.03300417959690094,1.0,-3.0,timeout
2451,3.439434766769409,-3.068430185317993,-0.00024618220049887896,0.03299708664417267,0.03299708664417267,1.0,-3.0,timeout
2452,3.438960075378418,-3.0674867630004883,-0.00024650260456837714,0.03300357609987259,0.03300357237458229,1.0,3.0,timeout
2453,3.438483715057373,-3.0665442943573,-0.00024674032465554774,0.03300044685602188,0.03300044685602188,1.0,-3.0,timeout
2454,3.438474416732788,-3.066525936126709,-0.00025183369871228933,0.0006624896195717156,0.0006430848152376711,0.0,3.0,timeout
2455,3.437998056411743,-3.065584182739258,-0.0002463389537297189,0.03298094496130943,0.03298049792647362,1.0,-3.0,timeout
2456,3.43752384185791,-3.064640760421753,-0.0002464083372615278,0.032996878027915955,0.032996878027915955,1.0,-3.0,timeout
2457,3.4375154972076416,-3.0646214485168457,-0.0002515460073482245,0.000676747236866504,0.0006574266008101404,0.0,-3.0,timeout
2458,3.4370546340942383,-3.063694715499878,-0.0002462133707012981,0.032344233244657516,0.03234380483627319,1.0,-3.0,timeout
2459,3.4365861415863037,-3.0627481937408447,-0.00024622876662760973,0.03300374001264572,0.03300373628735542,1.0,3.0,timeout
2460,3.4361155033111572,-3.061802864074707,-0.0002465160796418786,0.03300018608570099,0.03300018608570099,1.0,3.0,timeout
2461,3.435643196105957,-3.0608584880828857,-0.0002467497834004462,0.032996803522109985,0.032996803522109985,1.0,-3.0,timeout
2462,3.4351727962493896,-3.059912919998169,-0.00024695193860679865,0.033003535121679306,0.033003535121679306,1.0,0.0,timeout
2463,3.4347028732299805,-3.058967351913452,-0.000247105082962662,0.032996904104948044,0.032996900379657745,1.0,-3.0,timeout
2464,3.434234380722046,-3.05802059173584,-0.0002472363703418523,0.033010415732860565,0.033010415732860565,1.0,0.0,timeout
2465,3.4337658882141113,-3.0570743083953857,-0.0002473422500770539,0.03299706056714058,0.03299706056714058,1.0,3.0,timeout
2466,3.433295249938965,-3.056128978729248,-0.0002474162611179054,0.03300018608570099,0.03300018608570099,1.0,0.0,timeout
2467,3.4328243732452393,-3.0551838874816895,-0.0002474859356880188,0.03299683704972267,0.03299683704972267,1.0,3.0,timeout
2468,3.4323513507843018,-3.0542397499084473,-0.00024753643083386123,0.033000148832798004,0.033000148832798004,1.0,3.0,timeout
2469,3.4323413372039795,-3.0542211532592773,-0.00025245946017093956,0.0006777312373742461,0.0006600389606319368,0.0,3.0,timeout
2470,3.4323415756225586,-3.0542211532592773,-0.0002518180408515036,2.1384274077718146e-05,7.450580142176477e-06,0.0,-3.0,timeout
2471,3.4318759441375732,-3.0532968044281006,-0.0002461299882270396,0.03234436735510826,0.032343875616788864,1.0,-3.0,timeout
2472,3.431403636932373,-3.0523524284362793,-0.0002461372932884842,0.032996803522109985,0.032996803522109985,1.0,-3.0,timeout
2473,3.4309329986572266,-3.0514070987701416,-0.000246452254941687,0.03300018608570099,0.03300018608570099,1.0,3.0,timeout
2474,3.4304606914520264,-3.0504627227783203,-0.0002466991718392819,0.032996803522109985,0.032996803522109985,1.0,-3.0,timeout
2475,3.429990530014038,-3.0495169162750244,-0.00024690653663128614,0.03300688788294792,0.03300688788294792,1.0,-3.0,timeout
2476,3.4295220375061035,-3.0485706329345703,-0.00024708276032470167,0.03299706056714058,0.03299706056714058,1.0,3.0,timeout
2477,3.429513454437256,-3.048551559448242,-0.0002520860289223492,0.0006720563396811485,0.0006536159780807793,0.0,-3.0,timeout
2478,3.4290544986724854,-3.047623872756958,-0.00024664512602612376,0.03234446793794632,0.032344020903110504,1.0,-3.0,timeout
2479,3.4290544986724854,-3.0476231575012207,-0.00025155089679174125,0.00015492619422730058,2.235173997178208e-05,0.0,3.0,timeout
2480,3.428595781326294,-3.04669451713562,-0.0002460996329318732,0.03236788138747215,0.03236743435263634,1.0,-3.0,timeout
2481,3.4281303882598877,-3.0457465648651123,-0.00024612649576738477,0.03300100564956665,0.03300100564956665,1.0,-3.0,timeout
2482,3.4276669025421143,-3.044797658920288,-0.00024644407676532865,0.03300156071782112,0.03300156071782112,1.0,3.0,timeout
2483,3.427201509475708,-3.0438497066497803,-0.00024669282720424235,0.03300100937485695,0.03300100564956665,1.0,-3.0,timeout
2484,3.4271931648254395,-3.043830394744873,-0.0002517834072932601,0.0006763995625078678,0.0006574266008101404,0.0,-3.0,timeout
2485,3.426741123199463,-3.0428993701934814,-0.0002464037970639765,0.032343026250600815,0.032342590391635895,1.0,-3.0,timeout
2486,3.4262826442718506,-3.041948080062866,-0.00024637155001983047,0.033000294119119644,0.033000290393829346,1.0,-3.0,timeout
2487,3.426274538040161,-3.041928768157959,-0.00025151256704702973,0.0006739362725056708,0.0006545070791617036,0.0,-3.0,timeout
2488,3.4262747764587402,-3.04192852973938,-0.00025108130648732185,1.710698415990919e-05,1.0536711670283694e-05,0.0,3.0,timeout
2489,3.4258272647857666,-3.0409953594207764,-0.00024553178809583187,0.03234192356467247,0.03234146162867546,1.0,-3.0,timeout
2490,3.4253733158111572,-3.040041923522949,-0.00024565946660004556,0.03299960866570473,0.03299960866570473,1.0,-3.0,timeout
2491,3.4253652095794678,-3.040022373199463,-0.000250942655839026,0.0006816786481067538,0.0006613832665607333,0.0,-3.0,timeout
2492,3.424924373626709,-3.039085865020752,-0.0002457306254655123,0.03234655410051346,0.03234614431858063,1.0,-3.0,timeout
2493,3.4244771003723145,-3.0381293296813965,-0.0002458333328831941,0.032998181879520416,0.032998181879520416,1.0,-3.0,timeout
2494,3.4240312576293945,-3.0371720790863037,-0.00024620958720333874,0.03299953415989876,0.03299953043460846,1.0,3.0,timeout
2495,3.424023151397705,-3.0371525287628174,-0.0002513874205760658,0.0006808887119404972,0.0006613832665607333,0.0,-3.0,timeout
2496,3.4235777854919434,-3.0361971855163574,-0.0002460078685544431,0.032939642667770386,0.032939210534095764,1.0,3.0,timeout
2497,3.4231300354003906,-3.035240650177002,-0.00024612952256575227,0.03300449624657631,0.03300449624657631,1.0,-3.0,timeout
2498,3.423121929168701,-3.0352213382720947,-0.00025132205337285995,0.0006743218400515616,0.0006545070791617036,0.0,-3.0,timeout
2499,3.422687292098999,-3.0342819690704346,-0.0002460340620018542,0.03234566003084183,0.0323452390730381,1.0,-3.0,timeout
2500,3.4222464561462402,-3.033322334289551,-0.00024607565137557685,0.03300146758556366,0.03300146758556366,1.0,-3.0,timeout
2501,3.4222469329833984,-3.0333218574523926,-0.00025137735065072775,0.00016701292770449072,2.1073423340567388e-05,0.0,0.0,timeout
2502,3.421816825866699,-3.0323805809020996,-0.00024598193704150617,0.03234069421887398,0.03234025463461876,1.0,-3.0,timeout
2503,3.4213802814483643,-3.031419038772583,-0.0002460344403516501,0.032999973744153976,0.032999973744153976,1.0,0.0,timeout
2504,3.421372652053833,-3.0313992500305176,-0.0002512387582100928,0.0006824293523095548,0.0006627667462453246,0.0,-3.0,timeout
2505,3.4209468364715576,-3.030456066131592,-0.00024596715229563415,0.03233948349952698,0.03233906626701355,1.0,-3.0,timeout
2506,3.4205145835876465,-3.0294926166534424,-0.00024603179190307856,0.032999131828546524,0.032999131828546524,1.0,3.0,timeout
2507,3.4200804233551025,-3.0285298824310303,-0.00024634916917420924,0.033003199845552444,0.033003196120262146,1.0,-3.0,timeout
2508,3.4196486473083496,-3.0275661945343018,-0.0002466261212248355,0.03299983590841293,0.03299983590841293,1.0,-3.0,timeout
2509,3.4192187786102295,-3.026601552963257,-0.0002468488528393209,0.03300272673368454,0.03300272673368454,1.0,-3.0,timeout
2510,3.4187912940979004,-3.0256359577178955,-0.00024702714290469885,0.03299972042441368,0.03299972042441368,1.0,-3.0,timeout
2511,3.418365955352783,-3.0246694087982178,-0.0002471698389854282,0.032999906688928604,0.032999906688928604,1.0,-3.0,timeout
2512,3.417942762374878,-3.0237019062042236,-0.00024728401331231,0.03300026059150696,0.03300025686621666,1.0,-3.0,timeout
2513,3.4175217151641846,-3.022733449935913,-0.00024737537023611367,0.033000774681568146,0.033000774681568146,1.0,-3.0,timeout
2514,3.417102098464966,-3.0217645168304443,-0.00024745729751884937,0.03299664705991745,0.03299664705991745,1.0,3.0,timeout
2515,3.416680097579956,-3.020796537399292,-0.0002475129731465131,0.032999005168676376,0.032999005168676376,1.0,3.0,timeout
2516,3.416672468185425,-3.0207769870758057,-0.0002524294250179082,0.0006735764909535646,0.0006558204186148942,0.0,-3.0,timeout
2517,3.4162590503692627,-3.0198280811309814,-0.000246920099016279,0.03234589472413063,0.03234543651342392,1.0,-3.0,timeout
2518,3.4162516593933105,-3.019808530807495,-0.00025166591512970626,0.0006697745993733406,0.0006531486287713051,0.0,-3.0,timeout
2519,3.4162521362304688,-3.019808292388916,-0.00025118031771853566,2.2535170501214452e-05,1.6660003893775865e-05,0.0,-3.0,timeout
2520,3.4162521362304688,-3.019808292388916,-0.00025051558623090386,2.0772857169504277e-05,0.0,0.0,3.0,timeout
2521,3.4158427715301514,-3.018857717514038,-0.0002450751489959657,0.03234339505434036,0.032342951744794846,1.0,3.0,timeout
2522,3.4154231548309326,-3.0178885459899902,-0.0002452820772305131,0.03300348296761513,0.03300348296761513,1.0,-3.0,timeout
2523,3.415005683898926,-3.016918420791626,-0.00024576272699050605,0.0330042764544487,0.0330042727291584,1.0,0.0,timeout
2524,3.414588451385498,-3.0159482955932617,-0.00024615321308374405,0.03300132974982262,0.03300132602453232,1.0,-3.0,timeout
2525,3.414172887802124,-3.0149776935577393,-0.00024648019461892545,0.032994456589221954,0.032994452863931656,1.0,3.0,timeout
2526,3.4141652584075928,-3.014958143234253,-0.00025160424411296844,0.0006750858156010509,0.0006558204186148942,0.0,-3.0,timeout
2527,3.4137585163116455,-3.0140063762664795,-0.00024625970399938524,0.032345306128263474,0.03234487026929855,1.0,-3.0,timeout
2528,3.4133453369140625,-3.0130345821380615,-0.000246265932219103,0.03299948200583458,0.03299948200583458,1.0,3.0,timeout
2529,3.412930727005005,-3.012063503265381,-0.0002465362777002156,0.032996442168951035,0.032996442168951035,1.0,-3.0,timeout
2530,3.412518262863159,-3.0110912322998047,-0.0002467755402904004,0.03300446271896362,0.033004458993673325,1.0,-3.0,timeout
2531,3.4121079444885254,-3.010118246078491,-0.00024696820764802396,0.03299892321228981,0.03299892321228981,1.0,-3.0,timeout
2532,3.4117000102996826,-3.0091443061828613,-0.00024712245794944465,0.032997533679008484,0.032997533679008484,1.0,-3.0,timeout
2533,3.4112939834594727,-3.008169412612915,-0.00024724594550207257,0.03300205618143082,0.03300205618143082,1.0,-3.0,timeout
2534,3.4112865924835205,-3.008150100708008,-0.0002522380673326552,0.0006647495902143419,0.0006461848388426006,0.0,3.0,timeout
2535,3.4108853340148926,-3.0071873664855957,-0.0002467197773512453,0.03259444981813431,0.032593995332717896,1.0,-3.0,timeout
2536,3.4104816913604736,-3.006211757659912,-0.00024665845558047295,0.03299413621425629,0.03299413621425629,1.0,-3.0,timeout
2537,3.4100799560546875,-3.005234956741333,-0.00024686186225153506,0.03300584852695465,0.03300584480166435,1.0,-3.0,timeout
2538,3.409679889678955,-3.0042576789855957,-0.0002470460603944957,0.03299983590841293,0.03299983590841293,1.0,3.0,timeout
2539,3.409278154373169,-3.0032811164855957,-0.00024717504857107997,0.032998956739902496,0.0329989530146122,1.0,-3.0,timeout
2540,3.4088783264160156,-3.0023038387298584,-0.0002472875057719648,0.0329970121383667,0.0329970121383667,1.0,-3.0,timeout
2541,3.408871650695801,-3.002283811569214,-0.00025225940044038,0.0006777519593015313,0.000659702520351857,0.0,-3.0,timeout
2542,3.4084808826446533,-3.0013182163238525,-0.0002467647718731314,0.03255259990692139,0.032552145421504974,1.0,3.0,timeout
2543,3.408473014831543,-3.0012989044189453,-0.0002515714440960437,0.0006687472341582179,0.0006516596185974777,0.0,3.0,timeout
2544,3.40807843208313,-3.000335454940796,-0.00024618188035674393,0.032535430043935776,0.03253499045968056,1.0,-3.0,timeout
2545,3.407680034637451,-2.9993577003479004,-0.0002462291158735752,0.03299390897154808,0.03299390897154808,1.0,3.0,timeout
2546,3.4076719284057617,-2.999338150024414,-0.00025140089564956725,0.000680843775626272,0.0006613832665607333,0.0,3.0,timeout
2547,3.4072744846343994,-2.9983747005462646,-0.00024605231010355055,0.032569412142038345,0.03256898373365402,1.0,-3.0,timeout
2548,3.406874418258667,-2.9973974227905273,-0.0002461217518430203,0.03299983590841293,0.03299983590841293,1.0,-3.0,timeout
2549,3.4064767360687256,-2.9964191913604736,-0.0002464322024025023,0.03299928456544876,0.03299928456544876,1.0,-3.0,timeout
2550,3.406080961227417,-2.9954400062561035,-0.00024669317645020783,0.0330045148730278,0.0330045148730278,1.0,-3.0,timeout
2551,3.4056875705718994,-2.994459867477417,-0.00024690263671800494,0.03300432115793228,0.03300432115793228,1.0,-3.0,timeout
2552,3.4056811332702637,-2.9944398403167725,-0.00025195186026394367,0.000676055729854852,0.000657384458463639,0.0,-3.0,timeout
2553,3.40568208694458,-2.9944396018981934,-0.0002514239167794585,3.486948844511062e-05,3.0719529604539275e-05,0.0,-3.0,timeout
2554,3.4053025245666504,-2.993476629257202,-0.0002458158996887505,0.03234662115573883,0.03234614431858063,1.0,-3.0,timeout
2555,3.4049179553985596,-2.992493152618408,-0.0002458867966197431,0.032999757677316666,0.03299975395202637,1.0,-3.0,timeout
2556,3.4045355319976807,-2.991508722305298,-0.00024624241632409394,0.033003173768520355,0.033003173768520355,1.0,-3.0,timeout
2557,3.404529333114624,-2.9914886951446533,-0.00025142336380667984,0.0006748520536348224,0.0006551428814418614,0.0,-3.0,timeout
2558,3.4045302867889404,-2.991488218307495,-0.0002510012418497354,3.583620491554029e-05,3.332000778755173e-05,0.0,-3.0,timeout
2559,3.404154062271118,-2.990501880645752,-0.0002453866763971746,0.03298967331647873,0.03298920765519142,1.0,0.0,timeout
2560,3.4041476249694824,-2.9904818534851074,-0.0002505131997168064,0.0006766236620023847,0.000657384458463639,0.0,-3.0,timeout
2561,3.403780937194824,-2.989513874053955,-0.0002453759661875665,0.032347455620765686,0.03234705328941345,1.0,-3.0,timeout
2562,3.4037814140319824,-2.989513397216797,-0.0002505327283870429,0.00016252085333690047,2.1073423340567388e-05,0.0,0.0,timeout
2563,3.403409719467163,-2.988525152206421,-0.0002452010230626911,0.03299522399902344,0.03299480304121971,1.0,0.0,timeout
2564,3.4030375480651855,-2.987536907196045,-0.00024550146190449595,0.033000051975250244,0.033000051975250244,1.0,3.0,timeout
2565,3.4026637077331543,-2.9865493774414062,-0.0002459285606164485,0.03299756720662117,0.03299756348133087,1.0,-3.0,timeout
2566,3.402292013168335,-2.985560894012451,-0.0002462897391524166,0.03300178050994873,0.03300177678465843,1.0,-3.0,timeout
2567,3.402285099029541,-2.985541343688965,-0.00025147353881038725,0.0006679698708467185,0.0006480291485786438,0.0,3.0,timeout
2568,3.4022858142852783,-2.9855411052703857,-0.00025102958898060024,2.734197369136382e-05,2.3560804038424976e-05,0.0,-3.0,timeout
2569,3.4019224643707275,-2.984572172164917,-0.00024551074602641165,0.032338615506887436,0.032338157296180725,1.0,3.0,timeout
2570,3.401549816131592,-2.983583927154541,-0.00024563641636632383,0.033005308359861374,0.033005308359861374,1.0,0.0,timeout
2571,3.401549816131592,-2.983583688735962,-0.0002510207414161414,0.0001684250310063362,7.450580142176477e-06,0.0,0.0,timeout
2572,3.4015493392944336,-2.983583927154541,-0.0002505915181245655,2.1388557797763497e-05,1.6660003893775865e-05,0.0,3.0,timeout
2573,3.4011824131011963,-2.9826161861419678,-0.00024513574317097664,0.03234317898750305,0.03234272822737694,1.0,-3.0,timeout
2574,3.400810480117798,-2.981627941131592,-0.0002453416818752885,0.03299742564558983,0.03299742564558983,1.0,-3.0,timeout
2575,3.4004409313201904,-2.9806385040283203,-0.00024580612080171704,0.03300615772604942,0.033006154000759125,1.0,-3.0,timeout
2576,3.400073766708374,-2.9796485900878906,-0.00024619235773570836,0.03299413248896599,0.03299413248896599,1.0,-3.0,timeout
2577,3.3997082710266113,-2.9786577224731445,-0.00024650662089698017,0.03300398960709572,0.03300398960709572,1.0,0.0,timeout
2578,3.3993425369262695,-2.9776670932769775,-0.0002467585145495832,0.03299957886338234,0.03299957513809204,1.0,3.0,timeout
2579,3.3989741802215576,-2.976677417755127,-0.00024695429601706564,0.033000122755765915,0.033000119030475616,1.0,3.0,timeout
2580,3.398604393005371,-2.9756882190704346,-0.0002471008920110762,0.03300178423523903,0.03300178050994873,1.0,-3.0,timeout
2581,3.3982362747192383,-2.974698305130005,-0.00024723270325921476,0.033004507422447205,0.033004507422447205,1.0,0.0,timeout
2582,3.3978686332702637,-2.973708391189575,-0.00024732956080697477,0.03299931436777115,0.03299931436777115,1.0,-3.0,timeout
2583,3.39750337600708,-2.972717761993408,-0.00024741102242842317,0.03299442306160927,0.03299442306160927,1.0,-3.0,timeout
2584,3.397139549255371,-2.971726417541504,-0.000247486139414832,0.03299996629357338,0.03299996629357338,1.0,3.0,timeout
2585,3.396773338317871,-2.970735788345337,-0.00024753643083386123,0.03300474211573601,0.03300474211573601,1.0,3.0,timeout
2586,3.3964054584503174,-2.9697461128234863,-0.0002475664368830621,0.03299492597579956,0.03299492225050926,1.0,-3.0,timeout
2587,3.3960394859313965,-2.9687554836273193,-0.0002476102381478995,0.033002160489559174,0.033002160489559174,1.0,3.0,timeout
2588,3.3956708908081055,-2.967766046524048,-0.0002476359368301928,0.032995738089084625,0.032995738089084625,1.0,3.0,timeout
2589,3.3953006267547607,-2.9667770862579346,-0.00024764586123637855,0.03300002962350845,0.033000025898218155,1.0,-3.0,timeout
2590,3.394932985305786,-2.965787172317505,-0.0002476633817423135,0.03299931436777115,0.03299931436777115,1.0,-3.0,timeout
2591,3.3945674896240234,-2.964796304702759,-0.00024767802096903324,0.03300398960709572,0.03300398960709572,1.0,-3.0,timeout
2592,3.3942041397094727,-2.9638047218322754,-0.0002476899535395205,0.03300182893872261,0.03300182893872261,1.0,-3.0,timeout
2593,3.393843173980713,-2.9628124237060547,-0.0002476996451150626,0.03299727290868759,0.03299727290868759,1.0,-3.0,timeout
2594,3.393484592437744,-2.9618191719055176,-0.0002477075031492859,0.032999906688928604,0.032999906688928604,1.0,-3.0,timeout
2595,3.39312744140625,-2.9608254432678223,-0.00024772307369858027,0.03299877792596817,0.03299877792596817,1.0,3.0,timeout
2596,3.392768383026123,-2.959832191467285,-0.0002477164671290666,0.03300497308373451,0.03300497308373451,1.0,-3.0,timeout
2597,3.392411231994629,-2.958838701248169,-0.00024773000041022897,0.032991766929626465,0.032991766929626465,1.0,3.0,timeout
2598,3.392051935195923,-2.957845449447632,-0.0002477218513377011,0.03300750255584717,0.03300750255584717,1.0,-3.0,timeout
2599,3.391695261001587,-2.9568517208099365,-0.000247724587097764,0.03299374133348465,0.03299374133348465,1.0,-3.0,timeout
2600,3.391340732574463,-2.9558568000793457,-0.0002477272937539965,0.03300623968243599,0.03300623595714569,1.0,-3.0,timeout
2601,3.390988349914551,-2.9548614025115967,-0.00024772962206043303,0.03299783542752266,0.03299783542752266,1.0,-3.0,timeout
2602,3.3906376361846924,-2.9538652896881104,-0.00024774076882749796,0.033001553267240524,0.033001549541950226,1.0,3.0,timeout
2603,3.390285015106201,-2.9528698921203613,-0.00024773061159066856,0.03300032392144203,0.03300032392144203,1.0,-3.0,timeout
2604,3.3899340629577637,-2.951874017715454,-0.0002477412926964462,0.032996997237205505,0.032996997237205505,1.0,3.0,timeout
2605,3.3895814418792725,-2.950878620147705,-0.0002477309026289731,0.03300032392144203,0.03300032392144203,1.0,-3.0,timeout
2606,3.389575242996216,-2.9508583545684814,-0.0002526130701880902,0.0006796105299144983,0.000662264006678015,0.0,-3.0,timeout
2607,3.389233112335205,-2.9498817920684814,-0.00024707854026928544,0.032336704432964325,0.03233623877167702,1.0,3.0,timeout
2608,3.3888823986053467,-2.948885679244995,-0.0002469003084115684,0.033001553267240524,0.033001549541950226,1.0,-3.0,timeout
2609,3.3885340690612793,-2.9478888511657715,-0.00024705269606783986,0.0329979844391346,0.0329979807138443,1.0,-3.0,timeout
2610,3.3885281085968018,-2.947868585586548,-0.00025207066209986806,0.0006784926517866552,0.0006601231289096177,0.0,-3.0,timeout
2611,3.388190746307373,-2.946890115737915,-0.0002466337173245847,0.032344069331884384,0.03234361857175827,1.0,-3.0,timeout
2612,3.3881850242614746,-2.9468698501586914,-0.0002514371881261468,0.0006749629392288625,0.0006580596091225743,0.0,-3.0,timeout
2613,3.387852668762207,-2.945889711380005,-0.0002461124095134437,0.03234277293086052,0.032342348247766495,1.0,-3.0,timeout
2614,3.3875160217285156,-2.9448888301849365,-0.00024613767163828015,0.03299938514828682,0.03299938514828682,1.0,-3.0,timeout
2615,3.3875107765197754,-2.944868326187134,-0.00025132548762485385,0.0006809628685005009,0.0006613832665607333,0.0,-3.0,timeout
2616,3.3871850967407227,-2.9438860416412354,-0.00024603711790405214,0.032340023666620255,0.03233959898352623,1.0,-3.0,timeout
2617,3.3868556022644043,-2.942882776260376,-0.0002460782998241484,0.03299958258867264,0.03299958258867264,1.0,-3.0,timeout
2618,3.3865275382995605,-2.9418787956237793,-0.00024640554329380393,0.03300691023468971,0.033006906509399414,1.0,3.0,timeout
2619,3.386197328567505,-2.940875768661499,-0.0002466712612658739,0.032999489456415176,0.03299948573112488,1.0,3.0,timeout
2620,3.386197328567505,-2.94087553024292,-0.00025185782578773797,0.0001622512936592102,7.450580142176477e-06,0.0,0.0,timeout
2621,3.385871410369873,-2.9398932456970215,-0.00024636651505716145,0.03234240040183067,0.03234194591641426,1.0,-3.0,timeout
2622,3.3855419158935547,-2.938889980316162,-0.0002463369455654174,0.03299958258867264,0.03299958258867264,1.0,-3.0,timeout
2623,3.3852145671844482,-2.9378859996795654,-0.0002466026635374874,0.032999973744153976,0.032999973744153976,1.0,-3.0,timeout
2624,3.385209321975708,-2.9378654956817627,-0.00025171099696308374,0.0006803758442401886,0.0006613832665607333,0.0,-3.0,timeout
2625,3.384892702102661,-2.936880350112915,-0.000246346287894994,0.032337162643671036,0.032336726784706116,1.0,-3.0,timeout
2626,3.3845725059509277,-2.9358739852905273,-0.00024632547865621746,0.03300236165523529,0.03300235792994499,1.0,-3.0,timeout
2627,3.3845674991607666,-2.9358534812927246,-0.00025147563428618014,0.0006789280450902879,0.0006595762679353356,0.0,-3.0,timeout
2628,3.3842577934265137,-2.934865951538086,-0.00024615737493149936,0.032342780381441116,0.03234235569834709,1.0,-3.0,timeout
2629,3.3842520713806152,-2.9348459243774414,-0.00025106826797127724,0.0006687396671622992,0.0006508924998342991,0.0,3.0,timeout
2630,3.3839423656463623,-2.9338583946228027,-0.0002458056842442602,0.03234277293086052,0.03234235569834709,1.0,-3.0,timeout
2631,3.383936882019043,-2.933838367462158,-0.0002507856406737119,0.000667286105453968,0.0006488852086476982,0.0,3.0,timeout
2632,3.383937358856201,-2.933838129043579,-0.00025046931114047766,1.9372011593077332e-05,1.6660003893775865e-05,0.0,0.0,timeout
2633,3.383626699447632,-2.9328508377075195,-0.0002450572792440653,0.032344620674848557,0.03234417736530304,1.0,3.0,timeout
2634,3.383307695388794,-2.9318442344665527,-0.0002452783228363842,0.032998185604810715,0.032998185604810715,1.0,3.0,timeout
2635,3.3829867839813232,-2.930838108062744,-0.0002457451482769102,0.03300204873085022,0.03300204873085022,1.0,-3.0,timeout
2636,3.3829867839813232,-2.930837869644165,-0.0002511264756321907,0.00016833144763950258,7.450580142176477e-06,0.0,0.0,timeout
2637,3.382674217224121,-2.9298512935638428,-0.00024578176089562476,0.03234124183654785,0.03234080970287323,1.0,-3.0,timeout
2638,3.3823583126068115,-2.9288437366485596,-0.00024586939252913,0.0329974927008152,0.0329974927008152,1.0,-3.0,timeout
2639,3.382044553756714,-2.92783522605896,-0.00024622876662760973,0.03300594910979271,0.03300594910979271,1.0,-3.0,timeout
2640,3.382045030593872,-2.9278347492218018,-0.0002515136147849262,0.00016649055760353804,2.1073423340567388e-05,0.0,0.0,timeout
2641,3.3817389011383057,-2.9268462657928467,-0.00024610216496512294,0.03233799710869789,0.032337553799152374,1.0,3.0,timeout
2642,3.3814239501953125,-2.9258382320404053,-0.00024612454581074417,0.033002812415361404,0.033002812415361404,1.0,3.0,timeout
2643,3.3811068534851074,-2.9248311519622803,-0.0002464324061293155,0.03299444168806076,0.03299444168806076,1.0,3.0,timeout
2644,3.38110089302063,-2.9248108863830566,-0.0002515644009690732,0.0006793250795453787,0.0006601231289096177,0.0,-3.0,timeout
2645,3.3811001777648926,-2.9248111248016357,-0.00025112356524914503,2.7292724553262815e-05,2.3560804038424976e-05,0.0,3.0,timeout
2646,3.3807878494262695,-2.9238245487213135,-0.0002455654612276703,0.03233902528882027,0.03233855962753296,1.0,-3.0,timeout
2647,3.38047194480896,-2.922816753387451,-0.0002456856600474566,0.033004600554704666,0.033004600554704666,1.0,-3.0,timeout
2648,3.3801581859588623,-2.9218084812164307,-0.0002460811519995332,0.03299883380532265,0.03299883380532265,1.0,-3.0,timeout
2649,3.380153179168701,-2.921787977218628,-0.0002512939681764692,0.0006793948705308139,0.0006595762679353356,0.0,-3.0,timeout
2650,3.380153179168701,-2.921787977218628,-0.0002509074402041733,1.2078998224751558e-05,0.0,0.0,3.0,timeout
2651,3.380153179168701,-2.921787977218628,-0.0002502879942767322,1.93576834135456e-05,0.0,0.0,3.0,timeout
2652,3.3798458576202393,-2.920799732208252,-0.0002448819868732244,0.03234191983938217,0.032341476529836655,1.0,-3.0,timeout
2653,3.379534959793091,-2.919790506362915,-0.00024513868265785277,0.03300086036324501,0.03300086036324501,1.0,-3.0,timeout
2654,3.379225730895996,-2.91878080368042,-0.0002456534712109715,0.03299979493021965,0.03299979120492935,1.0,3.0,timeout
2655,3.3792197704315186,-2.9187605381011963,-0.00025095322052948177,0.0006805817829445004,0.0006601231289096177,0.0,3.0,timeout
2656,3.3789114952087402,-2.9177725315093994,-0.0002457391528878361,0.03234364092350006,0.03234322741627693,1.0,3.0,timeout
2657,3.378905773162842,-2.917752265930176,-0.0002507106401026249,0.0006761499680578709,0.0006580596091225743,0.0,-3.0,timeout
2658,3.3785972595214844,-2.916764497756958,-0.0002455415960866958,0.032338742166757584,0.03233833611011505,1.0,3.0,timeout
2659,3.3782804012298584,-2.915757179260254,-0.00024568045046180487,0.03299931436777115,0.03299931064248085,1.0,3.0,timeout
2660,3.3782742023468018,-2.9157369136810303,-0.0002509492915123701,0.0006824248121120036,0.000662264006678015,0.0,-3.0,timeout
2661,3.3779640197753906,-2.9147496223449707,-0.0002457348455209285,0.032340120524168015,0.032339707016944885,1.0,-3.0,timeout
2662,3.377957582473755,-2.914729595184326,-0.00025072970311157405,0.0006756612565368414,0.000657384458463639,0.0,3.0,timeout
2663,3.377647876739502,-2.9137418270111084,-0.00024553464027121663,0.03234986960887909,0.03234946355223656,1.0,-3.0,timeout
2664,3.3773345947265625,-2.912733316421509,-0.0002456757065374404,0.033001527190208435,0.033001527190208435,1.0,-3.0,timeout
2665,3.377023696899414,-2.911724090576172,-0.0002460740215610713,0.03300086036324501,0.03300086036324501,1.0,-3.0,timeout
2666,3.3767149448394775,-2.9107141494750977,-0.00024641130585223436,0.03300255909562111,0.03300255537033081,1.0,0.0,timeout
2667,3.3764054775238037,-2.9097044467926025,-0.0002466823498252779,0.03300197422504425,0.03300197422504425,1.0,3.0,timeout
2668,3.3760945796966553,-2.9086954593658447,-0.0002468838356435299,0.03299374133348465,0.03299374133348465,1.0,-3.0,timeout
2669,3.3757855892181396,-2.9076855182647705,-0.0002470543549861759,0.03300473466515541,0.03300473466515541,1.0,-3.0,timeout
2670,3.3757805824279785,-2.9076650142669678,-0.0002520726702641696,0.0006779631949029863,0.0006595762679353356,0.0,-3.0,timeout
2671,3.375781297683716,-2.9076647758483887,-0.00025152048328891397,2.9204033126006834e-05,2.3560804038424976e-05,0.0,-3.0,timeout
2672,3.3754849433898926,-2.9066731929779053,-0.00024589317035861313,0.03234177082777023,0.03234129026532173,1.0,-3.0,timeout
2673,3.3754801750183105,-2.9066526889801025,-0.00025083034415729344,0.0006756990915164351,0.0006578486645594239,0.0,-3.0,timeout
2674,3.375187873840332,-2.9056599140167236,-0.00024563699844293296,0.03234139457345009,0.03234098479151726,1.0,3.0,timeout
2675,3.3748881816864014,-2.9046473503112793,-0.0002457465452607721,0.03299947455525398,0.03299947455525398,1.0,-3.0,timeout
2676,3.3745906352996826,-2.9036340713500977,-0.00024613007553853095,0.03300195559859276,0.03300195187330246,1.0,-3.0,timeout
2677,3.374295234680176,-2.902620315551758,-0.0002464513818267733,0.03299742937088013,0.03299742564558983,1.0,-3.0,timeout
2678,3.374002456665039,-2.9016056060791016,-0.00024670918355695903,0.03300322964787483,0.03300322964787483,1.0,-3.0,timeout
2679,3.373711109161377,-2.900590658187866,-0.00024692475562915206,0.03299802169203758,0.03299802169203758,1.0,3.0,timeout
2680,3.373418092727661,-2.899576187133789,-0.0002470780455041677,0.032998137176036835,0.032998137176036835,1.0,-3.0,timeout
2681,3.373413562774658,-2.8995554447174072,-0.0002520912676118314,0.0006817233515903354,0.0006634782184846699,0.0,-3.0,timeout
2682,3.3731303215026855,-2.898560047149658,-0.00024665045202709734,0.03234143182635307,0.03234098106622696,1.0,-3.0,timeout
2683,3.3731257915496826,-2.8985393047332764,-0.00025145045947283506,0.0006802231073379517,0.0006634782184846699,0.0,-3.0,timeout
2684,3.373126745223999,-2.8985393047332764,-0.0002510082849767059,3.2849875424290076e-05,2.980232056870591e-05,0.0,-3.0,timeout
2685,3.373126983642578,-2.8985390663146973,-0.00025037286104634404,2.24793820962077e-05,1.0536711670283694e-05,0.0,0.0,timeout
2686,3.372849941253662,-2.8975419998168945,-0.0002449667954351753,0.0323391929268837,0.03233875334262848,1.0,3.0,timeout
2687,3.372849941253662,-2.8975415229797363,-0.0002501796407159418,0.0001635815278859809,1.4901160284352954e-05,0.0,0.0,timeout
2688,3.372849464416504,-2.8975417613983154,-0.00024990388192236423,1.8756769350147806e-05,1.6660003893775865e-05,0.0,3.0,timeout
2689,3.372567892074585,-2.896545886993408,-0.00024459572159685194,0.03234151378273964,0.032341089099645615,1.0,3.0,timeout
2690,3.3722786903381348,-2.8955302238464355,-0.00024489889619871974,0.03300108388066292,0.03300108388066292,1.0,-3.0,timeout
2691,3.3722736835479736,-2.895509719848633,-0.0002503333962522447,0.0006810891791246831,0.0006595762679353356,0.0,-3.0,timeout
2692,3.3719940185546875,-2.8945133686065674,-0.0002452542830724269,0.032339658588171005,0.03233926743268967,1.0,3.0,timeout
2693,3.3717072010040283,-2.8934969902038574,-0.0002454410132486373,0.03300226852297783,0.03300226479768753,1.0,-3.0,timeout
2694,3.37142276763916,-2.8924801349639893,-0.00024588554515503347,0.03299646079540253,0.03299646079540253,1.0,-3.0,timeout
2695,3.371140718460083,-2.891462564468384,-0.0002462556294631213,0.03299801051616669,0.03299800679087639,1.0,-3.0,timeout
2696,3.370861053466797,-2.890444040298462,-0.00024655248853378,0.03300692141056061,0.03300692141056061,1.0,-3.0,timeout
2697,3.3705835342407227,-2.889425277709961,-0.00024679003399796784,0.032996419817209244,0.032996419817209244,1.0,-3.0,timeout
2698,3.370579481124878,-2.889404535293579,-0.0002518616965971887,0.0006792094791308045,0.0006604593945667148,0.0,-3.0,timeout
2699,3.370311737060547,-2.8884048461914062,-0.0002464668359607458,0.03234177455306053,0.03234133496880531,1.0,-3.0,timeout
2700,3.3700413703918457,-2.8873839378356934,-0.000246421986958012,0.03300319239497185,0.03300319239497185,1.0,-3.0,timeout
2701,3.37003755569458,-2.8873631954193115,-0.00025155278854072094,0.0006782940472476184,0.0006590710836462677,0.0,-3.0,timeout
2702,3.3697760105133057,-2.886361837387085,-0.000246229610638693,0.03234264999628067,0.03234221786260605,1.0,3.0,timeout
2703,3.3695075511932373,-2.885340452194214,-0.00024622128694318235,0.03300239518284798,0.03300239518284798,1.0,-3.0,timeout
2704,3.3695077896118164,-2.8853402137756348,-0.0002514932712074369,0.00016508609405718744,1.0536711670283694e-05,0.0,0.0,timeout
2705,3.3692467212677,-2.884338855743408,-0.00024607472005300224,0.03233890235424042,0.0323384590446949,1.0,-3.0,timeout
2706,3.368983030319214,-2.8833162784576416,-0.00024610382388345897,0.03300090506672859,0.03300090506672859,1.0,-3.0,timeout
2707,3.3687217235565186,-2.8822929859161377,-0.0002464163990225643,0.0330040380358696,0.0330040380358696,1.0,-3.0,timeout
2708,3.368462562561035,-2.8812692165374756,-0.00024668057449162006,0.03300195559859276,0.03300195187330246,1.0,-3.0,timeout
2709,3.3682057857513428,-2.8802449703216553,-0.0002468926541041583,0.03299820423126221,0.03299820050597191,1.0,-3.0,timeout
2710,3.3679511547088623,-2.8792200088500977,-0.00024706232943572104,0.03300365060567856,0.03300365060567856,1.0,-3.0,timeout
2711,3.3679521083831787,-2.8792195320129395,-0.0002521807618904859,0.00016338465502485633,3.332000778755173e-05,0.0,0.0,timeout
2712,3.367699384689331,-2.8781943321228027,-0.00024653426953591406,0.03299703821539879,0.03299656882882118,1.0,0.0,timeout
2713,3.367445945739746,-2.877169370651245,-0.00024656817549839616,0.03299469128251076,0.03299469128251076,1.0,3.0,timeout
2714,3.3671908378601074,-2.8761446475982666,-0.0002467817685101181,0.03300001844763756,0.03300001844763756,1.0,-3.0,timeout
2715,3.367187023162842,-2.8761239051818848,-0.0002518536930438131,0.0006778615061193705,0.0006590710836462677,0.0,-3.0,timeout
2716,3.366940498352051,-2.8751187324523926,-0.00024647125974297523,0.032343003898859024,0.032342564314603806,1.0,3.0,timeout
2717,3.366687536239624,-2.874093532562256,-0.00024641441996209323,0.03299834951758385,0.03299834951758385,1.0,-3.0,timeout
2718,3.366436719894409,-2.873067617416382,-0.00024666415993124247,0.03300406411290169,0.03300406411290169,1.0,-3.0,timeout
2719,3.3664321899414062,-2.873047351837158,-0.00025177199859172106,0.0006682709790766239,0.0006489279912784696,0.0,3.0,timeout
2720,3.3661859035491943,-2.872042179107666,-0.0002463834825903177,0.032341230660676956,0.032340794801712036,1.0,-3.0,timeout
2721,3.3659374713897705,-2.871015787124634,-0.0002463545824866742,0.03300093114376068,0.03300093114376068,1.0,-3.0,timeout
2722,3.365691661834717,-2.8699889183044434,-0.00024661709903739393,0.03299623727798462,0.03299623727798462,1.0,-3.0,timeout
2723,3.365687370300293,-2.8699684143066406,-0.0002517342509236187,0.0006738824304193258,0.0006546343211084604,0.0,3.0,timeout
2724,3.365445613861084,-2.868962049484253,-0.000246353360125795,0.03234405443072319,0.03234361484646797,1.0,-3.0,timeout
2725,3.365201234817505,-2.8679347038269043,-0.0002463400305714458,0.03300035372376442,0.03300035372376442,1.0,3.0,timeout
2726,3.365196704864502,-2.8679141998291016,-0.0002514879161026329,0.0006756327347829938,0.0006562011549249291,0.0,3.0,timeout
2727,3.364952802658081,-2.866908550262451,-0.0002461560652591288,0.03233805298805237,0.032337624579668045,1.0,-3.0,timeout
2728,3.364706516265869,-2.8658816814422607,-0.00024617250892333686,0.032999712973833084,0.032999709248542786,1.0,-3.0,timeout
2729,3.3647029399871826,-2.8658607006073,-0.0002513531071599573,0.0006845274474471807,0.0006651077419519424,0.0,-3.0,timeout
2730,3.3644659519195557,-2.8648533821105957,-0.00024605938233435154,0.032338567078113556,0.03233814612030983,1.0,-3.0,timeout
2731,3.3642263412475586,-2.8638248443603516,-0.0002461053663864732,0.033002473413944244,0.033002473413944244,1.0,3.0,timeout
2732,3.363985061645508,-2.8627967834472656,-0.0002464080462232232,0.03299983963370323,0.03299983963370323,1.0,-3.0,timeout
2733,3.363745927810669,-2.8617682456970215,-0.00024667324032634497,0.03299909830093384,0.03299909457564354,1.0,-3.0,timeout
2734,3.3637423515319824,-2.8617472648620605,-0.0002517679240554571,0.0006838974659331143,0.0006651077419519424,0.0,-3.0,timeout
2735,3.3635122776031494,-2.8607382774353027,-0.0002463921264279634,0.0323406346142292,0.032340191304683685,1.0,-3.0,timeout
2736,3.3632805347442627,-2.859708070755005,-0.0002463619748596102,0.03299843892455101,0.03299843892455101,1.0,-3.0,timeout
2737,3.36328125,-2.8597075939178467,-0.0002516062231734395,0.00016606987628620118,2.6863448510994203e-05,0.0,0.0,timeout
2738,3.363051176071167,-2.8586771488189697,-0.00024607384693808854,0.03299475461244583,0.03299430012702942,1.0,0.0,timeout
2739,3.362821578979492,-2.8576464653015137,-0.0002461906406097114,0.032998330891132355,0.032998327165842056,1.0,-3.0,timeout
2740,3.3628175258636475,-2.857625722885132,-0.0002513821527827531,0.0006800931878387928,0.0006604593945667148,0.0,3.0,timeout
2741,3.3625917434692383,-2.8566157817840576,-0.0002460721298120916,0.0323401540517807,0.03233972564339638,1.0,-3.0,timeout
2742,3.362363815307617,-2.8555848598480225,-0.0002461151161696762,0.03299430385231972,0.03299430385231972,1.0,3.0,timeout
2743,3.362133741378784,-2.8545541763305664,-0.0002464157878421247,0.033001575618982315,0.033001575618982315,1.0,-3.0,timeout
2744,3.3621296882629395,-2.8545334339141846,-0.00025157202617265284,0.0006798310787416995,0.0006604593945667148,0.0,3.0,timeout
2745,3.3619039058685303,-2.8535234928131104,-0.00024622457567602396,0.0323401615023613,0.03233972564339638,1.0,-3.0,timeout
2746,3.36167573928833,-2.852492332458496,-0.00024623709032312036,0.03300318866968155,0.03300318866968155,1.0,3.0,timeout
2747,3.3616714477539062,-2.8524718284606934,-0.00025140572688542306,0.0006742660189047456,0.0006546343211084604,0.0,3.0,timeout
2748,3.361443281173706,-2.8514623641967773,-0.0002460902906022966,0.032341957092285156,0.03234152868390083,1.0,-3.0,timeout
2749,3.361213445663452,-2.8504316806793213,-0.0002461198018863797,0.032999951392412186,0.032999951392412186,1.0,-3.0,timeout
2750,3.360985279083252,-2.849400520324707,-0.00024643889628350735,0.03300318866968155,0.03300318866968155,1.0,3.0,timeout
2751,3.3607547283172607,-2.848369836807251,-0.00024669329286552966,0.033004824072122574,0.033004824072122574,1.0,0.0,timeout
2752,3.3605246543884277,-2.847339391708374,-0.0002468977472744882,0.03299430385231972,0.03299430012702942,1.0,-3.0,timeout
2753,3.3605213165283203,-2.847318410873413,-0.0002519469999242574,0.0006823898875154555,0.0006638964405283332,0.0,-3.0,timeout
2754,3.3602993488311768,-2.8463077545166016,-0.0002465462021064013,0.032336197793483734,0.032335758209228516,1.0,3.0,timeout
2755,3.360295534133911,-2.8462870121002197,-0.0002513561339583248,0.0006759940297342837,0.0006590710836462677,0.0,-3.0,timeout
2756,3.3602960109710693,-2.8462870121002197,-0.000250931887421757,1.9945207895943895e-05,1.4901160284352954e-05,0.0,-3.0,timeout
2757,3.360076665878296,-2.845275402069092,-0.00024542133905924857,0.03234786167740822,0.03234740346670151,1.0,-3.0,timeout
2758,3.359855890274048,-2.844242811203003,-0.00024557040887884796,0.032997775822877884,0.032997775822877884,1.0,-3.0,timeout
2759,3.35963773727417,-2.8432095050811768,-0.00024598906747996807,0.03300261124968529,0.03300260752439499,1.0,-3.0,timeout
2760,3.359421730041504,-2.8421759605407715,-0.0002463386335875839,0.03299611434340477,0.03299611434340477,1.0,-3.0,timeout
2761,3.3594181537628174,-2.8421552181243896,-0.000251511373789981,0.0006773359491489828,0.0006577642634510994,0.0,3.0,timeout
2762,3.359419107437134,-2.8421549797058105,-0.0002510610793251544,3.378908513695933e-05,3.0719529604539275e-05,0.0,-3.0,timeout
2763,3.359419107437134,-2.8421549797058105,-0.00025042041670531034,2.0020705051138066e-05,0.0,0.0,3.0,timeout
2764,3.3592066764831543,-2.841142177581787,-0.00024498888524249196,0.03233921155333519,0.03233876824378967,1.0,-3.0,timeout
2765,3.3589930534362793,-2.8401079177856445,-0.00024522378225810826,0.033002838492393494,0.033002838492393494,1.0,-3.0,timeout
2766,3.35899019241333,-2.8400869369506836,-0.00025059390463866293,0.0006826669559814036,0.0006617189501412213,0.0,-3.0,timeout
2767,3.358990430831909,-2.8400869369506836,-0.00025034690042957664,1.072810664481949e-05,7.450580142176477e-06,0.0,3.0,timeout
2768,3.358990430831909,-2.8400869369506836,-0.00024983956245705485,1.5854311641305685e-05,0.0,0.0,3.0,timeout
2769,3.3587806224823,-2.839073419570923,-0.00024452374782413244,0.032344356179237366,0.03234392777085304,1.0,-3.0,timeout
2770,3.358569622039795,-2.838038682937622,-0.00024485174799337983,0.03300096094608307,0.03300096094608307,1.0,-3.0,timeout
2771,3.3585667610168457,-2.838017702102661,-0.00025029643438756466,0.0006832435610704124,0.0006617189501412213,0.0,-3.0,timeout
2772,3.3583641052246094,-2.837002992630005,-0.0002452141488902271,0.0323362834751606,0.03233589231967926,1.0,-3.0,timeout
2773,3.3581604957580566,-2.8359668254852295,-0.0002454198547638953,0.03299945220351219,0.03299945220351219,1.0,-3.0,timeout
2774,3.357959032058716,-2.834930181503296,-0.000245869712671265,0.03300122171640396,0.03300121799111366,1.0,-3.0,timeout
2775,3.357759714126587,-2.833893060684204,-0.0002462434640619904,0.033003125339746475,0.033003125339746475,1.0,-3.0,timeout
2776,3.357757568359375,-2.833872079849243,-0.00025142455706372857,0.0006786672747693956,0.0006590710836462677,0.0,-3.0,timeout
2777,3.3575656414031982,-2.832854986190796,-0.00024612806737422943,0.03234553709626198,0.032345112413167953,1.0,3.0,timeout
2778,3.357368230819702,-2.831817626953125,-0.00024614002904854715,0.032999247312545776,0.032999247312545776,1.0,-3.0,timeout
2779,3.3573646545410156,-2.831796884536743,-0.00025133759481832385,0.0006775215151719749,0.0006577642634510994,0.0,3.0,timeout
2780,3.357365131378174,-2.831796646118164,-0.0002509257465135306,2.1052297597634606e-05,1.6660003893775865e-05,0.0,0.0,timeout
2781,3.357365369796753,-2.831796646118164,-0.0002503028663340956,2.084220432152506e-05,7.450580142176477e-06,0.0,0.0,timeout
2782,3.3571712970733643,-2.830780029296875,-0.000244900060351938,0.03234342113137245,0.03234298154711723,1.0,-3.0,timeout
2783,3.357168674468994,-2.830759286880493,-0.00025003505288623273,0.000672778463922441,0.0006533610867336392,0.0,-3.0,timeout
2784,3.3569793701171875,-2.8297417163848877,-0.0002449901367072016,0.03234504908323288,0.032344669103622437,1.0,-3.0,timeout
2785,3.3567891120910645,-2.828702926635742,-0.0002452398184686899,0.03300216421484947,0.03300216421484947,1.0,-3.0,timeout
2786,3.356600761413574,-2.8276638984680176,-0.00024573507835157216,0.03299880772829056,0.03299880772829056,1.0,3.0,timeout
2787,3.356598138809204,-2.8276429176330566,-0.00025100758648477495,0.0006809867336414754,0.0006607535178773105,0.0,-3.0,timeout
2788,3.3564136028289795,-2.826624631881714,-0.0002457832742948085,0.0323401503264904,0.03233973681926727,1.0,-3.0,timeout
2789,3.3564109802246094,-2.826603651046753,-0.00025075653684325516,0.0006787847960367799,0.0006607535178773105,0.0,-3.0,timeout
2790,3.3564116954803467,-2.826603651046753,-0.0002504533913452178,2.427640174573753e-05,2.235173997178208e-05,0.0,-3.0,timeout
2791,3.356412172317505,-2.826603412628174,-0.0002499242254998535,2.347358713450376e-05,1.6660003893775865e-05,0.0,-3.0,timeout
2792,3.356412172317505,-2.826603412628174,-0.00024949703947640955,1.3349562323128339e-05,0.0,0.0,3.0,timeout
2793,3.356234550476074,-2.8255839347839355,-0.00024424944422207773,0.03233902528882027,0.03233860805630684,1.0,-3.0,timeout
2794,3.3560564517974854,-2.824542999267578,-0.0002446321595925838,0.03300192207098007,0.033001918345689774,1.0,-3.0,timeout
2795,3.3558807373046875,-2.8235018253326416,-0.00024523879983462393,0.03299678862094879,0.032996781170368195,1.0,-3.0,timeout
2796,3.3557066917419434,-2.822460174560547,-0.0002457482332829386,0.03300284221768379,0.033002838492393494,1.0,3.0,timeout
2797,3.3557043075561523,-2.822439193725586,-0.0002510187914595008,0.0006801155395805836,0.0006598707986995578,0.0,-3.0,timeout
2798,3.3555338382720947,-2.821418523788452,-0.00024579232558608055,0.03233814984560013,0.032337736338377,1.0,-3.0,timeout
2799,3.355362892150879,-2.820376396179199,-0.00024588193628005683,0.033001724630594254,0.033001720905303955,1.0,-3.0,timeout
2800,3.355194330215454,-2.819333791732788,-0.0002462390693835914,0.033004455268383026,0.03300445154309273,1.0,-3.0,timeout
2801,3.355027437210083,-2.818291187286377,-0.00024654812295921147,0.03299617022275925,0.03299616649746895,1.0,3.0,timeout
2802,3.355025291442871,-2.818270206451416,-0.00025165817351080477,0.0006781410193070769,0.0006590710836462677,0.0,-3.0,timeout
2803,3.3550257682800293,-2.818269968032837,-0.0002511885832063854,2.2201405954547226e-05,1.6660003893775865e-05,0.0,-3.0,timeout
2804,3.3548645973205566,-2.8172478675842285,-0.00024562780163250864,0.03233576565980911,0.032335299998521805,1.0,-3.0,timeout
2805,3.354702949523926,-2.816204309463501,-0.0002457356022205204,0.03300010785460472,0.03300010785460472,1.0,-3.0,timeout
2806,3.354701042175293,-2.816183090209961,-0.0002510028425604105,0.0006858207052573562,0.0006657750927843153,0.0,-3.0,timeout
2807,3.3545470237731934,-2.815159797668457,-0.0002457794325891882,0.03233848512172699,0.03233807533979416,1.0,-3.0,timeout
2808,3.3543930053710938,-2.814115047454834,-0.00024587177904322743,0.033001311123371124,0.033001311123371124,1.0,-3.0,timeout
2809,3.3542404174804688,-2.813070058822632,-0.00024624046636745334,0.03300219401717186,0.03300219401717186,1.0,3.0,timeout
2810,3.3542377948760986,-2.81304931640625,-0.00025142214144580066,0.0006731278845109046,0.0006533610867336392,0.0,3.0,timeout
2811,3.35408353805542,-2.812026023864746,-0.000246104464167729,0.032339610159397125,0.0323391854763031,1.0,-3.0,timeout
2812,3.35408091545105,-2.812005043029785,-0.000251024030148983,0.000678402604535222,0.0006607535178773105,0.0,3.0,timeout
2813,3.353926181793213,-2.8109817504882812,-0.00024578202283009887,0.03234182670712471,0.03234140947461128,1.0,3.0,timeout
2814,3.353769540786743,-2.8099591732025146,-0.00024212573771364987,0.03232848271727562,0.032328277826309204,1.0,-3.0,timeout
2815,3.3536124229431152,-2.80891489982605,-0.00024293370370287448,0.033000849187374115,0.03300083801150322,1.0,-3.0,timeout
2816,3.35345721244812,-2.807870388031006,-0.00024389001191593707,0.03299940750002861,0.032999392598867416,1.0,3.0,timeout
2817,3.353299379348755,-2.806826114654541,-0.00024465989554300904,0.03300418332219124,0.03300417587161064,1.0,3.0,timeout
2818,3.353296995162964,-2.806805372238159,-0.00025014826678670943,0.0006746341241523623,0.0006524684140458703,0.0,-3.0,timeout
2819,3.353142738342285,-2.8057820796966553,-0.00024509537615813315,0.03233956918120384,0.0323391854763031,1.0,-3.0,timeout
2820,3.353139638900757,-2.8057610988616943,-0.0002502180286683142,0.0006818256224505603,0.0006627667462453246,0.0,3.0,timeout
2821,3.353140354156494,-2.8057610988616943,-0.0002500119444448501,2.3261030946741812e-05,2.235173997178208e-05,0.0,-3.0,timeout
2822,3.35298752784729,-2.8047375679016113,-0.00024469621712341905,0.03234034404158592,0.0323399193584919,1.0,3.0,timeout
2823,3.352830171585083,-2.8036932945251465,-0.000244979775743559,0.03300195187330246,0.03300194814801216,1.0,-3.0,timeout
2824,3.352675437927246,-2.8026487827301025,-0.0002455159556120634,0.032997213304042816,0.03299720585346222,1.0,-3.0,timeout
2825,3.352673292160034,-2.8026275634765625,-0.0002508417528588325,0.0006869494100101292,0.0006664834218099713,0.0,-3.0,timeout
2826,3.352673292160034,-2.8026278018951416,-0.000250546116149053,1.1868602996401023e-05,7.450580142176477e-06,0.0,3.0,timeout
2827,3.3525238037109375,-2.8016037940979004,-0.0002451042819302529,0.032339874655008316,0.0323394238948822,1.0,-3.0,timeout
2828,3.3523740768432617,-2.80055832862854,-0.00024531653616577387,0.033004142343997955,0.033004142343997955,1.0,-3.0,timeout
2829,3.352226972579956,-2.7995126247406006,-0.0002457860973663628,0.03300000727176666,0.033000003546476364,1.0,-3.0,timeout
2830,3.3520820140838623,-2.798466682434082,-0.00024617640883661807,0.032998111099004745,0.03299810737371445,1.0,-3.0,timeout
2831,3.3520798683166504,-2.798445701599121,-0.00025138151249848306,0.0006788466707803309,0.0006590710836462677,0.0,3.0,timeout
2832,3.3519372940063477,-2.7974205017089844,-0.000246072537265718,0.032346244901418686,0.03234582021832466,1.0,-3.0,timeout
2833,3.351794719696045,-2.7963743209838867,-0.0002461058902554214,0.03299534693360329,0.03299534693360329,1.0,-3.0,timeout
2834,3.351654291152954,-2.795327663421631,-0.000246418290771544,0.0330011248588562,0.0330011248588562,1.0,-3.0,timeout
2835,3.3515164852142334,-2.794280529022217,-0.00024668214609846473,0.03300510346889496,0.03300510346889496,1.0,-3.0,timeout
2836,3.3513801097869873,-2.7932333946228027,-0.00024690304417163134,0.032999299466609955,0.032999299466609955,1.0,3.0,timeout
2837,3.351241111755371,-2.7921864986419678,-0.0002470698382239789,0.033002596348524094,0.033002596348524094,1.0,3.0,timeout
2838,3.351100206375122,-2.791140079498291,-0.0002471934421919286,0.03299572691321373,0.03299572318792343,1.0,-3.0,timeout
2839,3.350961923599243,-2.790093183517456,-0.00024730194127187133,0.032999660819768906,0.032999660819768906,1.0,-3.0,timeout
2840,3.3509604930877686,-2.790071964263916,-0.0002522702270653099,0.0006825009477324784,0.0006646068068221211,0.0,-3.0,timeout
2841,3.3508288860321045,-2.789045572280884,-0.0002467942831572145,0.03233779966831207,0.03233734518289566,1.0,-3.0,timeout
2842,3.350827693939209,-2.7890243530273438,-0.0002515647211112082,0.0006806727033108473,0.0006641471991315484,0.0,-3.0,timeout
2843,3.350701332092285,-2.787997245788574,-0.0002462152042426169,0.03233952447772026,0.03233909234404564,1.0,-3.0,timeout
2844,3.3505752086639404,-2.7869489192962646,-0.00024621948250569403,0.032996442168951035,0.032996438443660736,1.0,-3.0,timeout
2845,3.350574254989624,-2.7869277000427246,-0.00025139038916677237,0.000683157064486295,0.0006637710030190647,0.0,-3.0,timeout
2846,3.3504550457000732,-2.7858996391296387,-0.00024608976673334837,0.032342586666345596,0.03234216570854187,1.0,-3.0,timeout
2847,3.3503363132476807,-2.7848503589630127,-0.00024611997650936246,0.03299925848841667,0.03299925848841667,1.0,-3.0,timeout
2848,3.3503355979919434,-2.7848291397094727,-0.000251310906605795,0.0006830209167674184,0.0006634782184846699,0.0,-3.0,timeout
2849,3.3502233028411865,-2.7838003635406494,-0.0002460262621752918,0.032340630888938904,0.03234020620584488,1.0,-3.0,timeout
2850,3.3502228260040283,-2.7837791442871094,-0.00025095080491155386,0.0006808880716562271,0.0006632690201513469,0.0,-3.0,timeout
2851,3.3502235412597656,-2.7837791442871094,-0.00025060909683816135,2.4771516109467484e-05,2.235173997178208e-05,0.0,-3.0,timeout
2852,3.350118398666382,-2.782749652862549,-0.00024516371195204556,0.03233940526843071,0.032338954508304596,1.0,-3.0,timeout
2853,3.3500139713287354,-2.781698703765869,-0.0002453645574860275,0.03300389274954796,0.03300389274954796,1.0,-3.0,timeout
2854,3.3500146865844727,-2.781698226928711,-0.0002508081670384854,0.00017222081078216434,2.6863448510994203e-05,0.0,0.0,timeout
2855,3.349914312362671,-2.780668258666992,-0.0002455270441714674,0.03233940899372101,0.032338984310626984,1.0,-3.0,timeout
2856,3.349915027618408,-2.780668020248413,-0.00025064931833185256,0.00016179571684915572,2.3560804038424976e-05,0.0,0.0,timeout
2857,3.3498167991638184,-2.7796378135681152,-0.0002453858032822609,0.032340385019779205,0.03233996778726578,1.0,-3.0,timeout
2858,3.349719285964966,-2.7785863876342773,-0.00024556138669140637,0.032998066395521164,0.032998062670230865,1.0,3.0,timeout
2859,3.3496196269989014,-2.7775349617004395,-0.00024597274023108184,0.03300432860851288,0.03300432488322258,1.0,-3.0,timeout
2860,3.349522590637207,-2.7764835357666016,-0.00024632507120259106,0.03299669548869133,0.03299669176340103,1.0,-3.0,timeout
2861,3.3494277000427246,-2.7754316329956055,-0.00024660807684995234,0.03300544247031212,0.03300543874502182,1.0,-3.0,timeout
2862,3.3494274616241455,-2.7754104137420654,-0.00025171562447212636,0.0006820813287049532,0.0006631434662267566,0.0,-3.0,timeout
2863,3.3493385314941406,-2.7743794918060303,-0.00024635085719637573,0.032336387783288956,0.032335951924324036,1.0,-3.0,timeout
2864,3.3492510318756104,-2.773327112197876,-0.0002463287382852286,0.033000338822603226,0.033000338822603226,1.0,-3.0,timeout
2865,3.349165201187134,-2.7722747325897217,-0.00024660586495883763,0.03299605846405029,0.03299605846405029,1.0,3.0,timeout
2866,3.349076747894287,-2.7712223529815674,-0.0002468315069563687,0.0330028235912323,0.0330028235912323,1.0,3.0,timeout
2867,3.3489866256713867,-2.770170211791992,-0.000247002812102437,0.032999806106090546,0.032999806106090546,1.0,-3.0,timeout
2868,3.3488986492156982,-2.769117832183838,-0.0002471494080964476,0.033001579344272614,0.033001579344272614,1.0,-3.0,timeout
2869,3.34889817237854,-2.769096612930298,-0.00025214810739271343,0.000681415549479425,0.0006632690201513469,0.0,-3.0,timeout
2870,3.34889817237854,-2.769096612930298,-0.000251591089181602,1.7406819097232074e-05,0.0,0.0,3.0,timeout
2871,3.3488142490386963,-2.7680652141571045,-0.00024594058049842715,0.0323382131755352,0.0323377326130867,1.0,-3.0,timeout
2872,3.3487308025360107,-2.767012596130371,-0.00024599506286904216,0.03299751132726669,0.03299751132726669,1.0,3.0,timeout
2873,3.348644971847534,-2.7659599781036377,-0.0002463285927660763,0.03300348296761513,0.03300348296761513,1.0,3.0,timeout
2874,3.3485565185546875,-2.7649078369140625,-0.0002466097357682884,0.03299539536237717,0.03299539536237717,1.0,3.0,timeout
2875,3.3484654426574707,-2.7638556957244873,-0.00024683549418114126,0.03300236165523529,0.03300236165523529,1.0,3.0,timeout
2876,3.348372459411621,-2.762803792953491,-0.0002470108156558126,0.03300013765692711,0.03300013765692711,1.0,0.0,timeout
2877,3.3483712673187256,-2.762782573699951,-0.0002520324778743088,0.0006824351148679852,0.0006641471991315484,0.0,-3.0,timeout
2878,3.3482825756073,-2.761751651763916,-0.00024660330382175744,0.032335758209228516,0.0323353111743927,1.0,-3.0,timeout
2879,3.3481953144073486,-2.7606992721557617,-0.00024652996216900647,0.03299972042441368,0.03299972042441368,1.0,-3.0,timeout
2880,3.348193883895874,-2.7606780529022217,-0.00025164958788082004,0.0006835923413746059,0.0006646068068221211,0.0,3.0,timeout
2881,3.3481945991516113,-2.7606780529022217,-0.00025117097538895905,2.6894264010479674e-05,2.235173997178208e-05,0.0,-3.0,timeout
2882,3.3481943607330322,-2.7606780529022217,-0.00025050845579244196,2.200354174419772e-05,7.450580142176477e-06,0.0,3.0,timeout
2883,3.3481082916259766,-2.7596468925476074,-0.00024505949113518,0.032336264848709106,0.03233581408858299,1.0,-3.0,timeout
2884,3.3480238914489746,-2.758594274520874,-0.000245279778027907,0.032999880611896515,0.032999880611896515,1.0,-3.0,timeout
2885,3.3479416370391846,-2.7575414180755615,-0.00024575661518611014,0.03300202265381813,0.03300201892852783,1.0,-3.0,timeout
2886,3.3478610515594482,-2.756488561630249,-0.00024616235168650746,0.03299799934029579,0.03299799934029579,1.0,3.0,timeout
2887,3.347778797149658,-2.7554357051849365,-0.00024646823294460773,0.03300201892852783,0.03300201892852783,1.0,-3.0,timeout
2888,3.34769868850708,-2.754382848739624,-0.0002467220474500209,0.03299686312675476,0.03299686312675476,1.0,-3.0,timeout
2889,3.347620964050293,-2.7533295154571533,-0.00024692557053640485,0.033006154000759125,0.033006154000759125,1.0,-3.0,timeout
2890,3.3476202487945557,-2.7533085346221924,-0.00025198032381013036,0.0006747811567038298,0.0006560319452546537,0.0,3.0,timeout
2891,3.347543478012085,-2.7522764205932617,-0.00024655190645717084,0.03234310820698738,0.032342664897441864,1.0,-3.0,timeout
2892,3.347468376159668,-2.751223087310791,-0.00024648901307955384,0.03300022333860397,0.03300022333860397,1.0,-3.0,timeout
2893,3.347395420074463,-2.750169515609741,-0.00024672463769093156,0.033002957701683044,0.033002957701683044,1.0,-3.0,timeout
2894,3.3473241329193115,-2.7491159439086914,-0.00024693639716133475,0.032999396324157715,0.032999392598867416,1.0,3.0,timeout
2895,3.34725022315979,-2.7480626106262207,-0.0002470965264365077,0.03299759700894356,0.03299759700894356,1.0,3.0,timeout
2896,3.3472490310668945,-2.7480416297912598,-0.0002521067508496344,0.0006751148612238467,0.0006567084928974509,0.0,3.0,timeout
2897,3.3471717834472656,-2.747009515762329,-0.00024665246019139886,0.03234422206878662,0.03234377130866051,1.0,-3.0,timeout
2898,3.3470962047576904,-2.7459564208984375,-0.00024656904861330986,0.0329938568174839,0.032993853092193604,1.0,-3.0,timeout
2899,3.3470230102539062,-2.7449028491973877,-0.00024678840418346226,0.03300347179174423,0.033003468066453934,1.0,-3.0,timeout
2900,3.346951961517334,-2.743849039077759,-0.0002469825849402696,0.033006325364112854,0.033006325364112854,1.0,0.0,timeout
2901,3.3468806743621826,-2.742795467376709,-0.000247134332312271,0.032999396324157715,0.032999392598867416,1.0,0.0,timeout
2902,3.3468821048736572,-2.742774248123169,-0.00025213236222043633,0.0006827129400335252,0.0006646068068221211,0.0,-3.0,timeout
2903,3.3468120098114014,-2.74174165725708,-0.00024669384583830833,0.032343167811632156,0.03234272450208664,1.0,3.0,timeout
2904,3.34674072265625,-2.7406880855560303,-0.00024659259361214936,0.032999396324157715,0.032999392598867416,1.0,-3.0,timeout
2905,3.3466715812683105,-2.7396345138549805,-0.0002468065940774977,0.03299493342638016,0.03299493342638016,1.0,-3.0,timeout
2906,3.346605062484741,-2.7385804653167725,-0.0002469922474119812,0.03300454095005989,0.03300453722476959,1.0,-3.0,timeout
2907,3.346541166305542,-2.7375264167785645,-0.0002471415791660547,0.03299948200583458,0.03299948200583458,1.0,-3.0,timeout
2908,3.3464794158935547,-2.7364723682403564,-0.000247261137701571,0.03299549221992493,0.03299549221992493,1.0,-3.0,timeout
2909,3.346479892730713,-2.7364509105682373,-0.00025223763077519834,0.0006885110051371157,0.0006707177381031215,0.0,-3.0,timeout
2910,3.346423387527466,-2.7354178428649902,-0.00024676864268258214,0.03233207017183304,0.032331619411706924,1.0,-3.0,timeout
2911,3.3463683128356934,-2.734363317489624,-0.0002466722798999399,0.03299883008003235,0.03299882635474205,1.0,3.0,timeout
2912,3.346310615539551,-2.733308792114258,-0.0002468707098159939,0.03300320357084274,0.03300320357084274,1.0,3.0,timeout
2913,3.3462507724761963,-2.7322545051574707,-0.00024703817325644195,0.03299950063228607,0.03299949690699577,1.0,0.0,timeout
2914,3.346191167831421,-2.7311999797821045,-0.00024717344786040485,0.033006515353918076,0.033006515353918076,1.0,-3.0,timeout
2915,3.3461902141571045,-2.7311789989471436,-0.00025217843358404934,0.0006747067673131824,0.0006563279894180596,0.0,3.0,timeout
2916,3.3461313247680664,-2.7301459312438965,-0.00024671037681400776,0.03233622387051582,0.03233577311038971,1.0,-3.0,timeout
2917,3.346074342727661,-2.7290914058685303,-0.00024661546922288835,0.03300199285149574,0.033001989126205444,1.0,-3.0,timeout
2918,3.346019744873047,-2.728036880493164,-0.0002468255697749555,0.03299805521965027,0.03299805149435997,1.0,-3.0,timeout
2919,3.3459675312042236,-2.7269821166992188,-0.0002470076724421233,0.03300173208117485,0.03300172835588455,1.0,-3.0,timeout
2920,3.3459177017211914,-2.7259271144866943,-0.00024715406470932066,0.033005572855472565,0.033005569130182266,1.0,-3.0,timeout
2921,3.345918655395508,-2.7259058952331543,-0.0002521520364098251,0.0006818990223109722,0.0006637710030190647,0.0,-3.0,timeout
2922,3.345919609069824,-2.7259058952331543,-0.0002515846281312406,3.467830174486153e-05,2.980232056870591e-05,0.0,-3.0,timeout
2923,3.3458762168884277,-2.72485089302063,-0.00024585347273387015,0.03299717605113983,0.03299669176340103,1.0,0.0,timeout
2924,3.3458330631256104,-2.7237958908081055,-0.0002460039977449924,0.03299638628959656,0.03299638628959656,1.0,-3.0,timeout
2925,3.345792293548584,-2.722740650177002,-0.00024633979774080217,0.033000871539115906,0.03300086781382561,1.0,-3.0,timeout
2926,3.3457932472229004,-2.722719430923462,-0.0002515004016458988,0.0006830809870734811,0.0006637710030190647,0.0,-3.0,timeout
2927,3.3457932472229004,-2.722719430923462,-0.00025107304099947214,1.3355019291338976e-05,0.0,0.0,3.0,timeout
2928,3.3457553386688232,-2.7216854095458984,-0.00024552622926421463,0.03233533725142479,0.03233487531542778,1.0,-3.0,timeout
2929,3.345755100250244,-2.7216641902923584,-0.00025054666912183166,0.0006814494845457375,0.0006631434662267566,0.0,3.0,timeout
2930,3.345717191696167,-2.720630168914795,-0.0002453894994687289,0.032335273921489716,0.03233487531542778,1.0,-3.0,timeout
2931,3.3456807136535645,-2.7195746898651123,-0.00024556813878007233,0.03300341218709946,0.03300341218709946,1.0,3.0,timeout
2932,3.345641851425171,-2.718519449234009,-0.000245987786911428,0.03299862891435623,0.03299862518906593,1.0,3.0,timeout
2933,3.3456010818481445,-2.7174642086029053,-0.00024632731219753623,0.033000871539115906,0.03300086781382561,1.0,-3.0,timeout
2934,3.3456013202667236,-2.7174429893493652,-0.0002514902735128999,0.0006824886077083647,0.0006631434662267566,0.0,-3.0,timeout
2935,3.345601797103882,-2.7174429893493652,-0.0002510549093130976,2.017781480390113e-05,1.4901160284352954e-05,0.0,-3.0,timeout
2936,3.345567226409912,-2.7164087295532227,-0.0002455321664456278,0.032339125871658325,0.032338663935661316,1.0,3.0,timeout
2937,3.3455307483673096,-2.71535325050354,-0.00024564823252148926,0.03300341218709946,0.03300341218709946,1.0,-3.0,timeout
2938,3.345496892929077,-2.7142977714538574,-0.00024605056387372315,0.033000681549310684,0.033000681549310684,1.0,-3.0,timeout
2939,3.3454647064208984,-2.713242292404175,-0.0002463975688442588,0.032999053597450256,0.03299904987215996,1.0,3.0,timeout
2940,3.345430612564087,-2.712186813354492,-0.0002466562145855278,0.033000923693180084,0.033000919967889786,1.0,-3.0,timeout
2941,3.345398426055908,-2.7111313343048096,-0.00024688232224434614,0.032999053597450256,0.03299904987215996,1.0,3.0,timeout
2942,3.345398426055908,-2.7111310958862305,-0.00025202706456184387,0.00016094573948066682,7.450580142176477e-06,0.0,0.0,timeout
2943,3.345364570617676,-2.710096836090088,-0.00024650240084156394,0.03233838826417923,0.03233793005347252,1.0,-3.0,timeout
2944,3.3453330993652344,-2.7090413570404053,-0.0002464450371917337,0.032998375594615936,0.032998375594615936,1.0,-3.0,timeout
2945,3.345303535461426,-2.7079856395721436,-0.0002466988516971469,0.03300410509109497,0.03300410136580467,1.0,3.0,timeout
2946,3.3452720642089844,-2.706930160522461,-0.00024689643760211766,0.032998375594615936,0.032998375594615936,1.0,-3.0,timeout
2947,3.345242500305176,-2.7058746814727783,-0.00024707434931769967,0.03299665451049805,0.03299665451049805,1.0,3.0,timeout
2948,3.3452110290527344,-2.7048189640045166,-0.00024719745852053165,0.03300582617521286,0.03300582617521286,1.0,-3.0,timeout
2949,3.345181941986084,-2.703763484954834,-0.0002473050553817302,0.03299624100327492,0.03299624100327492,1.0,-3.0,timeout
2950,3.3451552391052246,-2.7027077674865723,-0.000247391639277339,0.033001720905303955,0.033001720905303955,1.0,-3.0,timeout
2951,3.345130205154419,-2.7016520500183105,-0.00024747068528085947,0.03300044313073158,0.03300044313073158,1.0,3.0,timeout
2952,3.3451027870178223,-2.700596570968628,-0.0002475240617059171,0.03299484774470329,0.032994844019412994,1.0,3.0,timeout
2953,3.3450734615325928,-2.699540853500366,-0.00024755659978836775,0.03300389647483826,0.03300389647483826,1.0,-3.0,timeout
2954,3.3450467586517334,-2.6984851360321045,-0.00024759219377301633,0.033001720905303955,0.033001720905303955,1.0,-3.0,timeout
2955,3.345022201538086,-2.6974294185638428,-0.00024762123939581215,0.03300009295344353,0.03300009295344353,1.0,-3.0,timeout
2956,3.3450231552124023,-2.6974081993103027,-0.0002525252057239413,0.0006812321371398866,0.0006637710030190647,0.0,-3.0,timeout
2957,3.345003604888916,-2.696373701095581,-0.000246998795773834,0.03233429789543152,0.03233383595943451,1.0,-3.0,timeout
2958,3.3449866771698,-2.6953177452087402,-0.00024684661184437573,0.033002857118844986,0.033002857118844986,1.0,-3.0,timeout
2959,3.3449721336364746,-2.6942617893218994,-0.0002470105537213385,0.033001746982336044,0.033001746982336044,1.0,-3.0,timeout
2960,3.3449597358703613,-2.6932058334350586,-0.0002471556654199958,0.0330008938908577,0.0330008938908577,1.0,-3.0,timeout
2961,3.344949960708618,-2.6921498775482178,-0.00024727245909161866,0.03300003334879875,0.03300002962350845,1.0,-3.0,timeout
2962,3.344942331314087,-2.691093921661377,-0.00024736596969887614,0.03299948200583458,0.03299948200583458,1.0,-3.0,timeout
2963,3.3449370861053467,-2.690037965774536,-0.0002474407374393195,0.03299902752041817,0.03299902752041817,1.0,-3.0,timeout
2964,3.3449339866638184,-2.6889820098876953,-0.00024750057491473854,0.032998763024806976,0.032998763024806976,1.0,-3.0,timeout
2965,3.344932794570923,-2.6879260540008545,-0.0002475575893186033,0.03299864009022713,0.03299863636493683,1.0,3.0,timeout
2966,3.344928741455078,-2.6868698596954346,-0.0002475932124070823,0.03300631418824196,0.03300631418824196,1.0,3.0,timeout
2967,3.344928503036499,-2.6868488788604736,-0.000252503581577912,0.0006734095513820648,0.000655693409498781,0.0,3.0,timeout
2968,3.3449201583862305,-2.685814142227173,-0.00024697030312381685,0.03233703225851059,0.03233657032251358,1.0,-3.0,timeout
2969,3.344914197921753,-2.684758186340332,-0.0002468230959493667,0.03299914672970772,0.03299914300441742,1.0,-3.0,timeout
2970,3.3449151515960693,-2.684736967086792,-0.0002518724068067968,0.0006822682917118073,0.0006637710030190647,0.0,-3.0,timeout
2971,3.3449134826660156,-2.683701992034912,-0.0002464866847731173,0.03234344720840454,0.03234300762414932,1.0,3.0,timeout
2972,3.34490966796875,-2.6826460361480713,-0.0002464262943249196,0.03299883380532265,0.03299883380532265,1.0,-3.0,timeout
2973,3.344910144805908,-2.6826248168945312,-0.0002515546220820397,0.0006823556032031775,0.0006632690201513469,0.0,-3.0,timeout
2974,3.3449106216430664,-2.6815900802612305,-0.0002462324919179082,0.03233594819903374,0.03233552351593971,1.0,3.0,timeout
2975,3.3449089527130127,-2.6805341243743896,-0.0002462229458615184,0.03299865871667862,0.03299865871667862,1.0,-3.0,timeout
2976,3.344909191131592,-2.6794779300689697,-0.00024651590501889586,0.03300607204437256,0.03300607204437256,1.0,0.0,timeout
2977,3.344909906387329,-2.678421974182129,-0.00024675557506270707,0.03299862891435623,0.03299862891435623,1.0,-3.0,timeout
2978,3.3449132442474365,-2.677366018295288,-0.00024695193860679865,0.03299878537654877,0.03299878537654877,1.0,-3.0,timeout
2979,3.344918727874756,-2.6763100624084473,-0.0002471093030180782,0.03299906477332115,0.03299906477332115,1.0,-3.0,timeout
2980,3.344926595687866,-2.6752538681030273,-0.00024723526439629495,0.03300698846578598,0.03300698474049568,1.0,-3.0,timeout
2981,3.3449366092681885,-2.6741979122161865,-0.00024734067847020924,0.03300010412931442,0.03300010412931442,1.0,0.0,timeout
2982,3.344937562942505,-2.6741766929626465,-0.0002522968570701778,0.0006816009990870953,0.0006637710030190647,0.0,-3.0,timeout
2983,3.34494948387146,-2.6731419563293457,-0.0002468267921358347,0.03233811631798744,0.03233766555786133,1.0,3.0,timeout
2984,3.344959259033203,-2.672086238861084,-0.00024669832782819867,0.03299258276820183,0.03299258276820183,1.0,-3.0,timeout
2985,3.3449599742889404,-2.672065019607544,-0.00025177208590321243,0.0006821605493314564,0.0006634782184846699,0.0,-3.0,timeout
2986,3.3449745178222656,-2.671030282974243,-0.000246395415160805,0.032339148223400116,0.032338712364435196,1.0,-3.0,timeout
2987,3.344974994659424,-2.671030044555664,-0.0002513475192245096,0.00015564743080176413,1.6660003893775865e-05,0.0,0.0,timeout
2988,3.344975709915161,-2.671030044555664,-0.00025082926731556654,2.7602362024481408e-05,2.235173997178208e-05,0.0,-3.0,timeout
2989,3.3449761867523193,-2.671030044555664,-0.00025022050249390304,2.4165126887965016e-05,1.4901160284352954e-05,0.0,-3.0,timeout
2990,3.3449978828430176,-2.6699955463409424,-0.00024483856395818293,0.032335612922906876,0.032335177063941956,1.0,-3.0,timeout
2991,3.3450214862823486,-2.6689398288726807,-0.00024511327501386404,0.03299941122531891,0.03299941122531891,1.0,3.0,timeout
2992,3.345043420791626,-2.66788387298584,-0.0002456137735862285,0.033005740493535995,0.0330057367682457,1.0,-3.0,timeout
2993,3.345067024230957,-2.666828155517578,-0.0002460478572174907,0.03299941495060921,0.03299941122531891,1.0,3.0,timeout
2994,3.3450887203216553,-2.6657724380493164,-0.00024637652677483857,0.032998137176036835,0.032998137176036835,1.0,-3.0,timeout
2995,3.3451120853424072,-2.6647167205810547,-0.0002466586884111166,0.032999251037836075,0.032999251037836075,1.0,3.0,timeout
2996,3.3451337814331055,-2.663661003112793,-0.0002468650054652244,0.032998137176036835,0.032998137176036835,1.0,-3.0,timeout
2997,3.3451576232910156,-2.662605047225952,-0.0002470441104378551,0.03300702944397926,0.03300702944397926,1.0,0.0,timeout
2998,3.345181703567505,-2.6615493297576904,-0.000247178744757548,0.03299975022673607,0.03299975022673607,1.0,-3.0,timeout
2999,3.345208168029785,-2.6604936122894287,-0.00024729038705118,0.03300153464078903,0.03300153464078903,1.0,-3.0,timeout
3000,3.3452086448669434,-2.6604933738708496,-0.00025236295186914504,0.00015939072181936353,1.6660003893775865e-05,0.0,0.0,timeout
3001,3.3452367782592773,-2.659459114074707,-0.00024678243789821863,0.032333046197891235,0.03233257308602333,1.0,3.0,timeout
3002,3.3452627658843994,-2.6584033966064453,-0.00024665845558047295,0.033001162111759186,0.033001162111759186,1.0,-3.0,timeout
3003,3.3452913761138916,-2.6573476791381836,-0.00024685903917998075,0.03300328180193901,0.03300328180193901,1.0,-3.0,timeout
3004,3.3453221321105957,-2.656292200088501,-0.0002470341860316694,0.03299771621823311,0.03299771621823311,1.0,-3.0,timeout
3005,3.345323085784912,-2.656270980834961,-0.0002520559646654874,0.0006820698035880923,0.0006637710030190647,0.0,-3.0,timeout
3006,3.3453588485717773,-2.6552369594573975,-0.00024662326904945076,0.03233293071389198,0.032332487404346466,1.0,-3.0,timeout
3007,3.3453972339630127,-2.654181480407715,-0.0002465464058332145,0.033005524426698685,0.033005520701408386,1.0,-3.0,timeout
3008,3.34543776512146,-2.6531262397766113,-0.0002467704762239009,0.033000584691762924,0.033000584691762924,1.0,-3.0,timeout
3009,3.3454809188842773,-2.652071237564087,-0.00024696369655430317,0.03299638628959656,0.03299638628959656,1.0,-3.0,timeout
3010,3.3455262184143066,-2.6510159969329834,-0.00024711896548978984,0.033006638288497925,0.033006638288497925,1.0,-3.0,timeout
3011,3.345573902130127,-2.649961233139038,-0.0002472432388458401,0.032995034009218216,0.032995034009218216,1.0,-3.0,timeout
3012,3.345623731613159,-2.6489062309265137,-0.00024734262842684984,0.033005572855472565,0.033005569130182266,1.0,-3.0,timeout
3013,3.3456761837005615,-2.6478517055511475,-0.00024742214009165764,0.03299465402960777,0.03299465402960777,1.0,-3.0,timeout
3014,3.3457305431365967,-2.646796941757202,-0.0002474857319612056,0.033005110919475555,0.033005110919475555,1.0,-3.0,timeout
3015,3.345787525177002,-2.645742416381836,-0.00024753660545684397,0.03300199285149574,0.033001989126205444,1.0,-3.0,timeout
3016,3.34584641456604,-2.644688129425049,-0.00024757732171565294,0.032997824251651764,0.032997824251651764,1.0,-3.0,timeout
3017,3.3459079265594482,-2.6436338424682617,-0.00024760985979810357,0.033002495765686035,0.033002495765686035,1.0,-3.0,timeout
3018,3.3459713459014893,-2.6425797939300537,-0.00024763590772636235,0.03299858421087265,0.03299858421087265,1.0,-3.0,timeout
3019,3.345973253250122,-2.6425588130950928,-0.00025253737112507224,0.0006759380921721458,0.0006583547801710665,0.0,-3.0,timeout
3020,3.346040964126587,-2.641525983810425,-0.00024700863286852837,0.03234566003084183,0.03234519809484482,1.0,-3.0,timeout
3021,3.3460419178009033,-2.6415257453918457,-0.0002518380351830274,0.00015401357086375356,3.0719529604539275e-05,0.0,0.0,timeout
3022,3.3460421562194824,-2.641525983810425,-0.0002512309583835304,2.1700845536543056e-05,1.0536711670283694e-05,0.0,3.0,timeout
3023,3.346111297607422,-2.640493392944336,-0.0002456469810567796,0.03234118968248367,0.03234072029590607,1.0,-3.0,timeout
3024,3.346181869506836,-2.639439582824707,-0.00024575082352384925,0.033005326986312866,0.033005326986312866,1.0,-3.0,timeout
3025,3.34625506401062,-2.6383862495422363,-0.0002461335388943553,0.0329960398375988,0.0329960361123085,1.0,-3.0,timeout
3026,3.3463306427001953,-2.6373329162597656,-0.00024645435041747987,0.033001288771629333,0.033001285046339035,1.0,-3.0,timeout
3027,3.3464083671569824,-2.636279582977295,-0.0002467116864863783,0.03300615772604942,0.033006154000759125,1.0,-3.0,timeout
3028,3.3464882373809814,-2.6352267265319824,-0.00024691756698302925,0.03299630060791969,0.03299630060791969,1.0,-3.0,timeout
3029,3.3465704917907715,-2.63417387008667,-0.00024708223645575345,0.03300201892852783,0.03300201892852783,1.0,-3.0,timeout
3030,3.3465702533721924,-2.634152889251709,-0.00025210619787685573,0.0006742273108102381,0.000655693409498781,0.0,3.0,timeout
3031,3.3466506004333496,-2.6331212520599365,-0.0002466615696903318,0.03233673796057701,0.0323362872004509,1.0,3.0,timeout
3032,3.346728801727295,-2.632068157196045,-0.0002465752186253667,0.03299982473254204,0.03299982473254204,1.0,3.0,timeout
3033,3.3467302322387695,-2.632046937942505,-0.00025166425621137023,0.0006833692314103246,0.0006646068068221211,0.0,-3.0,timeout
3034,3.3467307090759277,-2.632046937942505,-0.00025119271595031023,2.095670424751006e-05,1.4901160284352954e-05,0.0,-3.0,timeout
3035,3.346810817718506,-2.6310153007507324,-0.00024563109036535025,0.03233617544174194,0.032335709780454636,1.0,-3.0,timeout
3036,3.3468124866485596,-2.6309943199157715,-0.00025061971973627806,0.0006759449024684727,0.000657722121104598,0.0,-3.0,timeout
3037,3.346897840499878,-2.629962921142578,-0.0002454583300277591,0.032341789454221725,0.03234139084815979,1.0,-3.0,timeout
3038,3.3468997478485107,-2.629941940307617,-0.00025049567921087146,0.0006769129540771246,0.0006583547801710665,0.0,-3.0,timeout
3039,3.346989870071411,-2.628911018371582,-0.0002453599008731544,0.03233957290649414,0.032339174300432205,1.0,-3.0,timeout
3040,3.3470840454101562,-2.627859115600586,-0.0002455353387631476,0.033003438264131546,0.033003438264131546,1.0,-3.0,timeout
3041,3.3471806049346924,-2.626807451248169,-0.00024596191360615194,0.03300274536013603,0.03300274536013603,1.0,-3.0,timeout
3042,3.3472793102264404,-2.625756025314331,-0.00024631706764921546,0.033001527190208435,0.033001527190208435,1.0,-3.0,timeout
3043,3.347379684448242,-2.6247048377990723,-0.0002466111909598112,0.03299902379512787,0.03299902379512787,1.0,3.0,timeout
3044,3.347477912902832,-2.6236534118652344,-0.0002468317688908428,0.03300013765692711,0.03300013765692711,1.0,0.0,timeout
3045,3.3474793434143066,-2.6236324310302734,-0.00025190081214532256,0.0006759953103028238,0.000657173281069845,0.0,3.0,timeout
3046,3.34757661819458,-2.6226017475128174,-0.00024648671387694776,0.03235243260860443,0.032351985573768616,1.0,-3.0,timeout
3047,3.3475751876831055,-2.6225807666778564,-0.00025133180315606296,0.0006743896519765258,0.000657173281069845,0.0,3.0,timeout
3048,3.347672700881958,-2.6215503215789795,-0.0002460158721078187,0.03234569728374481,0.03234527260065079,1.0,-3.0,timeout
3049,3.347771167755127,-2.6204988956451416,-0.00024606057559140027,0.03300083056092262,0.033000826835632324,1.0,-3.0,timeout
3050,3.3477699756622314,-2.6204779148101807,-0.00025127557455562055,0.0006766275619156659,0.0006567084928974509,0.0,3.0,timeout
3051,3.3478662967681885,-2.6194474697113037,-0.00024599613971076906,0.03234220668673515,0.03234178200364113,1.0,3.0,timeout
3052,3.347867488861084,-2.6194264888763428,-0.0002509260957594961,0.0006745375576429069,0.0006567084928974509,0.0,3.0,timeout
3053,3.347961902618408,-2.6183955669403076,-0.0002456919173710048,0.0323515422642231,0.03235112875699997,1.0,-3.0,timeout
3054,3.34796404838562,-2.6183745861053467,-0.0002506830496713519,0.0006772755878046155,0.0006590710836462677,0.0,-3.0,timeout
3055,3.348059892654419,-2.6173441410064697,-0.0002455207868479192,0.03234080225229263,0.0323403999209404,1.0,3.0,timeout
3056,3.3481552600860596,-2.6162924766540527,-0.00024565320927649736,0.03299935907125473,0.03299935907125473,1.0,-3.0,timeout
3057,3.348153591156006,-2.616271495819092,-0.0002509495825506747,0.0006782274576835334,0.000657722121104598,0.0,3.0,timeout
3058,3.348153591156006,-2.616271495819092,-0.0002506195451132953,1.0313669008610304e-05,0.0,0.0,3.0,timeout
3059,3.3482444286346436,-2.6152405738830566,-0.0002451732289046049,0.03234157711267471,0.0323411263525486,1.0,3.0,timeout
3060,3.348334550857544,-2.6141884326934814,-0.0002453606575727463,0.032999806106090546,0.032999806106090546,1.0,-3.0,timeout
3061,3.3484272956848145,-2.6131365299224854,-0.0002458205271977931,0.03299948200583458,0.03299948200583458,1.0,-3.0,timeout
3062,3.348522424697876,-2.6120846271514893,-0.0002462035627104342,0.03300610929727554,0.033006105571985245,1.0,-3.0,timeout
3063,3.3486201763153076,-2.6110332012176514,-0.00024651081184856594,0.03299875557422638,0.03299875557422638,1.0,-3.0,timeout
3064,3.348720073699951,-2.6099820137023926,-0.00024675665190443397,0.03299761191010475,0.03299760818481445,1.0,-3.0,timeout
3065,3.3488216400146484,-2.608930826187134,-0.00024696282343938947,0.0330025851726532,0.0330025851726532,1.0,3.0,timeout
3066,3.3489205837249756,-2.607879400253296,-0.0002471178013365716,0.03300222381949425,0.03300222009420395,1.0,3.0,timeout
3067,3.3489224910736084,-2.607858419418335,-0.00025211283355019987,0.0006766067235730588,0.0006583547801710665,0.0,-3.0,timeout
3068,3.3490207195281982,-2.606828212738037,-0.00024666773970238864,0.03234041482210159,0.03233996778726578,1.0,-3.0,timeout
3069,3.3491227626800537,-2.6057770252227783,-0.0002465866564307362,0.033004023134708405,0.033004023134708405,1.0,0.0,timeout
3070,3.3492250442504883,-2.6047260761260986,-0.00024679829948581755,0.03299732878804207,0.03299732878804207,1.0,-3.0,timeout
3071,3.349327802658081,-2.603696584701538,-0.00024295457114931196,0.032331693917512894,0.032331470400094986,1.0,-3.0,timeout
3072,3.3494346141815186,-2.6026458740234375,-0.00024360226234421134,0.03300393372774124,0.033003926277160645,1.0,0.0,timeout
3073,3.349541664123535,-2.601595401763916,-0.00024441059213131666,0.03299728035926819,0.03299726918339729,1.0,-3.0,timeout
3074,3.3496510982513428,-2.6005451679229736,-0.00024507593479938805,0.032997503876686096,0.0329974964261055,1.0,-3.0,timeout
3075,3.3497629165649414,-2.5994951725006104,-0.0002456090587656945,0.032997895032167435,0.032997891306877136,1.0,-3.0,timeout
3076,3.3497657775878906,-2.5994741916656494,-0.00025091718998737633,0.0006821933784522116,0.0006617189501412213,0.0,-3.0,timeout
3077,3.349766492843628,-2.5994741916656494,-0.0002505966695025563,2.4493383534718305e-05,2.235173997178208e-05,0.0,-3.0,timeout
3078,3.3498826026916504,-2.5984458923339844,-0.00024516513803973794,0.03233899921178818,0.03233855217695236,1.0,3.0,timeout
3079,3.3499984741210938,-2.5973963737487793,-0.00024535489501431584,0.03299673646688461,0.03299673646688461,1.0,-3.0,timeout
3080,3.350001096725464,-2.5973753929138184,-0.0002506978635210544,0.0006815228844061494,0.0006607535178773105,0.0,-3.0,timeout
3081,3.350119113922119,-2.5963473320007324,-0.0002455463109072298,0.03233829513192177,0.032337892800569534,1.0,3.0,timeout
3082,3.350121259689331,-2.5963263511657715,-0.0002505563898012042,0.0006774122011847794,0.0006590710836462677,0.0,-3.0,timeout
3083,3.3502399921417236,-2.5952982902526855,-0.00024540748563595116,0.03234085068106651,0.03234045207500458,1.0,-3.0,timeout
3084,3.350363254547119,-2.5942494869232178,-0.0002455731446389109,0.033000677824020386,0.033000677824020386,1.0,-3.0,timeout
3085,3.3504889011383057,-2.593200922012329,-0.00024599191965535283,0.033002063632011414,0.033002059906721115,1.0,-3.0,timeout
3086,3.350616931915283,-2.5921525955200195,-0.0002463409036863595,0.033003613352775574,0.033003609627485275,1.0,-3.0,timeout
3087,3.3506152629852295,-2.5921318531036377,-0.00025151539011858404,0.0006700982921756804,0.0006502952892333269,0.0,3.0,timeout
3088,3.3507449626922607,-2.591104507446289,-0.0002461753028910607,0.03235981613397598,0.03235938772559166,1.0,-3.0,timeout
3089,3.350748062133789,-2.591083526611328,-0.00025107170222327113,0.0006802002899348736,0.0006627667462453246,0.0,-3.0,timeout
3090,3.3508780002593994,-2.590056896209717,-0.0002458314993418753,0.03233855962753296,0.03233814612030983,1.0,3.0,timeout
3091,3.3510079383850098,-2.5890090465545654,-0.0002459018724039197,0.032996103167533875,0.032996103167533875,1.0,-3.0,timeout
3092,3.351140260696411,-2.587961196899414,-0.00024625431979075074,0.033005356788635254,0.033005353063344955,1.0,-3.0,timeout
3093,3.3511433601379395,-2.5879404544830322,-0.00025143209495581686,0.000675074988976121,0.0006553970160894096,0.0,-3.0,timeout
3094,3.3512773513793945,-2.586914300918579,-0.0002461344702169299,0.03233994171023369,0.032339517027139664,1.0,3.0,timeout
3095,3.351411819458008,-2.585866689682007,-0.0002461448893882334,0.03300643339753151,0.03300643339753151,1.0,-3.0,timeout
3096,3.351548671722412,-2.584819793701172,-0.0002464486169628799,0.03299383819103241,0.03299383819103241,1.0,-3.0,timeout
3097,3.3516879081726074,-2.583772897720337,-0.00024670606944710016,0.03300357982516289,0.03300357982516289,1.0,-3.0,timeout
3098,3.351686716079712,-2.583751916885376,-0.0002518072724342346,0.000675779883749783,0.0006567084928974509,0.0,3.0,timeout
3099,3.35182785987854,-2.582726240158081,-0.00024640836636535823,0.032354895025491714,0.032354455441236496,1.0,-3.0,timeout
3100,3.3519694805145264,-2.581679582595825,-0.00024637681781314313,0.03300609812140465,0.03300609812140465,1.0,-3.0,timeout
3101,3.3521134853363037,-2.5806334018707275,-0.0002466350269969553,0.03300141543149948,0.03300141170620918,1.0,-3.0,timeout
3102,3.352116823196411,-2.5806126594543457,-0.0002517367247492075,0.000675619172398001,0.0006565394578501582,0.0,-3.0,timeout
3103,3.3521177768707275,-2.5806126594543457,-0.0002512521459721029,3.342890340718441e-05,2.980232056870591e-05,0.0,-3.0,timeout
3104,3.3522682189941406,-2.5795676708221436,-0.00024558743461966515,0.03299304470419884,0.03299257159233093,1.0,0.0,timeout
3105,3.3524186611175537,-2.5785224437713623,-0.00024579124874435365,0.03299994766712189,0.03299994394183159,1.0,-3.0,timeout
3106,3.352421283721924,-2.5785017013549805,-0.000251062388997525,0.0006738059455528855,0.0006533610867336392,0.0,3.0,timeout
3107,3.3525686264038086,-2.577477216720581,-0.0002458266098983586,0.03234497085213661,0.03234455734491348,1.0,3.0,timeout
3108,3.3527162075042725,-2.5764315128326416,-0.00024589814711362123,0.033002082258462906,0.03300207853317261,1.0,-3.0,timeout
3109,3.3528661727905273,-2.5753862857818604,-0.00024625129299238324,0.03299782797694206,0.03299782797694206,1.0,-3.0,timeout
3110,3.353017807006836,-2.574341297149658,-0.00024655801826156676,0.03299789875745773,0.03299789875745773,1.0,3.0,timeout
3111,3.3531675338745117,-2.573295831680298,-0.00024678927729837596,0.033004142343997955,0.033004142343997955,1.0,0.0,timeout
3112,3.3531696796417236,-2.573274850845337,-0.00025186705170199275,0.0006779042887501419,0.0006590710836462677,0.0,3.0,timeout
3113,3.3533194065093994,-2.5722501277923584,-0.00024645752273499966,0.03236306086182594,0.032362621277570724,1.0,-3.0,timeout
3114,3.353468656539917,-2.571204900741577,-0.0002464263525325805,0.03299465775489807,0.03299465775489807,1.0,3.0,timeout
3115,3.3536155223846436,-2.5701591968536377,-0.0002466744917910546,0.03299896419048309,0.03299896419048309,1.0,3.0,timeout
3116,3.3537607192993164,-2.56911301612854,-0.0002468763559591025,0.033006515353918076,0.03300651162862778,1.0,-3.0,timeout
3117,3.3537635803222656,-2.569092273712158,-0.0002519292465876788,0.000673120201099664,0.0006543374038301408,0.0,-3.0,timeout
3118,3.353910207748413,-2.568067789077759,-0.00024653240689076483,0.03234182298183441,0.03234138339757919,1.0,3.0,timeout
3119,3.354057550430298,-2.5670220851898193,-0.00024646296515129507,0.033001042902469635,0.033001042902469635,1.0,-3.0,timeout
3120,3.354057550430298,-2.5670218467712402,-0.00025168637512251735,0.00016340150614269078,7.450580142176477e-06,0.0,0.0,timeout
3121,3.354057788848877,-2.5670218467712402,-0.00025111885042861104,1.9236593288951553e-05,7.450580142176477e-06,0.0,0.0,timeout
3122,3.3542048931121826,-2.565997362136841,-0.0002455634530633688,0.03234396129846573,0.03234349563717842,1.0,-3.0,timeout
3123,3.3543567657470703,-2.5649523735046387,-0.0002456937509123236,0.03299896791577339,0.03299896791577339,1.0,3.0,timeout
3124,3.3543596267700195,-2.564931631088257,-0.0002509595942683518,0.0006747122970409691,0.0006543374038301408,0.0,-3.0,timeout
3125,3.3545095920562744,-2.5639076232910156,-0.0002457440132275224,0.03234199434518814,0.03234158456325531,1.0,-3.0,timeout
3126,3.3546645641326904,-2.5628631114959717,-0.00024584305356256664,0.03299830108880997,0.03299830108880997,1.0,-3.0,timeout
3127,3.3548221588134766,-2.561818838119507,-0.00024620784097351134,0.0330030620098114,0.0330030582845211,1.0,-3.0,timeout
3128,3.3549821376800537,-2.5607750415802,-0.0002465136058162898,0.03299953415989876,0.03299953043460846,1.0,-3.0,timeout
3129,3.355144500732422,-2.5597314834594727,-0.0002467589802108705,0.033003538846969604,0.033003538846969604,1.0,-3.0,timeout
3130,3.355309009552002,-2.5586884021759033,-0.0002469552855473012,0.0329991951584816,0.0329991951584816,1.0,-3.0,timeout
3131,3.3553123474121094,-2.5586676597595215,-0.0002520042471587658,0.0006752322660759091,0.0006565394578501582,0.0,3.0,timeout
3132,3.355473041534424,-2.557645320892334,-0.00024658048641867936,0.03234078735113144,0.03234034404158592,1.0,3.0,timeout
3133,3.3556344509124756,-2.5566017627716064,-0.00024650117848068476,0.03299896791577339,0.03299896791577339,1.0,-3.0,timeout
3134,3.355638027191162,-2.5565810203552246,-0.00025161507073789835,0.0006768993916921318,0.0006577642634510994,0.0,-3.0,timeout
3135,3.3558013439178467,-2.5555591583251953,-0.0002462690754327923,0.032338887453079224,0.0323384553194046,1.0,-3.0,timeout
3136,3.355802059173584,-2.555558919906616,-0.00025124690728262067,0.00015733139298390597,2.3560804038424976e-05,0.0,0.0,timeout
3137,3.355802297592163,-2.555558919906616,-0.0002514656516723335,1.0111319170391653e-05,7.450580142176477e-06,0.0,-3.0,timeout
3138,3.3559699058532715,-2.554537773132324,-0.0002458380185998976,0.03233831375837326,0.03233783319592476,1.0,-3.0,timeout
3139,3.355973482131958,-2.5545170307159424,-0.00025078485487028956,0.0006756859947927296,0.0006577642634510994,0.0,-3.0,timeout
3140,3.355973720550537,-2.5545170307159424,-0.00025047987583093345,1.2097247235942632e-05,7.450580142176477e-06,0.0,0.0,timeout
3141,3.3561463356018066,-2.5534965991973877,-0.00024505562032572925,0.03234194964170456,0.03234150633215904,1.0,-3.0,timeout
3142,3.3563246726989746,-2.5524559020996094,-0.00024527785717509687,0.032995834946632385,0.032995834946632385,1.0,-3.0,timeout
3143,3.3565053939819336,-2.55141544342041,-0.00024575518909841776,0.033001162111759186,0.03300115838646889,1.0,-3.0,timeout
3144,3.3566884994506836,-2.550375461578369,-0.00024615167058072984,0.03299931809306145,0.03299931436777115,1.0,-3.0,timeout
3145,3.3568737506866455,-2.5493357181549072,-0.00024646957172080874,0.03300367295742035,0.03300367295742035,1.0,-3.0,timeout
3146,3.3570616245269775,-2.5482964515686035,-0.00024672391009517014,0.03300348296761513,0.03300348296761513,1.0,-3.0,timeout
3147,3.3570659160614014,-2.548275947570801,-0.0002518087567295879,0.0006736436043865979,0.0006546343211084604,0.0,-3.0,timeout
3148,3.3572540283203125,-2.547257900238037,-0.0002464337449055165,0.03235296159982681,0.03235252574086189,1.0,3.0,timeout
3149,3.3574435710906982,-2.5462191104888916,-0.000246385985519737,0.03299814462661743,0.03299814090132713,1.0,-3.0,timeout
3150,3.357635259628296,-2.545180559158325,-0.00024664169177412987,0.03300292044878006,0.03300292044878006,1.0,-3.0,timeout
3151,3.3578286170959473,-2.544142484664917,-0.0002468700986355543,0.032997775822877884,0.032997775822877884,1.0,3.0,timeout
3152,3.3580195903778076,-2.5431039333343506,-0.0002470436738803983,0.03299887105822563,0.03299886733293533,1.0,3.0,timeout
3153,3.358022689819336,-2.5430829524993896,-0.0002520648413337767,0.0006810880149714649,0.0006627667462453246,0.0,3.0,timeout
3154,3.358022928237915,-2.5430831909179688,-0.0002515030209906399,2.0475998098845594e-05,1.0536711670283694e-05,0.0,-3.0,timeout
3155,3.358208656311035,-2.542064905166626,-0.0002458785893395543,0.032346878200769424,0.03234639763832092,1.0,-3.0,timeout
3156,3.358212471008301,-2.542044162750244,-0.0002508180623408407,0.0006769056781195104,0.0006590710836462677,0.0,-3.0,timeout
3157,3.3582122325897217,-2.542044162750244,-0.0002505117154214531,1.2130951290600933e-05,7.450580142176477e-06,0.0,3.0,timeout
3158,3.3582122325897217,-2.542044162750244,-0.00024997087894007564,1.6901140043046325e-05,0.0,0.0,3.0,timeout
3159,3.3583974838256836,-2.5410261154174805,-0.00024463937734253705,0.03233683109283447,0.03233640268445015,1.0,3.0,timeout
3160,3.358584403991699,-2.5399868488311768,-0.0002449331514071673,0.03299819678068161,0.03299819305539131,1.0,-3.0,timeout
3161,3.3587727546691895,-2.538947582244873,-0.0002454889181535691,0.03300614282488823,0.03300613537430763,1.0,3.0,timeout
3162,3.3589589595794678,-2.5379080772399902,-0.00024593877606093884,0.03300158306956291,0.03300158306956291,1.0,3.0,timeout
3163,3.3591432571411133,-2.5368683338165283,-0.0002462886623106897,0.0329984612762928,0.0329984575510025,1.0,-3.0,timeout
3164,3.359330177307129,-2.5358290672302246,-0.00024657801259309053,0.03299819678068161,0.03299819305539131,1.0,-3.0,timeout
3165,3.3595194816589355,-2.5347900390625,-0.00024681005743332207,0.03300413489341736,0.03300413489341736,1.0,-3.0,timeout
3166,3.359710454940796,-2.5337514877319336,-0.00024700569338165224,0.03299887105822563,0.03299886733293533,1.0,3.0,timeout
3167,3.3598995208740234,-2.532712697982788,-0.0002471425978001207,0.032995473593473434,0.032995469868183136,1.0,-3.0,timeout
3168,3.360091209411621,-2.5316741466522217,-0.0002472612541168928,0.03300292044878006,0.03300292044878006,1.0,-3.0,timeout
3169,3.3602852821350098,-2.5306360721588135,-0.00024735668557696044,0.03300187736749649,0.03300187736749649,1.0,-3.0,timeout
3170,3.3604815006256104,-2.5295984745025635,-0.0002474331413395703,0.03299962356686592,0.03299961984157562,1.0,-3.0,timeout
3171,3.360680103302002,-2.5285613536834717,-0.0002474944049026817,0.03299891576170921,0.032998912036418915,1.0,-3.0,timeout
3172,3.3608810901641846,-2.527524709701538,-0.0002475434448570013,0.032998379319906235,0.032998375594615936,1.0,-3.0,timeout
3173,3.3608858585357666,-2.5275039672851562,-0.000252463883953169,0.0006826504250057042,0.0006651077419519424,0.0,-3.0,timeout
3174,3.360886812210083,-2.5275042057037354,-0.0002518336696084589,3.6490422644419596e-05,3.0719529604539275e-05,0.0,-3.0,timeout
3175,3.361090898513794,-2.526489734649658,-0.00024614398716948926,0.03233785927295685,0.03233737498521805,1.0,-3.0,timeout
3176,3.361300468444824,-2.5254547595977783,-0.0002461583644617349,0.03299936279654503,0.03299935907125473,1.0,3.0,timeout
3177,3.3615074157714844,-2.524419069290161,-0.00024645900703035295,0.033005114644765854,0.033005110919475555,1.0,3.0,timeout
3178,3.361510753631592,-2.5243983268737793,-0.00025159664801321924,0.0006758851814083755,0.0006565394578501582,0.0,3.0,timeout
3179,3.3617091178894043,-2.5233826637268066,-0.00024625443620607257,0.03233957290649414,0.03233914449810982,1.0,3.0,timeout
3180,3.3617122173309326,-2.5233616828918457,-0.0002511334023438394,0.0006800779956392944,0.0006627667462453246,0.0,3.0,timeout
3181,3.3619062900543213,-2.5223453044891357,-0.00024585830396972597,0.03233607858419418,0.032335661351680756,1.0,-3.0,timeout
3182,3.3621058464050293,-2.521308183670044,-0.00024594366550445557,0.033004529774188995,0.033004529774188995,1.0,3.0,timeout
3183,3.3621089458465576,-2.521287441253662,-0.000251171353738755,0.0006754506030119956,0.0006553970160894096,0.0,3.0,timeout
3184,3.362300157546997,-2.520270347595215,-0.0002459137758705765,0.03234139457345009,0.03234097361564636,1.0,3.0,timeout
3185,3.3623037338256836,-2.520249605178833,-0.00025084963999688625,0.0006756075890734792,0.0006577642634510994,0.0,-3.0,timeout
3186,3.362494707107544,-2.5192322731018066,-0.00024565341300331056,0.03234732896089554,0.032346922904253006,1.0,3.0,timeout
3187,3.362687349319458,-2.5181939601898193,-0.00024575917632319033,0.03300101310014725,0.03300101310014725,1.0,-3.0,timeout
3188,3.362881898880005,-2.5171561241149902,-0.0002461504191160202,0.03299729526042938,0.032997291535139084,1.0,3.0,timeout
3189,3.3628854751586914,-2.5171353816986084,-0.0002513393119443208,0.0006774566136300564,0.0006577642634510994,0.0,-3.0,timeout
3190,3.363077163696289,-2.516118288040161,-0.0002460481191519648,0.03234415501356125,0.03234373405575752,1.0,-3.0,timeout
3191,3.363274335861206,-2.5150809288024902,-0.0002460966061335057,0.03299785405397415,0.03299785405397415,1.0,3.0,timeout
3192,3.3632781505584717,-2.5150601863861084,-0.0002512824721634388,0.0006787028978578746,0.0006590710836462677,0.0,-3.0,timeout
3193,3.3632779121398926,-2.5150601863861084,-0.00025089207338169217,1.429511121386895e-05,7.450580142176477e-06,0.0,0.0,timeout
3194,3.3634724617004395,-2.5140435695648193,-0.00024538618163205683,0.03234623745083809,0.03234577551484108,1.0,-3.0,timeout
3195,3.363673448562622,-2.5130069255828857,-0.0002455420617479831,0.032998379319906235,0.032998375594615936,1.0,-3.0,timeout
3196,3.3636770248413086,-2.512986183166504,-0.00025085933157242835,0.0006784280412830412,0.0006577642634510994,0.0,3.0,timeout
3197,3.3638734817504883,-2.511970043182373,-0.0002456641523167491,0.032342810183763504,0.03234240040183067,1.0,3.0,timeout
3198,3.3640713691711426,-2.5109329223632812,-0.00024576816940680146,0.03299471735954285,0.03299471735954285,1.0,-3.0,timeout
3199,3.3642711639404297,-2.5098958015441895,-0.0002461574040353298,0.033005937933921814,0.033005937933921814,1.0,3.0,timeout
3200,3.3642749786376953,-2.5098750591278076,-0.0002513450162950903,0.0006787158781662583,0.0006590710836462677,0.0,-3.0,timeout
3201,3.364471912384033,-2.508859157562256,-0.00024605292128399014,0.03233833983540535,0.032337918877601624,1.0,-3.0,timeout
3202,3.3646750450134277,-2.5078229904174805,-0.0002460902032908052,0.032996583729982376,0.032996583729982376,1.0,-3.0,timeout
3203,3.3646786212921143,-2.5078020095825195,-0.00025129824643954635,0.0006847308250144124,0.0006651077419519424,0.0,3.0,timeout
3204,3.3648781776428223,-2.506786584854126,-0.0002460048417560756,0.032339416444301605,0.03233899176120758,1.0,-3.0,timeout
3205,3.3650829792022705,-2.5057506561279297,-0.00024606139049865305,0.032999347895383835,0.032999347895383835,1.0,3.0,timeout
3206,3.365286111831665,-2.5047144889831543,-0.0002463728014845401,0.032996587455272675,0.032996583729982376,1.0,-3.0,timeout
3207,3.3654916286468506,-2.503678560256958,-0.000246644951403141,0.03300369158387184,0.03300368785858154,1.0,-3.0,timeout
3208,3.365699529647827,-2.50264310836792,-0.00024686387041583657,0.033003658056259155,0.033003658056259155,1.0,-3.0,timeout
3209,3.3659090995788574,-2.50160813331604,-0.00024704853422008455,0.03299936279654503,0.03299935907125473,1.0,3.0,timeout
3210,3.3659133911132812,-2.5015876293182373,-0.0002520582638680935,0.0006730937748216093,0.0006546343211084604,0.0,-3.0,timeout
3211,3.366119623184204,-2.5005733966827393,-0.00024662388022989035,0.03234380856156349,0.032343361526727676,1.0,-3.0,timeout
3212,3.3663315773010254,-2.4995388984680176,-0.0002465568541083485,0.03299963101744652,0.03299962729215622,1.0,3.0,timeout
3213,3.3665411472320557,-2.4985039234161377,-0.00024677865440025926,0.03299936279654503,0.03299935907125473,1.0,3.0,timeout
3214,3.3667490482330322,-2.4974684715270996,-0.0002469597093295306,0.033003658056259155,0.033003658056259155,1.0,-3.0,timeout
3215,3.366753339767456,-2.497447967529297,-0.000251996039878577,0.0006732876063324511,0.0006546343211084604,0.0,-3.0,timeout
3216,3.366753578186035,-2.497447967529297,-0.00025145901599898934,1.8361550246481784e-05,7.450580142176477e-06,0.0,-3.0,timeout
3217,3.36696457862854,-2.4964346885681152,-0.00024584398488514125,0.03234468773007393,0.03234420716762543,1.0,-3.0,timeout
3218,3.3671813011169434,-2.495401382446289,-0.00024591851979494095,0.03299340233206749,0.03299339860677719,1.0,3.0,timeout
3219,3.3673956394195557,-2.4943673610687256,-0.00024626750382594764,0.033000074326992035,0.033000070601701736,1.0,3.0,timeout
3220,3.3676083087921143,-2.493332862854004,-0.0002465508587192744,0.03300412371754646,0.03300412371754646,1.0,-3.0,timeout
3221,3.367611885070801,-2.493312120437622,-0.000251680874498561,0.0006770185427740216,0.0006577642634510994,0.0,3.0,timeout
3222,3.3676116466522217,-2.493312120437622,-0.0002512061328161508,1.6601459719822742e-05,7.450580142176477e-06,0.0,3.0,timeout
3223,3.3678181171417236,-2.492297887802124,-0.0002456316724419594,0.03234531730413437,0.03234484791755676,1.0,-3.0,timeout
3224,3.3680312633514404,-2.4912636280059814,-0.00024573830887675285,0.032999832183122635,0.032999832183122635,1.0,-3.0,timeout
3225,3.368245840072632,-2.490229606628418,-0.00024613310233689845,0.03300158679485321,0.03300158306956291,1.0,3.0,timeout
3226,3.3682503700256348,-2.4902091026306152,-0.00025132569135166705,0.0006759667303413153,0.0006562011549249291,0.0,-3.0,timeout
3227,3.3684608936309814,-2.4891958236694336,-0.00024604875943623483,0.03234159201383591,0.03234117105603218,1.0,3.0,timeout
3228,3.368464946746826,-2.4891750812530518,-0.00025095828459598124,0.0006780450348742306,0.0006604593945667148,0.0,-3.0,timeout
3229,3.3684651851654053,-2.489175319671631,-0.0002506136952433735,1.5065890693222173e-05,1.0536711670283694e-05,0.0,-3.0,timeout
3230,3.368678569793701,-2.4881625175476074,-0.0002451667096465826,0.03234534338116646,0.03234489634633064,1.0,-3.0,timeout
3231,3.368898630142212,-2.4871296882629395,-0.0002453667111694813,0.033000398427248,0.0330003947019577,1.0,-3.0,timeout
3232,3.3691203594207764,-2.4860973358154297,-0.0002458360104355961,0.03299674019217491,0.03299673646688461,1.0,3.0,timeout
3233,3.369340419769287,-2.4850645065307617,-0.00024620641488581896,0.033000398427248,0.0330003947019577,1.0,-3.0,timeout
3234,3.3695626258850098,-2.484032154083252,-0.00024651255807839334,0.03299986943602562,0.03299986943602562,1.0,-3.0,timeout
3235,3.369567394256592,-2.48401141166687,-0.0002516394597478211,0.0006841325666755438,0.0006651077419519424,0.0,-3.0,timeout
3236,3.3697896003723145,-2.4830005168914795,-0.00024629925610497594,0.03234506770968437,0.03234463557600975,1.0,3.0,timeout
3237,3.370013952255249,-2.481968641281128,-0.00024627757375128567,0.03299948200583458,0.03299948200583458,1.0,-3.0,timeout
3238,3.3700180053710938,-2.481947898864746,-0.00025144772371277213,0.0006799342227168381,0.0006604593945667148,0.0,3.0,timeout
3239,3.3702375888824463,-2.4809367656707764,-0.00024613484856672585,0.03233484551310539,0.03233442083001137,1.0,3.0,timeout
3240,3.3704583644866943,-2.4799039363861084,-0.00024615455185994506,0.033005062490701675,0.033005062490701675,1.0,3.0,timeout
3241,3.3706774711608887,-2.4788708686828613,-0.00024644649238325655,0.03300148621201515,0.03300148621201515,1.0,-3.0,timeout
3242,3.370899200439453,-2.4778385162353516,-0.00024670350831001997,0.03299673646688461,0.03299673646688461,1.0,-3.0,timeout
3243,3.3711230754852295,-2.476806402206421,-0.0002469104074407369,0.03300359845161438,0.03300359845161438,1.0,-3.0,timeout
3244,3.3711235523223877,-2.476806163787842,-0.00025205922429449856,0.00016176073404494673,1.6660003893775865e-05,0.0,0.0,timeout
3245,3.3711235523223877,-2.476806402206421,-0.0002514227817300707,2.123856575053651e-05,7.450580142176477e-06,0.0,3.0,timeout
3246,3.3713436126708984,-2.475795030593872,-0.00024580114404670894,0.03234534338116646,0.032344866544008255,1.0,-3.0,timeout
3247,3.371570348739624,-2.4747636318206787,-0.00024587393272668123,0.03300083801150322,0.03300083428621292,1.0,-3.0,timeout
3248,3.3717994689941406,-2.4737327098846436,-0.00024623190984129906,0.03300236910581589,0.03300236538052559,1.0,-3.0,timeout
3249,3.3718039989471436,-2.473712205886841,-0.00025142528465949,0.0006759726093150675,0.0006562011549249291,0.0,3.0,timeout
3250,3.3720288276672363,-2.4727020263671875,-0.0002461070835124701,0.032340940088033676,0.032340507954359055,1.0,-3.0,timeout
3251,3.3722598552703857,-2.4716715812683105,-0.00024613834102638066,0.03300080820918083,0.03300080820918083,1.0,0.0,timeout
3252,3.372490882873535,-2.4706411361694336,-0.00024644003133289516,0.03300080820918083,0.03300080820918083,1.0,-3.0,timeout
3253,3.3727245330810547,-2.469611167907715,-0.0002466992009431124,0.03300430625677109,0.03300430625677109,1.0,-3.0,timeout
3254,3.372960329055786,-2.4685819149017334,-0.0002469074388500303,0.03299741446971893,0.03299741446971893,1.0,-3.0,timeout
3255,3.3731985092163086,-2.46755313873291,-0.00024707408738322556,0.032999616116285324,0.032999616116285324,1.0,-3.0,timeout
3256,3.3734381198883057,-2.466524600982666,-0.00024721649242565036,0.033002473413944244,0.033002473413944244,1.0,3.0,timeout
3257,3.37367582321167,-2.4654958248138428,-0.0002473113709129393,0.03299625962972641,0.03299625962972641,1.0,-3.0,timeout
3258,3.373915910720825,-2.4644675254821777,-0.00024739649961702526,0.03299860283732414,0.032998599112033844,1.0,-3.0,timeout
3259,3.3741583824157715,-2.463439702987671,-0.0002474650682415813,0.033001117408275604,0.033001117408275604,1.0,-3.0,timeout
3260,3.374163866043091,-2.463419198989868,-0.00025240122340619564,0.000680970202665776,0.0006632690201513469,0.0,-3.0,timeout
3261,3.3744053840637207,-2.4624123573303223,-0.00024690627469681203,0.03235682100057602,0.03235636651515961,1.0,3.0,timeout
3262,3.3746495246887207,-2.4613850116729736,-0.0002467652375344187,0.03299863263964653,0.03299863263964653,1.0,-3.0,timeout
3263,3.3748960494995117,-2.460358142852783,-0.00024694501189514995,0.03300144895911217,0.03300144895911217,1.0,-3.0,timeout
3264,3.3751449584960938,-2.459331750869751,-0.0002471031330060214,0.03300444036722183,0.03300444036722183,1.0,-3.0,timeout
3265,3.375396251678467,-2.458306074142456,-0.00024723043316043913,0.03300036862492561,0.03300036862492561,1.0,-3.0,timeout
3266,3.3756494522094727,-2.4572808742523193,-0.00024733232567086816,0.03300013765692711,0.03300013765692711,1.0,-3.0,timeout
3267,3.375655174255371,-2.4572606086730957,-0.0002522952272556722,0.0006760884425602853,0.0006580596091225743,0.0,-3.0,timeout
3268,3.3756561279296875,-2.457260847091675,-0.0002516986569389701,3.5933884646510705e-05,3.0719529604539275e-05,0.0,-3.0,timeout
3269,3.3759114742279053,-2.4562580585479736,-0.0002460358082316816,0.03233761340379715,0.03233712911605835,1.0,-3.0,timeout
3270,3.3759171962738037,-2.45623779296875,-0.0002509446057956666,0.00067570258397609,0.0006580596091225743,0.0,-3.0,timeout
3271,3.376176595687866,-2.455235242843628,-0.00024572588154114783,0.03236181288957596,0.03236140310764313,1.0,3.0,timeout
3272,3.3761818408966064,-2.455214738845825,-0.000250702170887962,0.0006794194923713803,0.0006613832665607333,0.0,-3.0,timeout
3273,3.376441717147827,-2.4542131423950195,-0.0002455239009577781,0.03233669698238373,0.032336290925741196,1.0,-3.0,timeout
3274,3.3767080307006836,-2.4531912803649902,-0.0002456766087561846,0.03299983590841293,0.03299983590841293,1.0,3.0,timeout
3275,3.376972198486328,-2.4521687030792236,-0.0002460747491568327,0.033004630357027054,0.033004626631736755,1.0,3.0,timeout
3276,3.37723445892334,-2.451145887374878,-0.000246396753937006,0.03299698978662491,0.03299698606133461,1.0,-3.0,timeout
3277,3.3774983882904053,-2.4501233100891113,-0.00024667487014085054,0.03300276771187782,0.033002763986587524,1.0,3.0,timeout
3278,3.377760648727417,-2.4491004943847656,-0.00024687786935828626,0.03299698606133461,0.03299698606133461,1.0,-3.0,timeout
3279,3.3777661323547363,-2.449079990386963,-0.000251930789090693,0.0006818060064688325,0.0006632690201513469,0.0,-3.0,timeout
3280,3.3777658939361572,-2.449079990386963,-0.0002514170191716403,1.769983282429166e-05,7.450580142176477e-06,0.0,3.0,timeout
3281,3.3777661323547363,-2.449079990386963,-0.00025068604736588895,2.4027229301282205e-05,7.450580142176477e-06,0.0,-3.0,timeout
3282,3.3780276775360107,-2.4480786323547363,-0.0002452215412631631,0.03234267234802246,0.03234221786260605,1.0,3.0,timeout
3283,3.378291368484497,-2.447056293487549,-0.0002454094646964222,0.03299368917942047,0.03299368917942047,1.0,3.0,timeout
3284,3.3785533905029297,-2.446033239364624,-0.00024584983475506306,0.03300235792994499,0.033002354204654694,1.0,-3.0,timeout
3285,3.3788180351257324,-2.4450109004974365,-0.00024622623459436,0.03300114721059799,0.033001143485307693,1.0,-3.0,timeout
3286,3.379084825515747,-2.4439892768859863,-0.0002465286524966359,0.03299638628959656,0.03299638628959656,1.0,-3.0,timeout
3287,3.379354238510132,-2.4429681301116943,-0.000246770738158375,0.03300278261303902,0.03300278261303902,1.0,-3.0,timeout
3288,3.3796257972717285,-2.4419476985931396,-0.0002469644823577255,0.03299834951758385,0.03299834951758385,1.0,-3.0,timeout
3289,3.3798999786376953,-2.440927743911743,-0.000247119547566399,0.033005133271217346,0.033005133271217346,1.0,-3.0,timeout
3290,3.380176067352295,-2.439908504486084,-0.0002472436462994665,0.032999079674482346,0.032999079674482346,1.0,-3.0,timeout
3291,3.3804543018341064,-2.438889741897583,-0.00024734740145504475,0.033002302050590515,0.03300229832530022,1.0,0.0,timeout
3292,3.3807320594787598,-2.437870979309082,-0.00024743081303313375,0.032998379319906235,0.032998375594615936,1.0,3.0,timeout
3293,3.381007194519043,-2.4368515014648438,-0.0002474918437656015,0.03299849480390549,0.03299849480390549,1.0,3.0,timeout
3294,3.381279945373535,-2.435831308364868,-0.0002475406799931079,0.033000752329826355,0.033000752329826355,1.0,3.0,timeout
3295,3.3815507888793945,-2.4348106384277344,-0.00024756972561590374,0.032999809831380844,0.032999809831380844,1.0,-3.0,timeout
3296,3.381824254989624,-2.433790683746338,-0.00024760255473665893,0.03299933671951294,0.03299933671951294,1.0,-3.0,timeout
3297,3.3821001052856445,-2.4327712059020996,-0.0002476294175721705,0.03300432860851288,0.03300432488322258,1.0,-3.0,timeout
3298,3.3823773860931396,-2.4317524433135986,-0.0002476608788128942,0.03299446031451225,0.03299446031451225,1.0,3.0,timeout
3299,3.38265323638916,-2.4307329654693604,-0.0002476665540598333,0.03300432860851288,0.03300432488322258,1.0,-3.0,timeout
3300,3.3826534748077393,-2.4307327270507812,-0.00025266321608796716,0.00015650078421458602,1.0536711670283694e-05,0.0,0.0,timeout
3301,3.3826534748077393,-2.4307327270507812,-0.00025190587621182203,2.3666869310545735e-05,0.0,0.0,3.0,timeout
3302,3.38265323638916,-2.4307327270507812,-0.0002510822960175574,2.6793621145770885e-05,7.450580142176477e-06,0.0,3.0,timeout
3303,3.3826539516448975,-2.4307329654693604,-0.00025040298351086676,3.171374191879295e-05,2.3560804038424976e-05,0.0,-3.0,timeout
3304,3.3826541900634766,-2.4307332038879395,-0.00024986854987218976,1.9747085389099084e-05,1.0536711670283694e-05,0.0,-3.0,timeout
3305,3.3829262256622314,-2.429734468460083,-0.0002445663558319211,0.03234795853495598,0.032347533851861954,1.0,3.0,timeout
3306,3.3832013607025146,-2.4287149906158447,-0.00024487602058798075,0.03299849480390549,0.03299849480390549,1.0,-3.0,timeout
3307,3.3832061290740967,-2.428694486618042,-0.0002503267314750701,0.0006795430672354996,0.0006578486645594239,0.0,3.0,timeout
3308,3.3834755420684814,-2.4276952743530273,-0.0002452379558235407,0.032340869307518005,0.032340481877326965,1.0,3.0,timeout
3309,3.3837480545043945,-2.4266748428344727,-0.0002454273635521531,0.03300602734088898,0.03300602734088898,1.0,-3.0,timeout
3310,3.3840229511260986,-2.4256553649902344,-0.00024587460211478174,0.03299655765295029,0.03299655392765999,1.0,-3.0,timeout
3311,3.384028673171997,-2.4256350994110107,-0.00025112880393862724,0.000678234500810504,0.0006580596091225743,0.0,-3.0,timeout
3312,3.3843023777008057,-2.4246366024017334,-0.00024588897940702736,0.032354507595300674,0.032354094088077545,1.0,3.0,timeout
3313,3.3845787048339844,-2.423617362976074,-0.0002459608076605946,0.03300102800130844,0.03300102800130844,1.0,3.0,timeout
3314,3.384852647781372,-2.4225974082946777,-0.00024630199186503887,0.033003199845552444,0.033003196120262146,1.0,3.0,timeout
3315,3.385124921798706,-2.421576976776123,-0.00024657827452756464,0.03300410509109497,0.03300410509109497,1.0,-3.0,timeout
3316,3.385399580001831,-2.4205574989318848,-0.00024680947535671294,0.03299461305141449,0.03299461305141449,1.0,-3.0,timeout
3317,3.385676622390747,-2.4195384979248047,-0.00024699507048353553,0.03299969807267189,0.03299969807267189,1.0,-3.0,timeout
3318,3.385956287384033,-2.418519973754883,-0.00024714370374567807,0.03300692141056061,0.03300692141056061,1.0,-3.0,timeout
3319,3.3859622478485107,-2.4184999465942383,-0.0002521442365832627,0.0006714166956953704,0.0006529786041937768,0.0,-3.0,timeout
3320,3.385962724685669,-2.4185001850128174,-0.0002515775559004396,2.431370558042545e-05,1.6660003893775865e-05,0.0,-3.0,timeout
3321,3.3859634399414062,-2.4185001850128174,-0.00025082408683374524,3.246551932534203e-05,2.235173997178208e-05,0.0,-3.0,timeout
3322,3.3859639167785645,-2.4185004234313965,-0.00025020670727826655,2.5490779080428183e-05,1.6660003893775865e-05,0.0,-3.0,timeout
3323,3.3862483501434326,-2.4175047874450684,-0.00024483512970618904,0.0323587991297245,0.03235836327075958,1.0,3.0,timeout
3324,3.386535406112671,-2.4164886474609375,-0.00024510265211574733,0.03299712389707565,0.032997120171785355,1.0,3.0,timeout
3325,3.3868203163146973,-2.4154717922210693,-0.0002456149668432772,0.033000484108924866,0.03300047665834427,1.0,3.0,timeout
3326,3.3868255615234375,-2.4154512882232666,-0.0002509108162485063,0.0006817745161242783,0.0006613832665607333,0.0,-3.0,timeout
3327,3.387105941772461,-2.4144551753997803,-0.0002457048394717276,0.03233855217695236,0.03233814612030983,1.0,-3.0,timeout
3328,3.3873941898345947,-2.4134392738342285,-0.00024581170873716474,0.033000100404024124,0.033000100404024124,1.0,-3.0,timeout
3329,3.3876848220825195,-2.412424087524414,-0.0002461825788486749,0.032999031245708466,0.03299902752041817,1.0,-3.0,timeout
3330,3.3879780769348145,-2.411409378051758,-0.000246493291342631,0.033007364720106125,0.033007360994815826,1.0,-3.0,timeout
3331,3.388272762298584,-2.410395383834839,-0.00024675222812220454,0.03299833834171295,0.03299833461642265,1.0,3.0,timeout
3332,3.3882787227630615,-2.4103753566741943,-0.0002518215624149889,0.0006719203083775938,0.0006529786041937768,0.0,-3.0,timeout
3333,3.388568639755249,-2.409381866455078,-0.00024643403594382107,0.03234191611409187,0.032341476529836655,1.0,-3.0,timeout
3334,3.388866424560547,-2.4083685874938965,-0.0002463953569531441,0.03300405666232109,0.03300405293703079,1.0,-3.0,timeout
3335,3.3888728618621826,-2.408348560333252,-0.0002515313390176743,0.0006766936276108027,0.000657384458463639,0.0,-3.0,timeout
3336,3.3891689777374268,-2.4073565006256104,-0.00024621086777187884,0.03235386684536934,0.032353438436985016,1.0,3.0,timeout
3337,3.3891751766204834,-2.407336473464966,-0.0002510898048058152,0.0006726501742377877,0.0006551428814418614,0.0,-3.0,timeout
3338,3.3891749382019043,-2.4073362350463867,-0.0002507293538656086,1.5424073353642598e-05,1.0536711670283694e-05,0.0,3.0,timeout
3339,3.3894693851470947,-2.406344175338745,-0.0002452497719787061,0.03233901411294937,0.03233855962753296,1.0,-3.0,timeout
3340,3.3897712230682373,-2.405332326889038,-0.0002454431087244302,0.03299714997410774,0.03299714997410774,1.0,3.0,timeout
3341,3.3897714614868164,-2.40533185005188,-0.0002508611651137471,0.00017013191245496273,1.6660003893775865e-05,0.0,0.0,timeout
3342,3.3900651931762695,-2.404339551925659,-0.0002455793437547982,0.03233977407217026,0.03233935311436653,1.0,3.0,timeout
3343,3.39036226272583,-2.4033262729644775,-0.00024570681853219867,0.03299775719642639,0.03299775719642639,1.0,3.0,timeout
3344,3.390657424926758,-2.4023122787475586,-0.0002460881369188428,0.033002499490976334,0.033002499490976334,1.0,-3.0,timeout
3345,3.3909544944763184,-2.401298999786377,-0.00024642745847813785,0.03299775719642639,0.03299775719642639,1.0,3.0,timeout
3346,3.390960216522217,-2.4012787342071533,-0.00025156160700134933,0.0006773360073566437,0.0006580596091225743,0.0,-3.0,timeout
3347,3.390960216522217,-2.4012787342071533,-0.00025111058494076133,1.4094438483880367e-05,0.0,0.0,-3.0,timeout
3348,3.391254425048828,-2.4002866744995117,-0.00024556476273573935,0.03233690932393074,0.03233644366264343,1.0,-3.0,timeout
3349,3.391557216644287,-2.3992748260498047,-0.00024568510707467794,0.03300568088889122,0.03300568088889122,1.0,-3.0,timeout
3350,3.391861915588379,-2.398263692855835,-0.0002460855757817626,0.03300141915678978,0.03300141543149948,1.0,0.0,timeout
3351,3.39216685295105,-2.3972527980804443,-0.00024641150957904756,0.03299643471837044,0.03299643471837044,1.0,-3.0,timeout
3352,3.3924741744995117,-2.396242380142212,-0.0002466769074089825,0.03300376981496811,0.03300376981496811,1.0,-3.0,timeout
3353,3.3927838802337646,-2.395232915878296,-0.00024688951089046896,0.03299703821539879,0.03299703449010849,1.0,-3.0,timeout
3354,3.393095016479492,-2.394223690032959,-0.00024706899421289563,0.033003054559230804,0.033003054559230804,1.0,3.0,timeout
3355,3.3934037685394287,-2.393213987350464,-0.0002472026681061834,0.03299542888998985,0.03299542888998985,1.0,3.0,timeout
3356,3.3937108516693115,-2.3922035694122314,-0.0002472996129654348,0.033001601696014404,0.033001601696014404,1.0,-3.0,timeout
3357,3.3940200805664062,-2.3911938667297363,-0.00024738674983382225,0.03299979120492935,0.03299979120492935,1.0,-3.0,timeout
3358,3.394026756286621,-2.391173839569092,-0.00025233838823623955,0.0006776071968488395,0.000659702520351857,0.0,-3.0,timeout
3359,3.3940272331237793,-2.391174077987671,-0.0002517328248359263,2.521245914977044e-05,1.6660003893775865e-05,0.0,-3.0,timeout
3360,3.3940279483795166,-2.39117431640625,-0.00025094824377447367,3.400370042072609e-05,2.3560804038424976e-05,0.0,-3.0,timeout
3361,3.3943400382995605,-2.3901875019073486,-0.0002454203786328435,0.032343875616788864,0.032343413680791855,1.0,-3.0,timeout
3362,3.3943469524383545,-2.390167474746704,-0.0002504517906345427,0.0006805096054449677,0.0006620963104069233,0.0,-3.0,timeout
3363,3.394663095474243,-2.389181613922119,-0.00024533207761123776,0.03235384821891785,0.03235345333814621,1.0,3.0,timeout
3364,3.3949835300445557,-2.3881754875183105,-0.0002455045178066939,0.03299752250313759,0.03299752250313759,1.0,-3.0,timeout
3365,3.395306348800659,-2.38716983795166,-0.0002459365932736546,0.03300602361559868,0.03300601989030838,1.0,-3.0,timeout
3366,3.3956313133239746,-2.386165142059326,-0.0002462966076564044,0.0329982228577137,0.0329982191324234,1.0,-3.0,timeout
3367,3.395958662033081,-2.3851611614227295,-0.0002465853758621961,0.032999973744153976,0.032999973744153976,1.0,-3.0,timeout
3368,3.395965099334717,-2.385141372680664,-0.00025170957087539136,0.0006697207572869956,0.0006502952892333269,0.0,3.0,timeout
3369,3.395966053009033,-2.385141611099243,-0.00025121867656707764,3.43368410540279e-05,3.0719529604539275e-05,0.0,-3.0,timeout
3370,3.396289110183716,-2.3841583728790283,-0.000245651084696874,0.03234267979860306,0.03234221041202545,1.0,-3.0,timeout
3371,3.396620035171509,-2.383155584335327,-0.000245764444116503,0.03299940750002861,0.03299940750002861,1.0,3.0,timeout
3372,3.396949291229248,-2.3821523189544678,-0.00024613464483991265,0.032997261732816696,0.0329972580075264,1.0,-3.0,timeout
3373,3.3972809314727783,-2.3811495304107666,-0.00024645455414429307,0.033006422221660614,0.033006418496370316,1.0,-3.0,timeout
3374,3.397614002227783,-2.3801474571228027,-0.0002467211743351072,0.032999273389577866,0.03299926966428757,1.0,3.0,timeout
3375,3.3979454040527344,-2.3791449069976807,-0.00024691515136510134,0.0329970084130764,0.0329970084130764,1.0,-3.0,timeout
3376,3.3982789516448975,-2.378142833709717,-0.0002470795006956905,0.033003974705934525,0.033003974705934525,1.0,-3.0,timeout
3377,3.398285388946533,-2.3781230449676514,-0.0002521043352317065,0.0006689851288683712,0.0006502952892333269,0.0,3.0,timeout
3378,3.3986127376556396,-2.377141237258911,-0.00024664949160069227,0.03234236314892769,0.032341912388801575,1.0,-3.0,timeout
3379,3.3986194133758545,-2.3771214485168457,-0.00025146090774796903,0.0006697344360873103,0.0006526385550387204,0.0,3.0,timeout
3380,3.3989458084106445,-2.3761391639709473,-0.0002461304247844964,0.032347068190574646,0.03234663978219032,1.0,3.0,timeout
3381,3.3992767333984375,-2.375136375427246,-0.0002461406111251563,0.03299940750002861,0.03299940750002861,1.0,-3.0,timeout
3382,3.3996095657348633,-2.374134063720703,-0.00024645007215440273,0.033003997057676315,0.033003997057676315,1.0,0.0,timeout
3383,3.399616241455078,-2.3741142749786377,-0.00025158480275422335,0.000672074849717319,0.0006526385550387204,0.0,-3.0,timeout
3384,3.3996167182922363,-2.374114513397217,-0.00025112973526120186,2.1904075765633024e-05,1.6660003893775865e-05,0.0,-3.0,timeout
3385,3.3996167182922363,-2.374114513397217,-0.00025047591770999134,2.043179665633943e-05,0.0,0.0,3.0,timeout
3386,3.3999457359313965,-2.3731331825256348,-0.000245032919337973,0.032344769686460495,0.03234432265162468,1.0,-3.0,timeout
3387,3.400282859802246,-2.3721325397491455,-0.00024526906781829894,0.03299707546830177,0.03299707546830177,1.0,3.0,timeout
3388,3.400617837905884,-2.37113094329834,-0.00024574805865995586,0.03300399333238602,0.03300398960709572,1.0,3.0,timeout
3389,3.4009509086608887,-2.370128870010376,-0.00024613545974716544,0.032999273389577866,0.03299926966428757,1.0,-3.0,timeout
3390,3.4012856483459473,-2.3691272735595703,-0.0002464659046381712,0.033001627773046494,0.033001627773046494,1.0,3.0,timeout
3391,3.401292324066162,-2.369107246398926,-0.0002515925152692944,0.0006788766477257013,0.000659702520351857,0.0,-3.0,timeout
3392,3.4016213417053223,-2.368126153945923,-0.00024625047808513045,0.03233768790960312,0.0323372557759285,1.0,-3.0,timeout
3393,3.40195894241333,-2.3671255111694336,-0.00024625853984616697,0.03300183638930321,0.03300183638930321,1.0,3.0,timeout
3394,3.4019649028778076,-2.36710524559021,-0.0002514233347028494,0.0006795678054913878,0.0006601231289096177,0.0,3.0,timeout
3395,3.402292013168335,-2.3661234378814697,-0.0002461039402987808,0.03233998641371727,0.032339561730623245,1.0,-3.0,timeout
3396,3.402627468109131,-2.365122079849243,-0.0002461409312672913,0.03300165385007858,0.03300165385007858,1.0,3.0,timeout
3397,3.4029603004455566,-2.3641200065612793,-0.00024644623044878244,0.032996926456689835,0.032996926456689835,1.0,3.0,timeout
3398,3.4029667377471924,-2.364100217819214,-0.0002515764790587127,0.0006697660428471863,0.0006502952892333269,0.0,-3.0,timeout
3399,3.4032933712005615,-2.3631181716918945,-0.0002462482370901853,0.03234235197305679,0.03234191983938217,1.0,3.0,timeout
3400,3.4036247730255127,-2.3621153831481934,-0.0002462358388584107,0.03300408273935318,0.03300408273935318,1.0,-3.0,timeout
3401,3.4039580821990967,-2.3611133098602295,-0.0002465261786710471,0.033001624047756195,0.033001624047756195,1.0,0.0,timeout
3402,3.4039645195007324,-2.361093282699585,-0.00025164533872157335,0.0006765692378394306,0.000657384458463639,0.0,-3.0,timeout
3403,3.4039642810821533,-2.361093282699585,-0.00025118846679106355,1.6104375390568748e-05,7.450580142176477e-06,0.0,3.0,timeout
3404,3.4039645195007324,-2.361093282699585,-0.0002505031879991293,2.2674032152281143e-05,7.450580142176477e-06,0.0,-3.0,timeout
3405,3.40429425239563,-2.360112428665161,-0.0002450637402944267,0.03233775496482849,0.032337307929992676,1.0,-3.0,timeout
3406,3.404632806777954,-2.359112024307251,-0.0002452838816680014,0.03300431743264198,0.03300431743264198,1.0,-3.0,timeout
3407,3.4049735069274902,-2.3581125736236572,-0.00024576467694714665,0.03299767151474953,0.03299766406416893,1.0,0.0,timeout
3408,3.4053144454956055,-2.3571131229400635,-0.0002461549884174019,0.033000070601701736,0.03300006687641144,1.0,-3.0,timeout
3409,3.4056577682495117,-2.356114387512207,-0.00024647184181958437,0.0330030620098114,0.0330030582845211,1.0,-3.0,timeout
3410,3.4060027599334717,-2.355116367340088,-0.00024673016741871834,0.03299892693758011,0.03299892693758011,1.0,0.0,timeout
3411,3.40634822845459,-2.3541183471679688,-0.00024692798615433276,0.0330037958920002,0.0330037958920002,1.0,-3.0,timeout
3412,3.4066951274871826,-2.353121042251587,-0.00024709958233870566,0.032997336238622665,0.03299733251333237,1.0,3.0,timeout
3413,3.4070403575897217,-2.3521230220794678,-0.00024721777299419045,0.033001359552145004,0.033001359552145004,1.0,-3.0,timeout
3414,3.4070475101470947,-2.3521032333374023,-0.00025220299721695483,0.0006757560768164694,0.0006575532606802881,0.0,-3.0,timeout
3415,3.407048225402832,-2.3521034717559814,-0.0002516245294827968,2.9696693673031405e-05,2.3560804038424976e-05,0.0,-3.0,timeout
3416,3.407393455505371,-2.351127862930298,-0.0002459762617945671,0.03234077990055084,0.03234029933810234,1.0,-3.0,timeout
3417,3.4074008464813232,-2.3511080741882324,-0.00025089699192903936,0.0006777968374080956,0.0006601231289096177,0.0,-3.0,timeout
3418,3.4074015617370605,-2.3511083126068115,-0.0002505646843928844,2.5747845938894898e-05,2.3560804038424976e-05,0.0,-3.0,timeout
3419,3.407752513885498,-2.3501346111297607,-0.00024513708194717765,0.032344751060009,0.032344307750463486,1.0,3.0,timeout
3420,3.408108711242676,-2.3491404056549072,-0.0002453340857755393,0.033002737909555435,0.033002737909555435,1.0,-3.0,timeout
3421,3.4081153869628906,-2.3491203784942627,-0.0002506931487005204,0.0006806275341659784,0.000659702520351857,0.0,3.0,timeout
3422,3.4084646701812744,-2.3481462001800537,-0.0002455198555253446,0.03234109282493591,0.03234068304300308,1.0,-3.0,timeout
3423,3.408823251724243,-2.3471529483795166,-0.00024566412321291864,0.032999906688928604,0.032999906688928604,1.0,-3.0,timeout
3424,3.4088239669799805,-2.3471527099609375,-0.0002510483900550753,0.00016989991127047688,2.3560804038424976e-05,0.0,0.0,timeout
3425,3.409177780151367,-2.3461802005767822,-0.00024571860558353364,0.0323401503264904,0.03233972191810608,1.0,-3.0,timeout
3426,3.4095404148101807,-2.3451883792877197,-0.00024582885089330375,0.033001143485307693,0.033001139760017395,1.0,3.0,timeout
3427,3.4099011421203613,-2.34419584274292,-0.0002461866824887693,0.03300173208117485,0.03300172835588455,1.0,-3.0,timeout
3428,3.4099087715148926,-2.3441762924194336,-0.00025137802003882825,0.0006755876820534468,0.0006558204186148942,0.0,-3.0,timeout
3429,3.4102671146392822,-2.343205451965332,-0.00024607955128885806,0.03233988210558891,0.03233945742249489,1.0,-3.0,timeout
3430,3.410634994506836,-2.3422155380249023,-0.0002461121475789696,0.03300191089510918,0.03300190716981888,1.0,-3.0,timeout
3431,3.4110050201416016,-2.34122633934021,-0.000246423325734213,0.03300439193844795,0.03300439193844795,1.0,-3.0,timeout
3432,3.411376714706421,-2.340238094329834,-0.0002466953592374921,0.03299480304121971,0.03299480304121971,1.0,3.0,timeout
3433,3.411377191543579,-2.340237855911255,-0.0002518774999771267,0.0001627965975785628,1.6660003893775865e-05,0.0,0.0,timeout
3434,3.4117398262023926,-2.339268445968628,-0.000246382289333269,0.03234472498297691,0.0323442667722702,1.0,-3.0,timeout
3435,3.411747694015503,-2.3392491340637207,-0.00025123191880993545,0.0006690500304102898,0.0006516596185974777,0.0,-3.0,timeout
3436,3.4121217727661133,-2.338261842727661,-0.0002458568778820336,0.03299366682767868,0.03299323469400406,1.0,0.0,timeout
3437,3.4124956130981445,-2.3372740745544434,-0.00024603024940006435,0.033004529774188995,0.033004529774188995,1.0,3.0,timeout
3438,3.412867784500122,-2.3362858295440674,-0.00024635164299979806,0.033000051975250244,0.033000051975250244,1.0,-3.0,timeout
3439,3.4128754138946533,-2.336266279220581,-0.00025150986039079726,0.0006753398920409381,0.0006558204186148942,0.0,-3.0,timeout
3440,3.4128758907318115,-2.33626651763916,-0.0002510700433049351,2.1597708837362006e-05,1.6660003893775865e-05,0.0,-3.0,timeout
3441,3.4132466316223145,-2.3352999687194824,-0.00024554270203225315,0.03235086053609848,0.03235039860010147,1.0,3.0,timeout
3442,3.4136228561401367,-2.33431339263916,-0.0002456580405123532,0.03299616649746895,0.03299616649746895,1.0,-3.0,timeout
3443,3.41400146484375,-2.333327531814575,-0.0002460584801156074,0.03300192207098007,0.03300192207098007,1.0,-3.0,timeout
3444,3.414381504058838,-2.3323421478271484,-0.000246403826167807,0.033004071563482285,0.033004071563482285,1.0,3.0,timeout
3445,3.414759397506714,-2.3313560485839844,-0.0002466709993313998,0.033000875264406204,0.033000871539115906,1.0,3.0,timeout
3446,3.415134906768799,-2.330369234085083,-0.0002468844468239695,0.03299517557024956,0.03299517557024956,1.0,3.0,timeout
3447,3.41550874710083,-2.3293814659118652,-0.000247044867137447,0.033004529774188995,0.033004529774188995,1.0,-3.0,timeout
3448,3.4158849716186523,-2.328394889831543,-0.0002471827028784901,0.03299616649746895,0.03299616649746895,1.0,-3.0,timeout
3449,3.416262626647949,-2.327408790588379,-0.0002473037748131901,0.032998207956552505,0.032998207956552505,1.0,3.0,timeout
3450,3.4166388511657715,-2.3264219760894775,-0.00024738087086007,0.03300313279032707,0.03300313279032707,1.0,-3.0,timeout
3451,3.4170174598693848,-2.3254361152648926,-0.0002474516804795712,0.03300192207098007,0.03300192207098007,1.0,-3.0,timeout
3452,3.4173977375030518,-2.324450969696045,-0.00024751873570494354,0.032999806106090546,0.03299980238080025,1.0,3.0,timeout
3453,3.417405366897583,-2.3244314193725586,-0.0002524343435652554,0.0006735704955644906,0.0006558204186148942,0.0,-3.0,timeout
3454,3.417778730392456,-2.3234663009643555,-0.0002469239989295602,0.03233860433101654,0.03233814612030983,1.0,-3.0,timeout
3455,3.4177868366241455,-2.323446750640869,-0.00025166908744722605,0.0006778023089282215,0.0006613832665607333,0.0,-3.0,timeout
3456,3.4181649684906006,-2.3224833011627197,-0.0002462976844981313,0.03234408423304558,0.032343652099370956,1.0,-3.0,timeout
3457,3.4185523986816406,-2.3215010166168213,-0.000246295501710847,0.03299776464700699,0.03299776464700699,1.0,3.0,timeout
3458,3.418937921524048,-2.3205177783966064,-0.0002465646539349109,0.03300368785858154,0.033003684133291245,1.0,0.0,timeout
3459,3.418945789337158,-2.32049822807312,-0.00025167586863972247,0.0006776583031751215,0.0006585655501112342,0.0,-3.0,timeout
3460,3.4193263053894043,-2.319535970687866,-0.0002463174459990114,0.03233673796057701,0.03233630210161209,1.0,-3.0,timeout
3461,3.4193344116210938,-2.31951642036438,-0.00025118415942415595,0.0006786439334973693,0.0006613832665607333,0.0,-3.0,timeout
3462,3.419719696044922,-2.3185558319091797,-0.00024590978864580393,0.03234340250492096,0.03234298154711723,1.0,-3.0,timeout
3463,3.4201149940490723,-2.3175766468048096,-0.00024597556330263615,0.032998934388160706,0.032998934388160706,1.0,-3.0,timeout
3464,3.4205126762390137,-2.316598415374756,-0.0002463140117470175,0.03299928456544876,0.03299928456544876,1.0,-3.0,timeout
3465,3.420912504196167,-2.3156208992004395,-0.00024659873452037573,0.03300391137599945,0.03300390765070915,1.0,-3.0,timeout
3466,3.421313762664795,-2.3146440982818604,-0.00024683630908839405,0.03300018236041069,0.03300018236041069,1.0,3.0,timeout
3467,3.4213221073150635,-2.314624786376953,-0.00025188896688632667,0.0006761218537576497,0.0006574266008101404,0.0,-3.0,timeout
3468,3.4213221073150635,-2.314624786376953,-0.00025138288037851453,1.581520336912945e-05,0.0,0.0,3.0,timeout
3469,3.421322822570801,-2.3146250247955322,-0.00025065886438824236,3.2665342587279156e-05,2.3560804038424976e-05,0.0,-3.0,timeout
3470,3.4217166900634766,-2.3136680126190186,-0.0002451884502079338,0.03234086185693741,0.032340411096811295,1.0,-3.0,timeout
3471,3.4221208095550537,-2.312692403793335,-0.00024538394063711166,0.03299983963370323,0.03299983963370323,1.0,-3.0,timeout
3472,3.4221293926239014,-2.312673330307007,-0.00025072225253097713,0.0006745690479874611,0.0006536159780807793,0.0,-3.0,timeout
3473,3.422530174255371,-2.3117191791534424,-0.00024555413983762264,0.032341212034225464,0.03234080970287323,1.0,-3.0,timeout
3474,3.422538995742798,-2.311699867248535,-0.0002505744050722569,0.0006817739922553301,0.0006634782184846699,0.0,-3.0,timeout
3475,3.422948122024536,-2.310736656188965,-0.000245378992985934,0.03270348906517029,0.03270309045910835,1.0,3.0,timeout
3476,3.423358917236328,-2.3097639083862305,-0.00024559174198657274,0.03299785405397415,0.03299785405397415,1.0,-3.0,timeout
3477,3.423771858215332,-2.3087918758392334,-0.00024600865435786545,0.03300342708826065,0.03300342336297035,1.0,-3.0,timeout
3478,3.4237723350524902,-2.3087918758392334,-0.00025133779854513705,0.00016720106941647828,1.4901160284352954e-05,0.0,0.0,timeout
3479,3.424179792404175,-2.307840347290039,-0.0002459508250467479,0.03234725072979927,0.03234681487083435,1.0,-3.0,timeout
3480,3.4245972633361816,-2.306870460510254,-0.00024600516189821064,0.03299742937088013,0.03299742564558983,1.0,-3.0,timeout
3481,3.4250171184539795,-2.305901288986206,-0.00024633758584968746,0.0330064482986927,0.033006444573402405,1.0,-3.0,timeout
3482,3.4254391193389893,-2.3049333095550537,-0.0002466176520101726,0.032999008893966675,0.032999005168676376,1.0,-3.0,timeout
3483,3.425863027572632,-2.3039662837982178,-0.0002468423917889595,0.03299557417631149,0.03299557417631149,1.0,-3.0,timeout
3484,3.426288604736328,-2.30299973487854,-0.0002470311301294714,0.033002909272909164,0.033002909272909164,1.0,3.0,timeout
3485,3.4267117977142334,-2.302032232284546,-0.00024717216729186475,0.03300026059150696,0.03300025686621666,1.0,3.0,timeout
3486,3.427133083343506,-2.3010640144348145,-0.0002472753112670034,0.03299691155552864,0.03299691155552864,1.0,-3.0,timeout
3487,3.4275567531585693,-2.3000967502593994,-0.000247367424890399,0.03299940750002861,0.03299940750002861,1.0,-3.0,timeout
3488,3.4279820919036865,-2.2991299629211426,-0.00024745127302594483,0.03300672769546509,0.03300672397017479,1.0,3.0,timeout
3489,3.428405523300171,-2.2981626987457275,-0.0002474989742040634,0.032996419817209244,0.032996419817209244,1.0,-3.0,timeout
3490,3.4284136295318604,-2.2981433868408203,-0.00025243929121643305,0.0006724687409587204,0.0006545070791617036,0.0,3.0,timeout
3491,3.4288337230682373,-2.297184944152832,-0.00024686497636139393,0.03270252048969269,0.03270205855369568,1.0,-3.0,timeout
3492,3.4292585849761963,-2.2962183952331543,-0.00024679978378117085,0.03299390897154808,0.03299390897154808,1.0,3.0,timeout
3493,3.4292588233947754,-2.296218156814575,-0.0002519486006349325,0.00016124514513649046,1.0536711670283694e-05,0.0,0.0,timeout
3494,3.4292585849761963,-2.296218156814575,-0.0002513334038667381,2.0618144844775088e-05,7.450580142176477e-06,0.0,3.0,timeout
3495,3.4296717643737793,-2.295269250869751,-0.00024572922848165035,0.03234293684363365,0.03234246000647545,1.0,-3.0,timeout
3496,3.430095672607422,-2.294301986694336,-0.000245816569076851,0.033002398908138275,0.03300239518284798,1.0,-3.0,timeout
3497,3.43052077293396,-2.293335199356079,-0.0002461956173647195,0.033003728836774826,0.033003728836774826,1.0,3.0,timeout
3498,3.4309444427490234,-2.292367935180664,-0.0002464940189383924,0.03299940750002861,0.03299940750002861,1.0,-3.0,timeout
3499,3.4313695430755615,-2.2914013862609863,-0.00024675249005667865,0.03299690783023834,0.03299690783023834,1.0,3.0,timeout
3500,3.4317924976348877,-2.290433645248413,-0.0002469498140271753,0.03300410136580467,0.033004097640514374,1.0,3.0,timeout
3501,3.432213544845581,-2.2894654273986816,-0.0002470972540322691,0.03299394249916077,0.03299393877387047,1.0,-3.0,timeout
3502,3.4326364994049072,-2.2884976863861084,-0.0002472350897733122,0.03300410136580467,0.033004097640514374,1.0,3.0,timeout
3503,3.4330577850341797,-2.287529230117798,-0.00024732586462050676,0.03300374746322632,0.03300374373793602,1.0,-3.0,timeout
3504,3.433481216430664,-2.286561965942383,-0.00024740761728025973,0.032996419817209244,0.032996419817209244,1.0,-3.0,timeout
3505,3.4339070320129395,-2.285595655441284,-0.00024747359566390514,0.03299909830093384,0.03299909457564354,1.0,-3.0,timeout
3506,3.4343349933624268,-2.284630060195923,-0.0002475265646353364,0.03300575911998749,0.03300575539469719,1.0,-3.0,timeout
3507,3.4347643852233887,-2.283665418624878,-0.0002475784858688712,0.03299666568636894,0.032996661961078644,1.0,3.0,timeout
3508,3.435192346572876,-2.2827000617980957,-0.00024760077940300107,0.0329989418387413,0.0329989418387413,1.0,-3.0,timeout
3509,3.435622215270996,-2.281735420227051,-0.0002476277877576649,0.03300272673368454,0.03300272673368454,1.0,-3.0,timeout
3510,3.4360544681549072,-2.2807719707489014,-0.00024764996487647295,0.032999131828546524,0.032999131828546524,1.0,-3.0,timeout
3511,3.436063766479492,-2.2807531356811523,-0.00025254933279938996,0.000674031674861908,0.0006564125651493669,0.0,-3.0,timeout
3512,3.436497688293457,-2.2797954082489014,-0.00024695025058463216,0.032858021557331085,0.03285755589604378,1.0,3.0,timeout
3513,3.4369313716888428,-2.27883243560791,-0.0002468808088451624,0.03300387039780617,0.03300387039780617,1.0,3.0,timeout
3514,3.4373631477355957,-2.2778687477111816,-0.000247030722675845,0.03299983590841293,0.03299983590841293,1.0,-3.0,timeout
3515,3.4377973079681396,-2.2769062519073486,-0.0002471710613463074,0.03299640864133835,0.03299640864133835,1.0,-3.0,timeout
3516,3.4382336139678955,-2.275944471359253,-0.0002472844789735973,0.033003680408000946,0.033003680408000946,1.0,-3.0,timeout
3517,3.4386720657348633,-2.2749838829040527,-0.00024737537023611367,0.03299754485487938,0.03299754485487938,1.0,-3.0,timeout
3518,3.4386813640594482,-2.2749650478363037,-0.0002523298026062548,0.0006744246929883957,0.0006564125651493669,0.0,-3.0,timeout
3519,3.4386820793151855,-2.274965286254883,-0.00025172592722810805,3.0186585718183778e-05,2.3560804038424976e-05,0.0,-3.0,timeout
3520,3.439117670059204,-2.2740261554718018,-0.000246066483668983,0.03235149383544922,0.03235100954771042,1.0,3.0,timeout
3521,3.439117908477783,-2.2740259170532227,-0.0002510614867787808,0.0001564490667078644,1.0536711670283694e-05,0.0,0.0,timeout
3522,3.439551591873169,-2.2730863094329834,-0.0002457135997246951,0.03233993425965309,0.03233950212597847,1.0,-3.0,timeout
3523,3.439995527267456,-2.272128105163574,-0.0002458243689034134,0.03300144895911217,0.03300144895911217,1.0,3.0,timeout
3524,3.4400038719177246,-2.272108793258667,-0.00025107606779783964,0.0006776014342904091,0.0006574266008101404,0.0,3.0,timeout
3525,3.4404349327087402,-2.271167755126953,-0.00024583659251220524,0.032346293330192566,0.03234587982296944,1.0,3.0,timeout
3526,3.4408724308013916,-2.2702066898345947,-0.0002459062961861491,0.032998744398355484,0.032998744398355484,1.0,-3.0,timeout
3527,3.441312313079834,-2.269246816635132,-0.00024625755031593144,0.032995812594890594,0.032995812594890594,1.0,-3.0,timeout
3528,3.4417545795440674,-2.2682876586914062,-0.00024655309971421957,0.03300662338733673,0.03300661966204643,1.0,-3.0,timeout
3529,3.441763162612915,-2.2682688236236572,-0.0002516835811547935,0.0006664025713689625,0.0006468287901952863,0.0,3.0,timeout
3530,3.4422032833099365,-2.2673146724700928,-0.0002462411066517234,0.03283689543604851,0.03283645585179329,1.0,-3.0,timeout
3531,3.442211866378784,-2.2672958374023438,-0.0002512032224331051,0.0006651563453488052,0.0006468287901952863,0.0,3.0,timeout
3532,3.4422125816345215,-2.267296075820923,-0.00025080214254558086,2.668719389475882e-05,2.3560804038424976e-05,0.0,-3.0,timeout
3533,3.442647933959961,-2.266357183456421,-0.0002453170600347221,0.032341569662094116,0.032341115176677704,1.0,-3.0,timeout
3534,3.443094253540039,-2.2654001712799072,-0.00024548775400035083,0.03299907594919205,0.03299907594919205,1.0,-3.0,timeout
3535,3.443542957305908,-2.26444411277771,-0.00024592323461547494,0.03300365433096886,0.03300365060567856,1.0,-3.0,timeout
3536,3.44399356842041,-2.263489007949829,-0.0002462862175889313,0.033002063632011414,0.033002063632011414,1.0,-3.0,timeout
3537,3.444446325302124,-2.2625348567962646,-0.00024657731410115957,0.033003803342580795,0.033003803342580795,1.0,-3.0,timeout
3538,3.4449009895324707,-2.2615818977355957,-0.00024681020295247436,0.03299577534198761,0.03299577534198761,1.0,-3.0,timeout
3539,3.4453580379486084,-2.260629892349243,-0.0002469964965712279,0.03300105780363083,0.03300105780363083,1.0,-3.0,timeout
3540,3.4458162784576416,-2.259678602218628,-0.0002471543266437948,0.03299706056714058,0.03299706056714058,1.0,3.0,timeout
3541,3.4458260536193848,-2.259659767150879,-0.0002521434216760099,0.0006812246283516288,0.0006631434662267566,0.0,-3.0,timeout
3542,3.4462759494781494,-2.258727788925171,-0.0002466913138050586,0.0323406457901001,0.032340195029973984,1.0,-3.0,timeout
3543,3.4462766647338867,-2.2587263584136963,-0.00025158366770483553,0.0001608482125448063,4.9980011681327596e-05,0.0,3.0,timeout
3544,3.4462766647338867,-2.2587263584136963,-0.0002510278136469424,1.7370439309161156e-05,0.0,0.0,3.0,timeout
3545,3.4467248916625977,-2.257793426513672,-0.00024548405781388283,0.03234488144516945,0.03234441578388214,1.0,-3.0,timeout
3546,3.447183609008789,-2.2568423748016357,-0.0002456303918734193,0.03299681842327118,0.03299681469798088,1.0,3.0,timeout
3547,3.4476399421691895,-2.255889892578125,-0.00024603691417723894,0.03300483152270317,0.03300482779741287,1.0,3.0,timeout
3548,3.448094606399536,-2.254936933517456,-0.00024636651505716145,0.03299577534198761,0.03299577534198761,1.0,-3.0,timeout
3549,3.4485514163970947,-2.2539846897125244,-0.00024664044030942023,0.033004552125930786,0.03300454840064049,1.0,-3.0,timeout
3550,3.4490106105804443,-2.2530338764190674,-0.0002468601451255381,0.032996583729982376,0.032996583729982376,1.0,-3.0,timeout
3551,3.449471950531006,-2.2520837783813477,-0.0002470360486768186,0.033005692064762115,0.033005692064762115,1.0,-3.0,timeout
3552,3.449934959411621,-2.2511346340179443,-0.0002471813641022891,0.033001720905303955,0.03300171718001366,1.0,0.0,timeout
3553,3.4503984451293945,-2.25018572807312,-0.0002472888445481658,0.03300156071782112,0.03300156071782112,1.0,-3.0,timeout
3554,3.4504082202911377,-2.2501673698425293,-0.0002522603899706155,0.0006682639941573143,0.0006499537266790867,0.0,-3.0,timeout
3555,3.45086669921875,-2.249239444732666,-0.00024678537738509476,0.03234454616904259,0.032344091683626175,1.0,-3.0,timeout
3556,3.4508767127990723,-2.249220848083496,-0.00025155890034511685,0.0006766859441995621,0.0006600389606319368,0.0,-3.0,timeout
3557,3.4513397216796875,-2.248295307159424,-0.0002462096163071692,0.03234083205461502,0.0323403999209404,1.0,-3.0,timeout
3558,3.4518141746520996,-2.247351884841919,-0.00024621569900773466,0.03300022333860397,0.03300022333860397,1.0,-3.0,timeout
3559,3.451824426651001,-2.247333526611328,-0.0002513880899641663,0.0006766773876734078,0.0006570888217538595,0.0,-3.0,timeout
3560,3.452293872833252,-2.246411085128784,-0.0002460869727656245,0.03234497457742691,0.03234454616904259,1.0,-3.0,timeout
3561,3.4527747631073,-2.2454710006713867,-0.0002461184049025178,0.03299819678068161,0.03299819678068161,1.0,-3.0,timeout
3562,3.4532575607299805,-2.2445316314697266,-0.00024643290089443326,0.033005502074956894,0.033005502074956894,1.0,0.0,timeout
3563,3.4532673358917236,-2.2445130348205566,-0.00025158192147500813,0.0006759697571396828,0.0006565394578501582,0.0,3.0,timeout
3564,3.4537477493286133,-2.2435736656188965,-0.0002461391850374639,0.03297194838523865,0.03297150880098343,1.0,-3.0,timeout
3565,3.4537580013275146,-2.2435553073883057,-0.0002511301136109978,0.0006753452471457422,0.0006570888217538595,0.0,-3.0,timeout
3566,3.454241991043091,-2.242617607116699,-0.00024578586453571916,0.03297661617398262,0.032976195216178894,1.0,3.0,timeout
3567,3.4547247886657715,-2.241678237915039,-0.00024595705326646566,0.033005502074956894,0.033005502074956894,1.0,-3.0,timeout
3568,3.455209493637085,-2.2407400608062744,-0.00024630260304547846,0.03299969434738159,0.03299969062209129,1.0,-3.0,timeout
3569,3.4556963443756104,-2.239802837371826,-0.0002465895959176123,0.033004071563482285,0.033004071563482285,1.0,-3.0,timeout
3570,3.4561853408813477,-2.2388670444488525,-0.0002468198072165251,0.03299541026353836,0.03299541026353836,1.0,-3.0,timeout
3571,3.456195116043091,-2.2388484477996826,-0.0002518967376090586,0.0006754369824193418,0.0006565394578501582,0.0,3.0,timeout
3572,3.45619535446167,-2.2388486862182617,-0.0002513773215468973,1.9351797163835727e-05,1.0536711670283694e-05,0.0,3.0,timeout
3573,3.45619535446167,-2.2388486862182617,-0.0002506630262359977,2.2321726646623574e-05,0.0,0.0,3.0,timeout
3574,3.456195831298828,-2.238848924636841,-0.0002500724804122001,2.4862147256499156e-05,1.6660003893775865e-05,0.0,0.0,timeout
3575,3.456670045852661,-2.237929105758667,-0.0002447250299155712,0.032339971512556076,0.032339539378881454,1.0,3.0,timeout
3576,3.4571521282196045,-2.2369894981384277,-0.00024500236031599343,0.033001918345689774,0.033001918345689774,1.0,-3.0,timeout
3577,3.4576363563537598,-2.236051082611084,-0.0002455341164022684,0.03299947828054428,0.03299947455525398,1.0,-3.0,timeout
3578,3.457646369934082,-2.236032485961914,-0.00025085691595450044,0.0006806758465245366,0.0006600389606319368,0.0,-3.0,timeout
3579,3.458125352859497,-2.2351150512695312,-0.0002456622023601085,0.03234243765473366,0.03234202787280083,1.0,-3.0,timeout
3580,3.458616256713867,-2.234180212020874,-0.0002457785594742745,0.03299666941165924,0.03299666941165924,1.0,-3.0,timeout
3581,3.4586267471313477,-2.234161853790283,-0.0002510386984795332,0.0006808933685533702,0.0006607535178773105,0.0,-3.0,timeout
3582,3.4591121673583984,-2.233247756958008,-0.0002458071685396135,0.032343871891498566,0.032343458384275436,1.0,-3.0,timeout
3583,3.4596095085144043,-2.232316255569458,-0.00024589462555013597,0.03299862518906593,0.03299862518906593,1.0,-3.0,timeout
3584,3.459620237350464,-2.2322981357574463,-0.00025113156880252063,0.0006781041738577187,0.0006580596091225743,0.0,-3.0,timeout
3585,3.459620952606201,-2.2322986125946045,-0.00025076704332605004,2.917892015830148e-05,2.6863448510994203e-05,0.0,-3.0,timeout
3586,3.4601147174835205,-2.231388807296753,-0.0002452901971992105,0.03234909847378731,0.032348643988370895,1.0,-3.0,timeout
3587,3.4606199264526367,-2.230461597442627,-0.0002454758796375245,0.032997310161590576,0.032997310161590576,1.0,3.0,timeout
3588,3.460630178451538,-2.2304437160491943,-0.00025078802718780935,0.0006651675212197006,0.0006441198056563735,0.0,-3.0,timeout
3589,3.4611258506774902,-2.2295351028442383,-0.00024560425663366914,0.032344818115234375,0.03234441205859184,1.0,-3.0,timeout
3590,3.4616339206695557,-2.228609323501587,-0.00024573193513788283,0.03300097957253456,0.03300097957253456,1.0,-3.0,timeout
3591,3.461644172668457,-2.228590965270996,-0.0002510121848899871,0.0006774904322810471,0.0006570888217538595,0.0,3.0,timeout
3592,3.462141275405884,-2.2276833057403564,-0.00024578528245911,0.03234011307358742,0.03233970329165459,1.0,3.0,timeout
3593,3.462646722793579,-2.2267560958862305,-0.0002458655508235097,0.033000875264406204,0.033000871539115906,1.0,-3.0,timeout
3594,3.4631543159484863,-2.225830078125,-0.0002462253032717854,0.03300034999847412,0.03300034627318382,1.0,-3.0,timeout
3595,3.4636638164520264,-2.224905014038086,-0.000246527575654909,0.033002935349941254,0.033002931624650955,1.0,-3.0,timeout
3596,3.4641754627227783,-2.2239813804626465,-0.0002467701560817659,0.032996226102113724,0.032996222376823425,1.0,-3.0,timeout
3597,3.464689254760742,-2.2230587005615234,-0.0002469642786309123,0.03300272673368454,0.03300272673368454,1.0,-3.0,timeout
3598,3.464700222015381,-2.223040819168091,-0.00025200145319104195,0.0006741588586010039,0.0006555240834131837,0.0,-3.0,timeout
3599,3.465217351913452,-2.222120523452759,-0.0002464926219545305,0.03298907354474068,0.03298862650990486,1.0,3.0,timeout
3600,3.4657328128814697,-2.221198797225952,-0.00024652821593917906,0.03300211951136589,0.03300211951136589,1.0,0.0,timeout
3601,3.466247797012329,-2.2202768325805664,-0.00024676500470377505,0.03300135210156441,0.03300135210156441,1.0,3.0,timeout
3602,3.4667611122131348,-2.2193539142608643,-0.00024694923195056617,0.03300199285149574,0.03300199285149574,1.0,-3.0,timeout
3603,3.4672765731811523,-2.2184324264526367,-0.0002471064799465239,0.032995615154504776,0.032995615154504776,1.0,-3.0,timeout
3604,3.4677934646606445,-2.2175116539001465,-0.00024724265676923096,0.032997969537973404,0.032997969537973404,1.0,3.0,timeout
3605,3.4678027629852295,-2.2174956798553467,-0.0002522255526855588,0.0005982217844575644,0.0005776002071797848,0.0,-3.0,timeout
3606,3.4683103561401367,-2.2165935039520264,-0.0002467454469297081,0.032349444925785065,0.03234899044036865,1.0,-3.0,timeout
3607,3.46882963180542,-2.2156741619110107,-0.0002466540317982435,0.03299557417631149,0.03299557417631149,1.0,3.0,timeout
3608,3.468839406967163,-2.215655565261841,-0.0002517395478207618,0.000675500079523772,0.0006565394578501582,0.0,3.0,timeout
3609,3.4693548679351807,-2.2147347927093506,-0.00024626331287436187,0.032976556569337845,0.03297611325979233,1.0,-3.0,timeout
3610,3.46987247467041,-2.2138142585754395,-0.0002463475684635341,0.033002421259880066,0.033002421259880066,1.0,-3.0,timeout
3611,3.4703919887542725,-2.212894916534424,-0.0002466200676281005,0.03299923986196518,0.03299923986196518,1.0,0.0,timeout
3612,3.4709115028381348,-2.211975574493408,-0.0002468439342919737,0.03299923986196518,0.03299923986196518,1.0,0.0,timeout
3613,3.471431255340576,-2.2110562324523926,-0.00024701858637854457,0.033002905547618866,0.033002905547618866,1.0,-3.0,timeout
3614,3.471442222595215,-2.21103835105896,-0.000252044148510322,0.0006740742246620357,0.0006555240834131837,0.0,-3.0,timeout
3615,3.471442699432373,-2.211038589477539,-0.00025149734574370086,2.3865064576966688e-05,1.6660003893775865e-05,0.0,-3.0,timeout
3616,3.471958637237549,-2.2101387977600098,-0.00024587521329522133,0.03241347149014473,0.032412994652986526,1.0,3.0,timeout
3617,3.4724814891815186,-2.209221363067627,-0.00024594273418188095,0.03299888223409653,0.03299888223409653,1.0,3.0,timeout
3618,3.4730021953582764,-2.2083027362823486,-0.00024628706160001457,0.03299814090132713,0.032998137176036835,1.0,3.0,timeout
3619,3.4735212326049805,-2.207383155822754,-0.00024656631285324693,0.032998401671648026,0.03299839794635773,1.0,-3.0,timeout
3620,3.4740424156188965,-2.2064645290374756,-0.00024680510978214443,0.0330054871737957,0.0330054834485054,1.0,0.0,timeout
3621,3.4745631217956543,-2.2055459022521973,-0.0002469977189321071,0.032998137176036835,0.032998137176036835,1.0,3.0,timeout
3622,3.4750823974609375,-2.2046263217926025,-0.0002471357583999634,0.033002059906721115,0.033002059906721115,1.0,-3.0,timeout
3623,3.4750916957855225,-2.204608678817749,-0.000252153433393687,0.0006426495383493602,0.0006232266896404326,0.0,3.0,timeout
3624,3.475600242614746,-2.203707456588745,-0.0002466953592374921,0.03233810514211655,0.03233765438199043,1.0,3.0,timeout
3625,3.4761171340942383,-2.202786445617676,-0.00024659294285811484,0.03300446644425392,0.03300446644425392,1.0,-3.0,timeout
3626,3.4761276245117188,-2.202768325805664,-0.0002516886161174625,0.0006733938353136182,0.0006542950286529958,0.0,-3.0,timeout
3627,3.4766387939453125,-2.2018682956695557,-0.0002463265846017748,0.03234604746103287,0.03234561160206795,1.0,-3.0,timeout
3628,3.4771623611450195,-2.200951337814331,-0.0002463095879647881,0.032997015863657,0.032997015863657,1.0,-3.0,timeout
3629,3.4776883125305176,-2.200035572052002,-0.0002465810102876276,0.03300171345472336,0.03300171345472336,1.0,-3.0,timeout
3630,3.4782159328460693,-2.1991207599639893,-0.00024681672221049666,0.03300189599394798,0.03300189599394798,1.0,0.0,timeout
3631,3.478743553161621,-2.1982059478759766,-0.00024699719506315887,0.03300189599394798,0.03300189599394798,1.0,-3.0,timeout
3632,3.479273557662964,-2.1972925662994385,-0.0002471455663908273,0.033000510185956955,0.033000510185956955,1.0,-3.0,timeout
3633,3.4798054695129395,-2.196380376815796,-0.0002472644846420735,0.032998282462358475,0.032998278737068176,1.0,-3.0,timeout
3634,3.4798166751861572,-2.1963624954223633,-0.0002522414142731577,0.000677542295306921,0.0006594500155188143,0.0,-3.0,timeout
3635,3.4803519248962402,-2.1954526901245117,-0.00024668456171639264,0.032987162470817566,0.032986704260110855,1.0,3.0,timeout
3636,3.4808855056762695,-2.1945414543151855,-0.00024667722755111754,0.032998859882354736,0.032998859882354736,1.0,-3.0,timeout
3637,3.4814207553863525,-2.193631172180176,-0.00024688828852958977,0.03299955278635025,0.03299955278635025,1.0,3.0,timeout
3638,3.4819538593292236,-2.1927194595336914,-0.00024705776013433933,0.03300419822335243,0.03300419822335243,1.0,3.0,timeout
3639,3.482485055923462,-2.1918070316314697,-0.00024718360509723425,0.032993465662002563,0.032993465662002563,1.0,-3.0,timeout
3640,3.4824938774108887,-2.191791296005249,-0.0002522014838177711,0.0005851412424817681,0.0005637386930175126,0.0,3.0,timeout
3641,3.483025074005127,-2.1908795833587646,-0.000246620416874066,0.03297461196780205,0.03297415003180504,1.0,-3.0,timeout
3642,3.4830360412597656,-2.190861701965332,-0.00025151472073048353,0.0006731303874403238,0.0006555240834131837,0.0,-3.0,timeout
3643,3.4835712909698486,-2.1899516582489014,-0.0002460870600771159,0.03299356624484062,0.0329931303858757,1.0,0.0,timeout
3644,3.48410701751709,-2.1890416145324707,-0.0002462048432789743,0.03300068527460098,0.03300068527460098,1.0,-3.0,timeout
3645,3.4846444129943848,-2.1881325244903564,-0.0002465058059897274,0.03300151601433754,0.03300151601433754,1.0,0.0,timeout
3646,3.485182046890259,-2.1872236728668213,-0.0002467478916514665,0.03299889713525772,0.03299889713525772,1.0,-3.0,timeout
3647,3.4857218265533447,-2.1863160133361816,-0.00024694603052921593,0.033001065254211426,0.03300106152892113,1.0,-3.0,timeout
3648,3.4862635135650635,-2.1854095458984375,-0.00024710482102818787,0.03299958258867264,0.03299958258867264,1.0,-3.0,timeout
3649,3.486807346343994,-2.184504270553589,-0.0002472319174557924,0.0330020934343338,0.0330020934343338,1.0,-3.0,timeout
3650,3.4873530864715576,-2.183600425720215,-0.00024733366444706917,0.032994549721479416,0.032994549721479416,1.0,-3.0,timeout
3651,3.4879002571105957,-2.182697296142578,-0.0002474239736329764,0.03299856185913086,0.03299855813384056,1.0,3.0,timeout
3652,3.4879071712493896,-2.1826870441436768,-0.00025240005925297737,0.000416540598962456,0.000386425934266299,0.0,-3.0,timeout
3653,3.4884440898895264,-2.181802272796631,-0.0002468573220539838,0.03234235569834709,0.032341890037059784,1.0,-3.0,timeout
3654,3.4889931678771973,-2.1809003353118896,-0.00024674212909303606,0.03299766033887863,0.03299766033887863,1.0,3.0,timeout
3655,3.4895408153533936,-2.179997444152832,-0.00024691715952940285,0.0329999104142189,0.0329999104142189,1.0,-3.0,timeout
3656,3.4900906085968018,-2.17909574508667,-0.0002470803738106042,0.03300292417407036,0.03300292417407036,1.0,-3.0,timeout
3657,3.4901020526885986,-2.1790781021118164,-0.00025209388695657253,0.0006755908252671361,0.000657173281069845,0.0,-3.0,timeout
3658,3.490644931793213,-2.178196907043457,-0.00024665205273777246,0.03234415873885155,0.03234371170401573,1.0,-3.0,timeout
3659,3.4912004470825195,-2.1772987842559814,-0.000246579700615257,0.03300127014517784,0.03300127014517784,1.0,3.0,timeout
3660,3.491206169128418,-2.177290439605713,-0.0002517199900466949,0.00035465313703753054,0.00031618913635611534,0.0,-3.0,timeout
3661,3.491751194000244,-2.176410675048828,-0.0002463032433297485,0.0323413647711277,0.032340921461582184,1.0,-3.0,timeout
3662,3.491762638092041,-2.1763930320739746,-0.0002511710627004504,0.0006745494902133942,0.000657173281069845,0.0,-3.0,timeout
3663,3.492311954498291,-2.17551589012146,-0.0002458989911247045,0.03234267979860306,0.03234225884079933,1.0,-3.0,timeout
3664,3.4928743839263916,-2.174622058868408,-0.0002459671813994646,0.0330018512904644,0.0330018512904644,1.0,-3.0,timeout
3665,3.4928863048553467,-2.174604654312134,-0.0002511894272174686,0.0006791387568227947,0.0006592395366169512,0.0,-3.0,timeout
3666,3.493452310562134,-2.173713445663452,-0.00024583691265434027,0.03299272060394287,0.03299229219555855,1.0,0.0,timeout
3667,3.494018793106079,-2.1728222370147705,-0.0002460055111441761,0.03300028666853905,0.03300028666853905,1.0,-3.0,timeout
3668,3.494586706161499,-2.1719319820404053,-0.00024635132285766304,0.03299915790557861,0.03299915790557861,1.0,3.0,timeout
3669,3.4951529502868652,-2.1710405349731445,-0.00024661884526722133,0.0330025777220726,0.0330025777220726,1.0,-3.0,timeout
3670,3.4957211017608643,-2.1701505184173584,-0.0002468425373081118,0.03299688547849655,0.03299688547849655,1.0,-3.0,timeout
3671,3.496290922164917,-2.1692614555358887,-0.00024703145027160645,0.032999880611896515,0.032999880611896515,1.0,3.0,timeout
3672,3.496859073638916,-2.1683712005615234,-0.00024716329062357545,0.03300316631793976,0.03300316259264946,1.0,-3.0,timeout
3673,3.4974286556243896,-2.1674821376800537,-0.00024728765129111707,0.032995861023664474,0.032995861023664474,1.0,3.0,timeout
3674,3.4979960918426514,-2.1665914058685303,-0.00024737772764638066,0.03300371393561363,0.03300371393561363,1.0,3.0,timeout
3675,3.4985620975494385,-2.1656999588012695,-0.00024743948597460985,0.03299858421087265,0.03299858421087265,1.0,-3.0,timeout
3676,3.4985737800598145,-2.165682554244995,-0.00025238009402528405,0.00067300716182217,0.0006550581310875714,0.0,-3.0,timeout
3677,3.4991326332092285,-2.164811372756958,-0.000246880721533671,0.03234494477510452,0.03234449028968811,1.0,-3.0,timeout
3678,3.4997050762176514,-2.163923978805542,-0.00024675283930264413,0.033000338822603226,0.033000338822603226,1.0,-3.0,timeout
3679,3.4997055530548096,-2.163923978805542,-0.00025191865279339254,0.00016211795445997268,1.4901160284352954e-05,0.0,0.0,timeout
3680,3.499706268310547,-2.1639244556427,-0.0002513000799808651,3.30954571836628e-05,2.6863448510994203e-05,0.0,-3.0,timeout
3681,3.5002710819244385,-2.1630570888519287,-0.0002457121736370027,0.03234594687819481,0.032345473766326904,1.0,-3.0,timeout
3682,3.5002832412719727,-2.1630399227142334,-0.0002506861346773803,0.0006755106733180583,0.000657384458463639,0.0,-3.0,timeout
3683,3.500852346420288,-2.162175416946411,-0.0002455102512612939,0.03234454244375229,0.032344140112400055,1.0,-3.0,timeout
3684,3.5008645057678223,-2.162158489227295,-0.00025053886929526925,0.0006700078374706209,0.0006513188127428293,0.0,-3.0,timeout
3685,3.5008647441864014,-2.162158489227295,-0.0002502885472495109,1.080294623534428e-05,7.450580142176477e-06,0.0,3.0,timeout
3686,3.5008652210235596,-2.162158966064453,-0.0002497830137144774,2.633749318192713e-05,2.1073423340567388e-05,0.0,-3.0,timeout
3687,3.501443862915039,-2.161287307739258,-0.00024444577866233885,0.03269537165760994,0.032694946974515915,1.0,3.0,timeout
3688,3.502025842666626,-2.1604058742523193,-0.000244839524384588,0.033007241785526276,0.03300723806023598,1.0,3.0,timeout
3689,3.502605438232422,-2.1595232486724854,-0.0002454066416248679,0.032997384667396545,0.03299738094210625,1.0,3.0,timeout
3690,3.5026092529296875,-2.159517288208008,-0.00025080936029553413,0.00027822755509987473,0.00022114547027740628,0.0,-3.0,timeout
3691,3.503178119659424,-2.1586527824401855,-0.0002455613575875759,0.032340459525585175,0.03234004229307175,1.0,-3.0,timeout
3692,3.503760576248169,-2.1577718257904053,-0.00024569968809373677,0.03300302103161812,0.03300302103161812,1.0,0.0,timeout
3693,3.503772258758545,-2.157754421234131,-0.00025097100296989083,0.0006754529313184321,0.0006550581310875714,0.0,-3.0,timeout
3694,3.504345655441284,-2.1568925380706787,-0.00024575224961154163,0.032350219786167145,0.032349810004234314,1.0,-3.0,timeout
3695,3.504931926727295,-2.1560144424438477,-0.00024586025392636657,0.03299452364444733,0.03299452364444733,1.0,3.0,timeout
3696,3.50551700592041,-2.155135154724121,-0.00024621185730211437,0.03300486132502556,0.03300485759973526,1.0,-3.0,timeout
3697,3.506103992462158,-2.154257297515869,-0.0002465161378495395,0.033000748604536057,0.03300074487924576,1.0,-3.0,timeout
3698,3.506693124771118,-2.153380870819092,-0.0002467607846483588,0.03300095722079277,0.03300095722079277,1.0,-3.0,timeout
3699,3.5072834491729736,-2.152505397796631,-0.0002469661121722311,0.03299703821539879,0.03299703821539879,1.0,3.0,timeout
3700,3.5078718662261963,-2.1516284942626953,-0.0002471204788889736,0.03300086408853531,0.03300086408853531,1.0,3.0,timeout
3701,3.507883071899414,-2.151610851287842,-0.00025212677428498864,0.0006716239731758833,0.0006531486287713051,0.0,3.0,timeout
3702,3.508455753326416,-2.1507487297058105,-0.0002466777805238962,0.03234408423304558,0.03234363719820976,1.0,3.0,timeout
3703,3.509038209915161,-2.1498677730560303,-0.00024657914764247835,0.03300302103161812,0.03300302103161812,1.0,-3.0,timeout
3704,3.509042739868164,-2.14985990524292,-0.00025174347683787346,0.000326399109326303,0.00028370963991619647,0.0,3.0,timeout
3705,3.509613275527954,-2.148996353149414,-0.00024631910491734743,0.03234431520104408,0.032343871891498566,1.0,3.0,timeout
3706,3.509613513946533,-2.148995876312256,-0.0002512676874175668,0.00015553801495116204,1.6660003893775865e-05,0.0,-3.0,timeout
3707,3.510195255279541,-2.1481149196624756,-0.0002457936352584511,0.03299114480614662,0.032990697771310806,1.0,0.0,timeout
3708,3.510776996612549,-2.147233486175537,-0.00024597597075626254,0.03300313279032707,0.03300313279032707,1.0,3.0,timeout
3709,3.511357307434082,-2.1463510990142822,-0.00024630778352729976,0.03300343081355095,0.03300342708826065,1.0,-3.0,timeout
3710,3.511939525604248,-2.145470142364502,-0.0002465927100274712,0.03299891576170921,0.032998912036418915,1.0,-3.0,timeout
3711,3.512523889541626,-2.1445906162261963,-0.00024682178627699614,0.03299868851900101,0.03299868851900101,1.0,-3.0,timeout
3712,3.513110399246216,-2.1437125205993652,-0.0002470052568241954,0.03299865871667862,0.03299865871667862,1.0,-3.0,timeout
3713,3.5136988162994385,-2.1428356170654297,-0.00024715211475268006,0.03300086408853531,0.03300086408853531,1.0,-3.0,timeout
3714,3.5137112140655518,-2.1428186893463135,-0.00025215151254087687,0.0006740489625371993,0.000655693409498781,0.0,-3.0,timeout
3715,3.514292001724243,-2.1419620513916016,-0.0002466980367898941,0.03234295919537544,0.03234250843524933,1.0,-3.0,timeout
3716,3.514885902404785,-2.1410889625549316,-0.0002466165169607848,0.032998017966747284,0.032998014241456985,1.0,3.0,timeout
3717,3.5154786109924316,-2.140214681625366,-0.00024681686772964895,0.0330079086124897,0.0330079086124897,1.0,-3.0,timeout
3718,3.5154831409454346,-2.1402077674865723,-0.0002519502304494381,0.00030406939913518727,0.00025831066886894405,0.0,3.0,timeout
3719,3.516075611114502,-2.139334201812744,-0.0002463779819663614,0.032985687255859375,0.032985225319862366,1.0,-3.0,timeout
3720,3.5160880088806152,-2.139317274093628,-0.0002513198705855757,0.0006736346986144781,0.000655693409498781,0.0,-3.0,timeout
3721,3.516683578491211,-2.1384456157684326,-0.00024593662237748504,0.03299088776111603,0.032990459352731705,1.0,3.0,timeout
3722,3.516684055328369,-2.1384453773498535,-0.0002510562480892986,0.00016085337847471237,1.6660003893775865e-05,0.0,-3.0,timeout
3723,3.517268419265747,-2.1375913619995117,-0.0002457193622831255,0.03233811631798744,0.03233768790960312,1.0,-3.0,timeout
3724,3.5172688961029053,-2.1375911235809326,-0.00025080330669879913,0.00015974437701515853,1.6660003893775865e-05,0.0,0.0,timeout
3725,3.517854928970337,-2.1367380619049072,-0.00024551863316446543,0.03234301880002022,0.03234259784221649,1.0,3.0,timeout
3726,3.5178661346435547,-2.1367204189300537,-0.00025054163415916264,0.0006717457436025143,0.0006531486287713051,0.0,3.0,timeout
3727,3.517866373062134,-2.1367204189300537,-0.0002502741990610957,1.1196266314073e-05,7.450580142176477e-06,0.0,0.0,timeout
3728,3.5184485912323,-2.135864734649658,-0.00024489001953043044,0.032343409955501556,0.032342974096536636,1.0,-3.0,timeout
3729,3.5190441608428955,-2.1349925994873047,-0.0002451559412293136,0.03300276771187782,0.033002763986587524,1.0,3.0,timeout
3730,3.5196378231048584,-2.1341192722320557,-0.00024565777857787907,0.03299999609589577,0.03299998864531517,1.0,3.0,timeout
3731,3.5202298164367676,-2.1332449913024902,-0.0002460631658323109,0.032995373010635376,0.032995373010635376,1.0,-3.0,timeout
3732,3.5208241939544678,-2.1323719024658203,-0.0002463976852595806,0.03300639986991882,0.03300639986991882,1.0,-3.0,timeout
3733,3.5214202404022217,-2.131500482559204,-0.00024666590616106987,0.03299272060394287,0.03299272060394287,1.0,-3.0,timeout
3734,3.521432876586914,-2.131483554840088,-0.00025176251074299216,0.0006790648913010955,0.0006601231289096177,0.0,-3.0,timeout
3735,3.5220322608947754,-2.1306145191192627,-0.0002463015844114125,0.03299080207943916,0.032990358769893646,1.0,3.0,timeout
3736,3.522630453109741,-2.129744291305542,-0.00024637088063172996,0.0329999141395092,0.0329999141395092,1.0,-3.0,timeout
3737,3.52323055267334,-2.128875494003296,-0.00024663348449394107,0.032996926456689835,0.032996926456689835,1.0,-3.0,timeout
3738,3.523832321166992,-2.128007650375366,-0.00024686381220817566,0.0330020971596241,0.0330020971596241,1.0,3.0,timeout
3739,3.524432420730591,-2.127138614654541,-0.00024702915106900036,0.033003054559230804,0.033003054559230804,1.0,-3.0,timeout
3740,3.5250344276428223,-2.1262710094451904,-0.0002471705956850201,0.033000219613313675,0.033000219613313675,1.0,-3.0,timeout
3741,3.5256385803222656,-2.1254048347473145,-0.0002472842752467841,0.033001821488142014,0.033001817762851715,1.0,-3.0,timeout
3742,3.526244640350342,-2.124540090560913,-0.0002473753411322832,0.03299933671951294,0.03299933671951294,1.0,-3.0,timeout
3743,3.5268523693084717,-2.1236765384674072,-0.00024745272821746767,0.03299882635474205,0.03299882262945175,1.0,0.0,timeout
3744,3.5274600982666016,-2.1228129863739014,-0.0002475059300195426,0.03299882635474205,0.03299882262945175,1.0,-3.0,timeout
3745,3.5274641513824463,-2.122807741165161,-0.0002525111485738307,0.00025956728495657444,0.0002071475755656138,0.0,3.0,timeout
3746,3.5274648666381836,-2.1228082180023193,-0.0002517967950552702,3.492829273454845e-05,2.6863448510994203e-05,0.0,-3.0,timeout
3747,3.528062343597412,-2.1219632625579834,-0.0002461106050759554,0.032339755445718765,0.03233926743268967,1.0,-3.0,timeout
3748,3.5286738872528076,-2.1211023330688477,-0.00024612710694782436,0.033000726252794266,0.033000726252794266,1.0,0.0,timeout
3749,3.5286865234375,-2.1210856437683105,-0.00025131244910880923,0.0006739384261891246,0.0006541677284985781,0.0,-3.0,timeout
3750,3.5292880535125732,-2.1202433109283447,-0.0002460257092025131,0.03234625235199928,0.03234583139419556,1.0,-3.0,timeout
3751,3.5299038887023926,-2.1193854808807373,-0.00024606933584436774,0.03299984335899353,0.03299983963370323,1.0,-3.0,timeout
3752,3.5305216312408447,-2.1185288429260254,-0.00024638912873342633,0.03300441429018974,0.03300441429018974,1.0,-3.0,timeout
3753,3.5305347442626953,-2.1185123920440674,-0.0002515408559702337,0.0006768515449948609,0.0006574266008101404,0.0,-3.0,timeout
3754,3.5305347442626953,-2.1185126304626465,-0.00025110438582487404,1.554195478092879e-05,7.450580142176477e-06,0.0,3.0,timeout
3755,3.531141519546509,-2.1176741123199463,-0.00024556045536883175,0.03234517574310303,0.03234471380710602,1.0,3.0,timeout
3756,3.531142234802246,-2.1176741123199463,-0.00025064946385100484,0.0001605945872142911,2.235173997178208e-05,0.0,-3.0,timeout
3757,3.5317604541778564,-2.116818428039551,-0.0002453039342071861,0.032989393919706345,0.03298896923661232,1.0,3.0,timeout
3758,3.5323774814605713,-2.1159615516662598,-0.0002455680223647505,0.03299739211797714,0.03299739211797714,1.0,-3.0,timeout
3759,3.532996654510498,-2.1151058673858643,-0.0002459910756442696,0.03300643339753151,0.03300642967224121,1.0,-3.0,timeout
3760,3.5336177349090576,-2.1142518520355225,-0.0002463402634020895,0.03299921751022339,0.03299921378493309,1.0,-3.0,timeout
3761,3.533620834350586,-2.1142477989196777,-0.00025158640346489847,0.00022869420354254544,0.00015944938058964908,0.0,3.0,timeout
3762,3.533621072769165,-2.114248037338257,-0.0002510551712475717,1.9662544218590483e-05,1.0536711670283694e-05,0.0,0.0,timeout
3763,3.5342299938201904,-2.1134109497070312,-0.00024551263777539134,0.03234837204217911,0.0323479063808918,1.0,-3.0,timeout
3764,3.534853219985962,-2.112558603286743,-0.00024564412888139486,0.032996587455272675,0.032996583729982376,1.0,-3.0,timeout
3765,3.534853935241699,-2.112558603286743,-0.0002510316262487322,0.00016983655223157257,2.235173997178208e-05,0.0,0.0,timeout
3766,3.535465955734253,-2.1117238998413086,-0.00024571502581238747,0.03234529495239258,0.03234486281871796,1.0,3.0,timeout
3767,3.536088466644287,-2.110870838165283,-0.0002458106609992683,0.03300144895911217,0.03300144895911217,1.0,0.0,timeout
3768,3.536710500717163,-2.1100175380706787,-0.00024618697352707386,0.03299868851900101,0.03299868851900101,1.0,3.0,timeout
3769,3.5373313426971436,-2.109163284301758,-0.0002464866847731173,0.03300086036324501,0.03300086036324501,1.0,-3.0,timeout
3770,3.5379538536071777,-2.1083104610443115,-0.00024673648294992745,0.03299543261528015,0.03299542888998985,1.0,-3.0,timeout
3771,3.537966728210449,-2.1082937717437744,-0.0002518187975510955,0.0006775688962079585,0.0006586919771507382,0.0,-3.0,timeout
3772,3.5379669666290283,-2.1082940101623535,-0.00025132179143838584,1.8768269001157023e-05,1.0536711670283694e-05,0.0,0.0,timeout
3773,3.538593292236328,-2.1074440479278564,-0.00024563889019191265,0.032994311302900314,0.03299383446574211,1.0,0.0,timeout
3774,3.5386054515838623,-2.107426881790161,-0.0002507256285753101,0.0006763303535990417,0.000657384458463639,0.0,3.0,timeout
3775,3.53922963142395,-2.1065759658813477,-0.0002454407513141632,0.032978542149066925,0.032978128641843796,1.0,-3.0,timeout
3776,3.539856195449829,-2.1057257652282715,-0.00024569022934883833,0.03300425410270691,0.03300425410270691,1.0,-3.0,timeout
3777,3.540484666824341,-2.104877233505249,-0.0002460897376295179,0.032997727394104004,0.032997723668813705,1.0,-3.0,timeout
3778,3.5411148071289062,-2.104029655456543,-0.0002464240533299744,0.033004872500896454,0.033004868775606155,1.0,0.0,timeout
3779,3.541127920150757,-2.104013442993164,-0.00025156515766866505,0.0006711305468343198,0.0006516170687973499,0.0,-3.0,timeout
3780,3.541759490966797,-2.1031672954559326,-0.00024614325957372785,0.03299616277217865,0.03299572691321373,1.0,3.0,timeout
3781,3.541759967803955,-2.1031672954559326,-0.00025122237275354564,0.00015942021855153143,1.4901160284352954e-05,0.0,-3.0,timeout
3782,3.541760206222534,-2.1031675338745117,-0.00025073750293813646,1.845564656832721e-05,1.0536711670283694e-05,0.0,-3.0,timeout
3783,3.541760206222534,-2.1031675338745117,-0.00025015234132297337,1.8286300473846495e-05,0.0,0.0,0.0,timeout
3784,3.542393684387207,-2.102322816848755,-0.00024468827177770436,0.032996080815792084,0.032995641231536865,1.0,0.0,timeout
3785,3.542405843734741,-2.1023058891296387,-0.00024996508727781475,0.0006718692602589726,0.0006513188127428293,0.0,3.0,timeout
3786,3.5430245399475098,-2.1014761924743652,-0.00024493702221661806,0.03234347328543663,0.03234309330582619,1.0,3.0,timeout
3787,3.543024778366089,-2.101475715637207,-0.0002501649723853916,0.00016422069165855646,1.6660003893775865e-05,0.0,-3.0,timeout
3788,3.543025016784668,-2.101475954055786,-0.00024988732184283435,1.3649370885104872e-05,1.0536711670283694e-05,0.0,-3.0,timeout
3789,3.543024778366089,-2.101475715637207,-0.0002494721265975386,1.6714335288270377e-05,1.0536711670283694e-05,0.0,0.0,timeout
3790,3.543644905090332,-2.10064697265625,-0.0002442456316202879,0.03234638273715973,0.0323459655046463,1.0,3.0,timeout
3791,3.544275999069214,-2.0998003482818604,-0.00024461917928420007,0.032998766750097275,0.032998763024806976,1.0,-3.0,timeout
3792,3.5442776679992676,-2.099797248840332,-0.0002502026909496635,0.00020626767945941538,0.00011000649828929454,0.0,3.0,timeout
3793,3.5449087619781494,-2.0989513397216797,-0.000244955881498754,0.03298125043511391,0.032980844378471375,1.0,-3.0,timeout
3794,3.545542001724243,-2.0981063842773438,-0.0002452994231134653,0.03299713134765625,0.03299713134765625,1.0,-3.0,timeout
3795,3.5455424785614014,-2.0981063842773438,-0.00025076064048334956,0.00017131234926637262,1.4901160284352954e-05,0.0,0.0,timeout
3796,3.5461652278900146,-2.0972795486450195,-0.00024548816145397723,0.03234792873263359,0.032347504049539566,1.0,-3.0,timeout
3797,3.546801805496216,-2.0964369773864746,-0.0002456449146848172,0.033000316470861435,0.033000316470861435,1.0,3.0,timeout
3798,3.5468029975891113,-2.0964362621307373,-0.0002510129997972399,0.0001732868404360488,4.344397166278213e-05,0.0,-3.0,timeout
3799,3.5474276542663574,-2.0956108570098877,-0.0002456986694596708,0.03234816715121269,0.03234774246811867,1.0,-3.0,timeout
3800,3.5480668544769287,-2.0947701930999756,-0.0002458036469761282,0.03300232067704201,0.03300231695175171,1.0,-3.0,timeout
3801,3.5487072467803955,-2.093930721282959,-0.00024618583847768605,0.032995253801345825,0.03299525007605553,1.0,3.0,timeout
3802,3.549346446990967,-2.093090057373047,-0.00024648624821566045,0.03300232067704201,0.03300231695175171,1.0,-3.0,timeout
3803,3.5493595600128174,-2.093073844909668,-0.0002516183885745704,0.0006710636080242693,0.0006516170687973499,0.0,-3.0,timeout
3804,3.550002098083496,-2.092236042022705,-0.00024618071620352566,0.03299500420689583,0.03299456462264061,1.0,0.0,timeout
3805,3.5500025749206543,-2.092235803604126,-0.0002512638457119465,0.00015971905668266118,1.6660003893775865e-05,0.0,0.0,timeout
3806,3.5500028133392334,-2.092236042022705,-0.00025077094323933125,1.8662285583559424e-05,1.0536711670283694e-05,0.0,0.0,timeout
3807,3.550632953643799,-2.0914149284362793,-0.0002452839398756623,0.032345399260520935,0.03234494477510452,1.0,-3.0,timeout
3808,3.5512771606445312,-2.090578317642212,-0.0002454707573633641,0.032996807247400284,0.032996803522109985,1.0,3.0,timeout
3809,3.5512778759002686,-2.090578079223633,-0.0002508766483515501,0.00017056915385182947,2.3560804038424976e-05,0.0,-3.0,timeout
3810,3.551909923553467,-2.0897586345672607,-0.00024558609584346414,0.03234037756919861,0.03233995661139488,1.0,-3.0,timeout
3811,3.552556276321411,-2.088923454284668,-0.0002457233495078981,0.03300239518284798,0.03300239518284798,1.0,3.0,timeout
3812,3.5532007217407227,-2.0880868434906006,-0.00024611203116364777,0.033001355826854706,0.03300135210156441,1.0,3.0,timeout
3813,3.5538430213928223,-2.0872488021850586,-0.00024643674260005355,0.03299594670534134,0.03299594670534134,1.0,3.0,timeout
3814,3.5544841289520264,-2.086409568786621,-0.00024668671539984643,0.03300289437174797,0.03300289064645767,1.0,-3.0,timeout
3815,3.5551271438598633,-2.0855720043182373,-0.00024689623387530446,0.032997723668813705,0.032997723668813705,1.0,-3.0,timeout
3816,3.555771589279175,-2.08473539352417,-0.00024707469856366515,0.03300135210156441,0.03300135210156441,1.0,3.0,timeout
3817,3.5564146041870117,-2.083897590637207,-0.0002471976331435144,0.033003635704517365,0.033003635704517365,1.0,-3.0,timeout
3818,3.5570595264434814,-2.083061456680298,-0.0002473051135893911,0.032998647540807724,0.032998647540807724,1.0,-3.0,timeout
3819,3.557706594467163,-2.0822269916534424,-0.0002473916974849999,0.03299841284751892,0.03299841284751892,1.0,-3.0,timeout
3820,3.5577080249786377,-2.0822250843048096,-0.0002524392039049417,0.00017444572586100549,7.450580596923828e-05,0.0,3.0,timeout
3821,3.557708501815796,-2.0822255611419678,-0.00025172100868076086,3.078643203480169e-05,2.1073423340567388e-05,0.0,-3.0,timeout
3822,3.5583443641662598,-2.081408977508545,-0.0002460491086822003,0.03234279900789261,0.03234231099486351,1.0,-3.0,timeout
3823,3.558995246887207,-2.0805773735046387,-0.0002460731484461576,0.033001143485307693,0.033001143485307693,1.0,-3.0,timeout
3824,3.559008836746216,-2.080561399459839,-0.0002512735081836581,0.0006752445478923619,0.0006553970160894096,0.0,-3.0,timeout
3825,3.5596506595611572,-2.079749345779419,-0.00024599485914222896,0.032346323132514954,0.03234590217471123,1.0,-3.0,timeout
3826,3.5596513748168945,-2.079749345779419,-0.0002510282793082297,0.00015887455083429813,2.235173997178208e-05,0.0,0.0,timeout
3827,3.5602943897247314,-2.0789382457733154,-0.00024569849483668804,0.03234608471393585,0.03234565630555153,1.0,3.0,timeout
3828,3.560948610305786,-2.0781095027923584,-0.00024579206365160644,0.0329953171312809,0.0329953171312809,1.0,-3.0,timeout
3829,3.5616042613983154,-2.0772817134857178,-0.0002461761760059744,0.0329996682703495,0.032999664545059204,1.0,3.0,timeout
3830,3.56225848197937,-2.0764527320861816,-0.0002464784192852676,0.033001162111759186,0.033001162111759186,1.0,-3.0,timeout
3831,3.562272071838379,-2.076436758041382,-0.0002516120148357004,0.0006747454754076898,0.0006553970160894096,0.0,-3.0,timeout
3832,3.562929391860962,-2.075610637664795,-0.0002461810363456607,0.0329916812479496,0.03299124538898468,1.0,3.0,timeout
3833,3.5635855197906494,-2.0747830867767334,-0.00024627457605674863,0.033003080636262894,0.033003080636262894,1.0,-3.0,timeout
3834,3.5642430782318115,-2.0739569664001465,-0.0002465665456838906,0.032995883375406265,0.032995883375406265,1.0,3.0,timeout
3835,3.5648984909057617,-2.0731289386749268,-0.00024680071510374546,0.0330008827149868,0.0330008827149868,1.0,3.0,timeout
3836,3.5655527114868164,-2.0722999572753906,-0.0002469779283273965,0.033001162111759186,0.033001162111759186,1.0,-3.0,timeout
3837,3.5655534267425537,-2.072298288345337,-0.00025211108732037246,0.00017015112098306417,5.674193016602658e-05,0.0,3.0,timeout
3838,3.5661942958831787,-2.0714855194091797,-0.0002465813304297626,0.03234544396400452,0.03234498202800751,1.0,3.0,timeout
3839,3.566194534301758,-2.0714852809906006,-0.000251476390985772,0.00015333309420384467,1.0536711670283694e-05,0.0,-3.0,timeout
3840,3.566847801208496,-2.0706560611724854,-0.00024596592993475497,0.0329890102148056,0.03298855945467949,1.0,3.0,timeout
3841,3.5668601989746094,-2.070639133453369,-0.0002509915502741933,0.0006742393597960472,0.000655693409498781,0.0,3.0,timeout
3842,3.5674967765808105,-2.0698230266571045,-0.00024575897259637713,0.03234471008181572,0.03234429657459259,1.0,3.0,timeout
3843,3.5681450366973877,-2.0689892768859863,-0.00024584363563917577,0.03300360590219498,0.03300360590219498,1.0,-3.0,timeout
3844,3.5687944889068604,-2.0681567192077637,-0.0002462180273141712,0.03299710527062416,0.03299710527062416,1.0,3.0,timeout
3845,3.5687947273254395,-2.0681564807891846,-0.00025148942950181663,0.00016506794781889766,1.0536711670283694e-05,0.0,-3.0,timeout
3846,3.569431781768799,-2.067340850830078,-0.00024607570958323777,0.03234216198325157,0.032341718673706055,1.0,-3.0,timeout
3847,3.5700840950012207,-2.0665102005004883,-0.00024610463879071176,0.03300527483224869,0.03300527483224869,1.0,-3.0,timeout
3848,3.5707383155822754,-2.065681219100952,-0.0002464167191646993,0.033001162111759186,0.033001162111759186,1.0,-3.0,timeout
3849,3.571394205093384,-2.0648536682128906,-0.0002466806035954505,0.032998453825712204,0.032998453825712204,1.0,-3.0,timeout
3850,3.572052240371704,-2.064027786254883,-0.000246892508585006,0.03299934044480324,0.03299934044480324,1.0,-3.0,timeout
3851,3.572066068649292,-2.064011812210083,-0.0002519439731258899,0.0006788580794818699,0.0006602492649108171,0.0,-3.0,timeout
3852,3.57206654548645,-2.064012289047241,-0.0002514219668228179,2.6649451683624648e-05,2.1073423340567388e-05,0.0,0.0,timeout
3853,3.5727150440216064,-2.0632057189941406,-0.00024580987519584596,0.032342422753572464,0.03234194591641426,1.0,-3.0,timeout
3854,3.5727155208587646,-2.0632054805755615,-0.0002508698380552232,0.00015899905702099204,1.6660003893775865e-05,0.0,3.0,timeout
3855,3.572716236114502,-2.0632059574127197,-0.00025044195353984833,3.0007315217517316e-05,2.6863448510994203e-05,0.0,-3.0,timeout
3856,3.57271671295166,-2.063206434249878,-0.00024991066311486065,2.6828027330338955e-05,2.1073423340567388e-05,0.0,-3.0,timeout
3857,3.5733814239501953,-2.0623860359191895,-0.0002444990968797356,0.032996851950883865,0.032996419817209244,1.0,0.0,timeout
3858,3.573395013809204,-2.0623703002929688,-0.0002498029498383403,0.0006705473642796278,0.0006497401627711952,0.0,-3.0,timeout
3859,3.5740489959716797,-2.061568021774292,-0.00024480721913278103,0.03234591707587242,0.03234553709626198,1.0,-3.0,timeout
3860,3.5747175216674805,-2.0607504844665527,-0.00024510390358045697,0.0330023355782032,0.0330023355782032,1.0,3.0,timeout
3861,3.5753846168518066,-2.059931993484497,-0.00024560707970522344,0.03299715369939804,0.03299714997410774,1.0,-3.0,timeout
3862,3.575385093688965,-2.059931993484497,-0.0002510162303224206,0.00016969148418866098,1.4901160284352954e-05,0.0,0.0,timeout
3863,3.575385332107544,-2.059931993484497,-0.0002505836309865117,1.5435905879712664e-05,7.450580142176477e-06,0.0,0.0,timeout
3864,3.576040506362915,-2.059130907058716,-0.0002451453183311969,0.03234068676829338,0.032340243458747864,1.0,3.0,timeout
3865,3.5760409832000732,-2.0591306686401367,-0.00025031802942976356,0.0001625034783501178,1.6660003893775865e-05,0.0,-3.0,timeout
3866,3.5760409832000732,-2.059130907058716,-0.0002500089176464826,1.2199252523714676e-05,7.450580142176477e-06,0.0,-3.0,timeout
3867,3.576698064804077,-2.058331251144409,-0.00024467817274853587,0.03234389051795006,0.032343458384275436,1.0,-3.0,timeout
3868,3.5766983032226562,-2.058330774307251,-0.00024996523279696703,0.0001660584530327469,1.6660003893775865e-05,0.0,3.0,timeout
3869,3.576698064804077,-2.058330774307251,-0.00024972777464427054,1.0515510439290665e-05,7.450580142176477e-06,0.0,3.0,timeout
3870,3.576698064804077,-2.058330535888672,-0.00024933935492299497,1.4242366887629032e-05,7.450580142176477e-06,0.0,3.0,timeout
3871,3.5773627758026123,-2.0575153827667236,-0.0002440449461573735,0.032869644463062286,0.03286922350525856,1.0,-3.0,timeout
3872,3.5780317783355713,-2.0566983222961426,-0.0002445434802211821,0.033000241965055466,0.03300023823976517,1.0,-3.0,timeout
3873,3.578702211380005,-2.055882453918457,-0.0002451808541081846,0.03299979493021965,0.03299978747963905,1.0,3.0,timeout
3874,3.579371213912964,-2.055065393447876,-0.0002456827205605805,0.033000241965055466,0.03300023823976517,1.0,-3.0,timeout
3875,3.579371690750122,-2.0550646781921387,-0.00025108002591878176,0.00017079166718758643,2.6863448510994203e-05,0.0,3.0,timeout
3876,3.579371690750122,-2.0550646781921387,-0.00025063633802346885,1.386524581903359e-05,0.0,0.0,3.0,timeout
3877,3.5793721675872803,-2.055065155029297,-0.00025005731731653214,2.7775822672992945e-05,2.1073423340567388e-05,0.0,-3.0,timeout
3878,3.5800397396087646,-2.054248809814453,-0.0002446264261379838,0.03295506536960602,0.0329546295106411,1.0,3.0,timeout
3879,3.5807061195373535,-2.05342960357666,-0.000245021132286638,0.03300037235021591,0.03300036862492561,1.0,3.0,timeout
3880,3.581371307373047,-2.052609443664551,-0.0002455431967973709,0.03300001844763756,0.03300001844763756,1.0,-3.0,timeout
3881,3.582037925720215,-2.051790475845337,-0.000245991803240031,0.032999295741319656,0.03299929201602936,1.0,3.0,timeout
3882,3.58270263671875,-2.0509698390960693,-0.0002463418059051037,0.033002208918333054,0.033002205193042755,1.0,3.0,timeout
3883,3.5827150344848633,-2.050952911376953,-0.0002515047090128064,0.0006752515328116715,0.000655693409498781,0.0,3.0,timeout
3884,3.582714557647705,-2.050952434539795,-0.0002510648046154529,2.5160872610285878e-05,2.1073423340567388e-05,0.0,3.0,timeout
3885,3.583371877670288,-2.050131320953369,-0.00024543990730307996,0.03286942467093468,0.03286895528435707,1.0,-3.0,timeout
3886,3.5840330123901367,-2.0493078231811523,-0.00024567008949816227,0.033001650124788284,0.033001650124788284,1.0,3.0,timeout
3887,3.584045648574829,-2.0492911338806152,-0.0002509558980818838,0.0006747001898474991,0.0006541677284985781,0.0,3.0,timeout
3888,3.584703207015991,-2.0484654903411865,-0.0002456349029671401,0.032984647899866104,0.03298422321677208,1.0,-3.0,timeout
3889,3.585362434387207,-2.047640323638916,-0.0002458565286360681,0.03300509974360466,0.03300509974360466,1.0,3.0,timeout
3890,3.5860204696655273,-2.046814441680908,-0.000246212788624689,0.03299934044480324,0.03299934044480324,1.0,-3.0,timeout
3891,3.5866801738739014,-2.045989751815796,-0.0002465169527567923,0.03300276771187782,0.03300276771187782,1.0,-3.0,timeout
3892,3.5873420238494873,-2.0451669692993164,-0.00024676136672496796,0.032998230308294296,0.032998226583004,1.0,-3.0,timeout
3893,3.588005542755127,-2.0443453788757324,-0.0002469570317771286,0.03300195559859276,0.03300195187330246,1.0,-3.0,timeout
3894,3.5886709690093994,-2.043525457382202,-0.0002471136685926467,0.03299892321228981,0.03299892321228981,1.0,-3.0,timeout
3895,3.588671922683716,-2.043524980545044,-0.00025222336989827454,0.00016311755462083966,3.332000778755173e-05,0.0,3.0,timeout
3896,3.5893235206604004,-2.0427210330963135,-0.00024666680837981403,0.03233947977423668,0.03233901411294937,1.0,3.0,timeout
3897,3.589986801147461,-2.0418992042541504,-0.00024656677851453424,0.0330030731856823,0.033003069460392,1.0,-3.0,timeout
3898,3.5900003910064697,-2.0418832302093506,-0.0002516679232940078,0.0006745050777681172,0.0006553970160894096,0.0,-3.0,timeout
3899,3.5906667709350586,-2.041064500808716,-0.000246224895818159,0.032989248633384705,0.032988812774419785,1.0,3.0,timeout
3900,3.591331720352173,-2.0402441024780273,-0.0002463097043801099,0.033001113682985306,0.033001113682985306,1.0,-3.0,timeout
3901,3.5919981002807617,-2.0394248962402344,-0.00024659454356878996,0.03300036862492561,0.03300036862492561,1.0,3.0,timeout
3902,3.592663288116455,-2.038604736328125,-0.00024681317154318094,0.03300001844763756,0.03300001844763756,1.0,-3.0,timeout
3903,3.592676877975464,-2.038588762283325,-0.0002518795954529196,0.0006742494297213852,0.0006553970160894096,0.0,-3.0,timeout
3904,3.593332529067993,-2.037787914276123,-0.00024648025282658637,0.03234435245394707,0.03234391286969185,1.0,-3.0,timeout
3905,3.594003438949585,-2.0369722843170166,-0.0002464327262714505,0.03300349414348602,0.03300349414348602,1.0,-3.0,timeout
3906,3.5946762561798096,-2.036158323287964,-0.000246679614065215,0.03300117701292038,0.03300117701292038,1.0,-3.0,timeout
3907,3.5953502655029297,-2.0353455543518066,-0.00024690033751539886,0.03299623727798462,0.03299623727798462,1.0,3.0,timeout
3908,3.596022605895996,-2.0345311164855957,-0.00024706299882382154,0.033003173768520355,0.033003173768520355,1.0,0.0,timeout
3909,3.5966951847076416,-2.033717155456543,-0.00024719352950342,0.03299643099308014,0.03299643099308014,1.0,-3.0,timeout
3910,3.5973691940307617,-2.0329039096832275,-0.0002473120403010398,0.03300771117210388,0.03300771117210388,1.0,3.0,timeout
3911,3.59804105758667,-2.0320894718170166,-0.0002473972272127867,0.03299368917942047,0.03299368917942047,1.0,3.0,timeout
3912,3.598041296005249,-2.0320892333984375,-0.00025243262643925846,0.0001577086077304557,1.0536711670283694e-05,0.0,-3.0,timeout
3913,3.5987002849578857,-2.0312912464141846,-0.0002468305465299636,0.03234157711267471,0.03234110027551651,1.0,-3.0,timeout
3914,3.599374771118164,-2.0304784774780273,-0.00024670842685736716,0.03300575539469719,0.03300575539469719,1.0,-3.0,timeout
3915,3.600051164627075,-2.029667615890503,-0.0002468996972311288,0.03299805521965027,0.03299805521965027,1.0,-3.0,timeout
3916,3.600065231323242,-2.0296518802642822,-0.0002519487461540848,0.000678186013828963,0.0006595762679353356,0.0,-3.0,timeout
3917,3.6000657081604004,-2.0296523571014404,-0.00025142106460407376,2.6758378226077184e-05,2.1073423340567388e-05,0.0,-3.0,timeout
3918,3.600733995437622,-2.0288619995117188,-0.00024581336765550077,0.03234494850039482,0.032344475388526917,1.0,-3.0,timeout
3919,3.6014177799224854,-2.028057336807251,-0.00024588481755927205,0.03299862891435623,0.03299862891435623,1.0,-3.0,timeout
3920,3.6021032333374023,-2.027254104614258,-0.0002462408447172493,0.03299840912222862,0.032998405396938324,1.0,-3.0,timeout
3921,3.602790117263794,-2.026451826095581,-0.00024654934532009065,0.033004797995090485,0.033004797995090485,1.0,3.0,timeout
3922,3.6034748554229736,-2.0256481170654297,-0.0002467869780957699,0.03299524262547493,0.03299523890018463,1.0,3.0,timeout
3923,3.603475332260132,-2.0256481170654297,-0.00025194502086378634,0.00016187613073270768,1.4901160284352954e-05,0.0,-3.0,timeout
3924,3.604146957397461,-2.0248606204986572,-0.0002464405552018434,0.03234430029988289,0.03234384208917618,1.0,-3.0,timeout
3925,3.6048336029052734,-2.0240583419799805,-0.00024640662013553083,0.032999951392412186,0.032999951392412186,1.0,3.0,timeout
3926,3.6055188179016113,-2.023254871368408,-0.0002466485893819481,0.03299923986196518,0.03299923986196518,1.0,-3.0,timeout
3927,3.6055328845977783,-2.0232391357421875,-0.0002517473476473242,0.0006785490550100803,0.0006595762679353356,0.0,-3.0,timeout
3928,3.606208324432373,-2.0224549770355225,-0.00024637446040287614,0.03234265744686127,0.03234222158789635,1.0,-3.0,timeout
3929,3.6068994998931885,-2.0216565132141113,-0.0002463481214363128,0.03300195187330246,0.03300195187330246,1.0,-3.0,timeout
3930,3.6069138050079346,-2.021641254425049,-0.00025149399880319834,0.0006731071043759584,0.0006536159780807793,0.0,-3.0,timeout
3931,3.6069142818450928,-2.021641731262207,-0.0002510567137505859,2.511624370526988e-05,2.1073423340567388e-05,0.0,-3.0,timeout
3932,3.607609987258911,-2.0208475589752197,-0.0002454363857395947,0.03299424424767494,0.032993778586387634,1.0,3.0,timeout
3933,3.607623338699341,-2.02083158493042,-0.0002505579323042184,0.0006699910154566169,0.0006505939527414739,0.0,3.0,timeout
3934,3.607623815536499,-2.020831823348999,-0.0002502860443200916,1.8701502995099872e-05,1.6660003893775865e-05,0.0,-3.0,timeout
3935,3.60762357711792,-2.02083158493042,-0.00024980015587061644,1.8481789084034972e-05,1.0536711670283694e-05,0.0,3.0,timeout
3936,3.6083016395568848,-2.020049810409546,-0.00024450267665088177,0.03233987092971802,0.03233944624662399,1.0,3.0,timeout
3937,3.608992338180542,-2.0192508697509766,-0.00024482436128892004,0.03300347179174423,0.03300347179174423,1.0,-3.0,timeout
3938,3.608992576599121,-2.0192506313323975,-0.0002503757714293897,0.00017380125063937157,1.0536711670283694e-05,0.0,0.0,timeout
3939,3.609671115875244,-2.0184690952301025,-0.00024517980637028813,0.032343991100788116,0.03234358876943588,1.0,-3.0,timeout
3940,3.6096715927124023,-2.0184690952301025,-0.000250372540904209,0.0001629556791158393,1.4901160284352954e-05,0.0,0.0,timeout
3941,3.6103515625,-2.017688751220703,-0.00024517401470802724,0.03234522417187691,0.03234481438994408,1.0,3.0,timeout
3942,3.611043691635132,-2.0168910026550293,-0.0002453771885484457,0.033004578202962875,0.03300457447767258,1.0,0.0,timeout
3943,3.611043930053711,-2.01689076423645,-0.00025081404601223767,0.00017022820247802883,1.0536711670283694e-05,0.0,0.0,timeout
3944,3.611722469329834,-2.0161092281341553,-0.0002455302746966481,0.03234400972723961,0.03234358876943588,1.0,-3.0,timeout
3945,3.6124167442321777,-2.0153136253356934,-0.0002456685760989785,0.03299801051616669,0.03299800679087639,1.0,-3.0,timeout
3946,3.612417221069336,-2.0153138637542725,-0.0002510516787879169,0.00016904489893931895,1.6660003893775865e-05,0.0,0.0,timeout
3947,3.6131129264831543,-2.014519691467285,-0.0002456301299389452,0.032994214445352554,0.032993778586387634,1.0,0.0,timeout
3948,3.613809108734131,-2.013725519180298,-0.0002458356902934611,0.03300359845161438,0.03300359845161438,1.0,-3.0,timeout
3949,3.614506483078003,-2.012932538986206,-0.0002462153497617692,0.03300018608570099,0.03300018608570099,1.0,3.0,timeout
3950,3.614506721496582,-2.012932538986206,-0.0002514932712074369,0.00016510323621332645,7.450580142176477e-06,0.0,0.0,timeout
3951,3.6151883602142334,-2.0121536254882812,-0.00024608519743196666,0.03234589099884033,0.032345447689294815,1.0,3.0,timeout
3952,3.615201711654663,-2.0121374130249023,-0.0002509954501874745,0.0006740266690030694,0.0006563279894180596,0.0,3.0,timeout
3953,3.615879535675049,-2.01135516166687,-0.0002457577211316675,0.03234624117612839,0.03234582394361496,1.0,3.0,timeout
3954,3.6165688037872314,-2.0105555057525635,-0.00024585300707258284,0.032991182059049606,0.032991182059049606,1.0,3.0,timeout
3955,3.6172564029693604,-2.009753942489624,-0.00024621590273454785,0.03300236910581589,0.03300236910581589,1.0,3.0,timeout
3956,3.617269277572632,-2.009737253189087,-0.0002514034858904779,0.0006783475400879979,0.0006586919771507382,0.0,3.0,timeout
3957,3.6179537773132324,-2.0089335441589355,-0.00024599317112006247,0.032990843057632446,0.032990407198667526,1.0,-3.0,timeout
3958,3.617967367172241,-2.008917808532715,-0.00025101506616920233,0.0006684240070171654,0.0006497401627711952,0.0,-3.0,timeout
3959,3.6186420917510986,-2.0081329345703125,-0.00024577739532105625,0.032345000654459,0.03234458342194557,1.0,-3.0,timeout
3960,3.619332790374756,-2.007333993911743,-0.00024586982908658683,0.03300347179174423,0.03300347179174423,1.0,-3.0,timeout
3961,3.619346857070923,-2.0073184967041016,-0.00025111151626333594,0.0006742404657416046,0.0006540404865518212,0.0,-3.0,timeout
3962,3.6200404167175293,-2.0065226554870605,-0.0002457797236274928,0.03298935294151306,0.032988931983709335,1.0,3.0,timeout
3963,3.6200408935546875,-2.0065226554870605,-0.000250932207563892,0.0001617031666683033,1.4901160284352954e-05,0.0,-3.0,timeout
3964,3.620734214782715,-2.0057265758514404,-0.0002455344656482339,0.03299009054899216,0.03298965469002724,1.0,3.0,timeout
3965,3.6214263439178467,-2.0049288272857666,-0.00024575271527282894,0.033004578202962875,0.03300457447767258,1.0,-3.0,timeout
3966,3.6221203804016113,-2.0041329860687256,-0.0002461387193761766,0.03299872577190399,0.03299872204661369,1.0,-3.0,timeout
3967,3.6221346855163574,-2.004117727279663,-0.0002513404469937086,0.0006735261995345354,0.0006536159780807793,0.0,-3.0,timeout
3968,3.6228184700012207,-2.003340721130371,-0.00024604887585155666,0.032345302402973175,0.03234487399458885,1.0,-3.0,timeout
3969,3.623518228530884,-2.002549886703491,-0.00024608781677670777,0.032999187707901,0.032999187707901,1.0,-3.0,timeout
3970,3.623518705368042,-2.002549648284912,-0.0002513912913855165,0.00016656883235555142,1.6660003893775865e-05,0.0,3.0,timeout
3971,3.624218225479126,-2.0017592906951904,-0.00024589349050074816,0.03298353776335716,0.03298309072852135,1.0,-3.0,timeout
3972,3.624919891357422,-2.0009701251983643,-0.0002460496034473181,0.03299972042441368,0.03299972042441368,1.0,-3.0,timeout
3973,3.6256232261657715,-2.0001823902130127,-0.0002463772543706,0.03300103917717934,0.03300103917717934,1.0,-3.0,timeout
3974,3.6263279914855957,-1.9993958473205566,-0.0002466586302034557,0.033003076910972595,0.0330030731856823,1.0,3.0,timeout
3975,3.627031087875366,-1.9986079931259155,-0.00024686523829586804,0.03299885615706444,0.03299885615706444,1.0,-3.0,timeout
3976,3.6277360916137695,-1.9978218078613281,-0.00024703977396711707,0.03299972414970398,0.03299972414970398,1.0,-3.0,timeout
3977,3.6284427642822266,-1.9970370531082153,-0.0002471798798069358,0.033001333475112915,0.033001333475112915,1.0,-3.0,timeout
3978,3.6291513442993164,-1.9962539672851562,-0.0002472920168656856,0.03300255909562111,0.03300255909562111,1.0,-3.0,timeout
3979,3.6298608779907227,-1.9954720735549927,-0.0002473906788509339,0.032994963228702545,0.032994963228702545,1.0,3.0,timeout
3980,3.6298749446868896,-1.995456576347351,-0.000252342812018469,0.0006720994715578854,0.0006540404865518212,0.0,3.0,timeout
3981,3.629875421524048,-1.9954566955566406,-0.0002517294487915933,2.4562559701735154e-05,1.5359764802269638e-05,0.0,0.0,timeout
3982,3.6305670738220215,-1.9946868419647217,-0.00024606575607322156,0.03234170377254486,0.03234121948480606,1.0,3.0,timeout
3983,3.6312711238861084,-1.9938998222351074,-0.00024607570958323777,0.03299926593899727,0.03299926593899727,1.0,-3.0,timeout
3984,3.6312713623046875,-1.9938994646072388,-0.0002513806975912303,0.00016632411279715598,1.3431724255497102e-05,0.0,3.0,timeout
3985,3.6319611072540283,-1.9931278228759766,-0.0002459897950757295,0.03234349191188812,0.032343052327632904,1.0,3.0,timeout
3986,3.6319613456726074,-1.9931275844573975,-0.0002510088961571455,0.00015720042574685067,1.0536711670283694e-05,0.0,0.0,timeout
3987,3.6326496601104736,-1.9923546314239502,-0.00024567166110500693,0.03234430029988289,0.032343871891498566,1.0,-3.0,timeout
3988,3.6326496601104736,-1.9923542737960815,-0.0002507695753592998,0.00015970133244991302,1.117586998589104e-05,0.0,3.0,timeout
3989,3.633352041244507,-1.9915663003921509,-0.00024538158322684467,0.032987188547849655,0.032986756414175034,1.0,-3.0,timeout
3990,3.634056568145752,-1.9907796382904053,-0.00024563923943787813,0.0330008789896965,0.033000875264406204,1.0,-3.0,timeout
3991,3.6347625255584717,-1.9899941682815552,-0.00024605344515293837,0.033003002405166626,0.033003002405166626,1.0,0.0,timeout
3992,3.6354687213897705,-1.9892090559005737,-0.00024638621835038066,0.0329996757209301,0.0329996719956398,1.0,-3.0,timeout
3993,3.636176109313965,-1.9884250164031982,-0.0002466663427185267,0.03299969807267189,0.03299969807267189,1.0,3.0,timeout
3994,3.6368823051452637,-1.9876397848129272,-0.00024687129189260304,0.03300244361162186,0.03300244361162186,1.0,-3.0,timeout
3995,3.637589454650879,-1.9868556261062622,-0.00024705412215553224,0.03299747407436371,0.03299747034907341,1.0,3.0,timeout
3996,3.637590169906616,-1.9868557453155518,-0.000252159166848287,0.00016113392484840006,2.2660055037704296e-05,0.0,-3.0,timeout
3997,3.6382968425750732,-1.9860715866088867,-0.00024652687716297805,0.032987963408231735,0.03298749402165413,1.0,3.0,timeout
3998,3.6390020847320557,-1.9852856397628784,-0.0002465569705236703,0.032999154180288315,0.032999154180288315,1.0,3.0,timeout
3999,3.6390023231506348,-1.9852854013442993,-0.00025175019982270896,0.00016263010911643505,1.0536711670283694e-05,0.0,-3.0,timeout
4000,3.6390020847320557,-1.9852851629257202,-0.0002511741768103093,2.085780943161808e-05,1.0536711670283694e-05,0.0,0.0,timeout
4001,3.6390020847320557,-1.9852852821350098,-0.0002504927688278258,2.1617403035634197e-05,3.7252900710882386e-06,0.0,-3.0,timeout
4002,3.6390023231506348,-1.9852854013442993,-0.00024994087289087474,1.9153047105646692e-05,8.330001946887933e-06,0.0,-3.0,timeout
4003,3.6390020847320557,-1.9852852821350098,-0.0002495043445378542,1.5983732737367973e-05,8.330001946887933e-06,0.0,0.0,timeout
4004,3.6390023231506348,-1.9852854013442993,-0.00024914604728110135,1.3955536815046798e-05,8.330001946887933e-06,0.0,-3.0,timeout
4005,3.6390018463134766,-1.9852851629257202,-0.0002488739264663309,1.870480991783552e-05,1.6660003893775865e-05,0.0,3.0,timeout
4006,3.6396965980529785,-1.9845178127288818,-0.00024376099463552237,0.0323483906686306,0.03234799578785896,1.0,3.0,timeout
4007,3.6404037475585938,-1.9837335348129272,-0.00024423113791272044,0.033000241965055466,0.03300023823976517,1.0,-3.0,timeout
4008,3.641112804412842,-1.9829509258270264,-0.00024491717340424657,0.03300151973962784,0.03300151601433754,1.0,-3.0,timeout
4009,3.6418232917785645,-1.9821697473526,-0.00024548606597818434,0.0329984687268734,0.0329984612762928,1.0,0.0,timeout
4010,3.6425342559814453,-1.9813889265060425,-0.0002459328097756952,0.03300022706389427,0.03300022333860397,1.0,-3.0,timeout
4011,3.6432464122772217,-1.9806091785430908,-0.000246303912717849,0.033000554889440536,0.033000554889440536,1.0,3.0,timeout
4012,3.643246650695801,-1.9806089401245117,-0.0002515646629035473,0.00016473574214614928,1.0536711670283694e-05,0.0,0.0,timeout
4013,3.6439433097839355,-1.9798436164855957,-0.00024613135610707104,0.0323416143655777,0.03234116733074188,1.0,-3.0,timeout
4014,3.644656181335449,-1.9790644645690918,-0.0002461494877934456,0.033001888543367386,0.033001888543367386,1.0,-3.0,timeout
4015,3.6453707218170166,-1.9782869815826416,-0.0002464527788106352,0.032998695969581604,0.032998695969581604,1.0,-3.0,timeout
4016,3.645371198654175,-1.9782867431640625,-0.00025169699802063406,0.0001647264725761488,1.6660003893775865e-05,0.0,3.0,timeout
4017,3.646085262298584,-1.9775092601776123,-0.0002461420954205096,0.03298906981945038,0.03298861160874367,1.0,0.0,timeout
4018,3.6467998027801514,-1.9767316579818726,-0.0002462450065650046,0.03300143778324127,0.03300143778324127,1.0,-3.0,timeout
4019,3.6475155353546143,-1.9759552478790283,-0.00024654262233525515,0.03299925476312637,0.03299925476312637,1.0,3.0,timeout
4020,3.6482300758361816,-1.9751776456832886,-0.00024677178589627147,0.03300143778324127,0.03300143778324127,1.0,-3.0,timeout
4021,3.6489462852478027,-1.974401593208313,-0.0002469648024998605,0.033001143485307693,0.033001139760017395,1.0,-3.0,timeout
4022,3.6496636867523193,-1.973626732826233,-0.0002471292100381106,0.03299907594919205,0.03299907594919205,1.0,3.0,timeout
4023,3.6503796577453613,-1.9728506803512573,-0.00024724146351218224,0.03299609199166298,0.03299609199166298,1.0,-3.0,timeout
4024,3.6503798961639404,-1.9728503227233887,-0.00025232796906493604,0.00015951978275552392,1.3431724255497102e-05,0.0,3.0,timeout
4025,3.6510813236236572,-1.9720892906188965,-0.00024674824089743197,0.03234339505434036,0.03234292194247246,1.0,3.0,timeout
4026,3.6510818004608154,-1.9720892906188965,-0.0002516100066713989,0.00015265918045770377,1.4901160284352954e-05,0.0,-3.0,timeout
4027,3.6510818004608154,-1.9720892906188965,-0.0002510477206669748,1.7571437638252974e-05,0.0,0.0,0.0,timeout
4028,3.6510820388793945,-1.9720895290374756,-0.0002503911091480404,2.3066342691890895e-05,1.0536711670283694e-05,0.0,-3.0,timeout
4029,3.651785135269165,-1.9713300466537476,-0.00024497375125065446,0.03234317898750305,0.03234273940324783,1.0,-3.0,timeout
4030,3.6525039672851562,-1.9705564975738525,-0.00024522229796275496,0.0329994298517704,0.0329994298517704,1.0,3.0,timeout
4031,3.6525044441223145,-1.9705564975738525,-0.00025067938258871436,0.0001711836812319234,1.4901160284352954e-05,0.0,-3.0,timeout
4032,3.6525046825408936,-1.9705567359924316,-0.00025031252880580723,1.5570796676911414e-05,1.0536711670283694e-05,0.0,-3.0,timeout
4033,3.6532113552093506,-1.9698004722595215,-0.00024492188822478056,0.03234563767910004,0.03234519809484482,1.0,-3.0,timeout
4034,3.653933525085449,-1.9690301418304443,-0.00024518140708096325,0.03299707546830177,0.03299707546830177,1.0,3.0,timeout
4035,3.6546542644500732,-1.9682581424713135,-0.00024567812215536833,0.03300462290644646,0.03300461918115616,1.0,3.0,timeout
4036,3.6553733348846436,-1.967484951019287,-0.0002460794639773667,0.032996319234371185,0.03299631550908089,1.0,-3.0,timeout
4037,3.6553735733032227,-1.967484712600708,-0.0002513944637030363,0.00016642762057017535,1.0536711670283694e-05,0.0,0.0,timeout
4038,3.656080484390259,-1.966728687286377,-0.0002459955867379904,0.03234528377652168,0.032344844192266464,1.0,-3.0,timeout
4039,3.6568031311035156,-1.965958595275879,-0.0002460508840158582,0.03300183266401291,0.03300183266401291,1.0,3.0,timeout
4040,3.657524347305298,-1.9651873111724854,-0.0002463640703354031,0.0329984612762928,0.0329984612762928,1.0,-3.0,timeout
4041,3.6582467555999756,-1.9644170999526978,-0.0002466479199938476,0.03299945220351219,0.03299945220351219,1.0,3.0,timeout
4042,3.658247232437134,-1.9644170999526978,-0.00025183436810038984,0.00016276005771942437,1.4901160284352954e-05,0.0,-3.0,timeout
4043,3.658247470855713,-1.9644173383712769,-0.00025123695377260447,2.1437379473354667e-05,1.0536711670283694e-05,0.0,-3.0,timeout
4044,3.6589574813842773,-1.9636644124984741,-0.000245661532972008,0.03234100714325905,0.03234053775668144,1.0,-3.0,timeout
4045,3.6589577198028564,-1.9636640548706055,-0.0002507515891920775,0.00015963033365551382,1.3431724255497102e-05,0.0,3.0,timeout
4046,3.659682273864746,-1.962896466255188,-0.00024536644923500717,0.032986145466566086,0.032985713332891464,1.0,-3.0,timeout
4047,3.6604084968566895,-1.9621297121047974,-0.0002456370275467634,0.03300260007381439,0.03300260007381439,1.0,3.0,timeout
4048,3.661133289337158,-1.9613617658615112,-0.00024603717611171305,0.032998956739902496,0.0329989530146122,1.0,-3.0,timeout
4049,3.6618597507476807,-1.9605953693389893,-0.0002463767013978213,0.032999612390995026,0.032999612390995026,1.0,-3.0,timeout
4050,3.6618599891662598,-1.9605951309204102,-0.00025163707323372364,0.0001647239550948143,1.0536711670283694e-05,0.0,3.0,timeout
4051,3.6618599891662598,-1.9605952501296997,-0.0002510798803996295,1.7806321920943446e-05,3.7252900710882386e-06,0.0,3.0,timeout
4052,3.6625847816467285,-1.9598277807235718,-0.0002454316709190607,0.032988592982292175,0.03298811987042427,1.0,-3.0,timeout
4053,3.663311004638672,-1.9590610265731812,-0.0002456788788549602,0.03300260007381439,0.03300260007381439,1.0,3.0,timeout
4054,3.663325071334839,-1.959045648574829,-0.0002509633486624807,0.0006718970835208893,0.0006512868567369878,0.0,3.0,timeout
4055,3.6640477180480957,-1.9582759141921997,-0.00024564468185417354,0.0329941026866436,0.032993681728839874,1.0,0.0,timeout
4056,3.664047956466675,-1.9582756757736206,-0.0002508348261471838,0.00016253390640486032,1.0536711670283694e-05,0.0,0.0,timeout
4057,3.6647567749023438,-1.9575213193893433,-0.00024553711409680545,0.03234797716140747,0.032347552478313446,1.0,-3.0,timeout
4058,3.664771556854248,-1.957506537437439,-0.0002505562442820519,0.000671841436997056,0.0006532761617563665,0.0,-3.0,timeout
4059,3.6654977798461914,-1.9567402601242065,-0.0002453159249853343,0.03299218788743019,0.03299178183078766,1.0,0.0,timeout
4060,3.666224479675293,-1.9559741020202637,-0.00024558790028095245,0.03299933299422264,0.03299932926893234,1.0,-3.0,timeout
4061,3.6669530868530273,-1.955209493637085,-0.0002460076939314604,0.033005304634571075,0.03300530090928078,1.0,-3.0,timeout
4062,3.667682647705078,-1.9544461965560913,-0.00024636328453198075,0.03299623355269432,0.03299623355269432,1.0,3.0,timeout
4063,3.667696952819824,-1.9544309377670288,-0.0002515217347536236,0.0006732011097483337,0.0006536159780807793,0.0,3.0,timeout
4064,3.6684231758117676,-1.9536648988723755,-0.0002460880496073514,0.03298681229352951,0.03298637270927429,1.0,-3.0,timeout
4065,3.669151544570923,-1.9529001712799072,-0.00024620917974971235,0.033002857118844986,0.033002857118844986,1.0,-3.0,timeout
4066,3.669151782989502,-1.9528999328613281,-0.0002514924854040146,0.00016543918172828853,1.0536711670283694e-05,0.0,3.0,timeout
4067,3.6691524982452393,-1.9529005289077759,-0.0002509545593056828,3.3602493203943595e-05,2.909544673457276e-05,0.0,-3.0,timeout
4068,3.669867753982544,-1.9521524906158447,-0.00024543548352085054,0.03234310820698738,0.03234264999628067,1.0,-3.0,timeout
4069,3.6698830127716064,-1.9521379470825195,-0.0002504649746697396,0.000677224830724299,0.0006587341194972396,0.0,-3.0,timeout
4070,3.6706156730651855,-1.9513781070709229,-0.0002452479093335569,0.03298577666282654,0.032985374331474304,1.0,3.0,timeout
4071,3.67134690284729,-1.9506162405014038,-0.0002455372014082968,0.033000025898218155,0.033000022172927856,1.0,3.0,timeout
4072,3.6713473796844482,-1.9506161212921143,-0.00025093535077758133,0.00016938998305704445,1.5359764802269638e-05,0.0,-3.0,timeout
4073,3.6720781326293945,-1.9498542547225952,-0.0002455473586451262,0.03299013525247574,0.032989706844091415,1.0,3.0,timeout
4074,3.6728079319000244,-1.9490910768508911,-0.00024576327996328473,0.03299868851900101,0.03299868851900101,1.0,-3.0,timeout
4075,3.673524856567383,-1.9483449459075928,-0.00024211029813159257,0.032335907220840454,0.03233570605516434,1.0,-3.0,timeout
4076,3.674258232116699,-1.947585105895996,-0.0002429270389256999,0.03300090506672859,0.0330008938908577,1.0,0.0,timeout
4077,3.6749911308288574,-1.9468250274658203,-0.00024388055317103863,0.03299592435359955,0.032995909452438354,1.0,3.0,timeout
4078,3.675723075866699,-1.9460636377334595,-0.0002446423168294132,0.0330047681927681,0.0330047607421875,1.0,-3.0,timeout
4079,3.6764559745788574,-1.9453035593032837,-0.0002452717744745314,0.03299591690301895,0.032995909452438354,1.0,3.0,timeout
4080,3.67718768119812,-1.9445421695709229,-0.0002457558293826878,0.03299960121512413,0.03299959748983383,1.0,-3.0,timeout
4081,3.6779208183288574,-1.943782091140747,-0.00024616229347884655,0.03300108760595322,0.03300108388066292,1.0,3.0,timeout
4082,3.67865252494812,-1.9430207014083862,-0.00024646794190630317,0.03299959748983383,0.03299959748983383,1.0,-3.0,timeout
4083,3.6793861389160156,-1.9422610998153687,-0.00024672155268490314,0.03300071135163307,0.03300070762634277,1.0,-3.0,timeout
4084,3.679401159286499,-1.9422465562820435,-0.00025180698139593005,0.0006724107079207897,0.0006533610867336392,0.0,-3.0,timeout
4085,3.6801235675811768,-1.9415053129196167,-0.0002464221615809947,0.03234555199742317,0.032345112413167953,1.0,-3.0,timeout
4086,3.6801388263702393,-1.941490888595581,-0.0002512686187401414,0.0006734211347065866,0.0006561694317497313,0.0,-3.0,timeout
4087,3.6801390647888184,-1.9414911270141602,-0.0002508671605028212,1.6383333786507137e-05,1.0536711670283694e-05,0.0,0.0,timeout
4088,3.6808650493621826,-1.94075345993042,-0.00024536516866646707,0.032343924045562744,0.03234346583485603,1.0,-3.0,timeout
4089,3.681607723236084,-1.9400025606155396,-0.00024552622926421463,0.033004116266965866,0.033004116266965866,1.0,-3.0,timeout
4090,3.6816232204437256,-1.939988374710083,-0.00025083631044253707,0.0006771956686861813,0.0006565500516444445,0.0,-3.0,timeout
4091,3.682354211807251,-1.9392558336257935,-0.00024564508930779994,0.03234022483229637,0.03233981877565384,1.0,-3.0,timeout
4092,3.6823697090148926,-1.939241647720337,-0.0002506475429981947,0.0006749043823219836,0.0006565500516444445,0.0,-3.0,timeout
4093,3.682370185852051,-1.9392420053482056,-0.0002503705327399075,2.0539737306535244e-05,1.862645149230957e-05,0.0,0.0,timeout
4094,3.682370662689209,-1.9392426013946533,-0.0002498540561646223,2.8800788641092367e-05,2.3853495804360136e-05,0.0,-3.0,timeout
4095,3.6831068992614746,-1.9385149478912354,-0.0002445446152705699,0.03234868869185448,0.032348260283470154,1.0,-3.0,timeout
4096,3.683107376098633,-1.938515067100525,-0.0002498535322956741,0.00016661315748933703,1.5359764802269638e-05,0.0,0.0,timeout
4097,3.683844566345215,-1.937788724899292,-0.00024475803365930915,0.03234108164906502,0.03234069049358368,1.0,3.0,timeout
4098,3.683845281600952,-1.9377888441085815,-0.0002500185801181942,0.0001659464614931494,2.2660055037704296e-05,0.0,-3.0,timeout
4099,3.6838455200195312,-1.9377890825271606,-0.0002497700625099242,1.3089528692944441e-05,1.0536711670283694e-05,0.0,-3.0,timeout
4100,3.684584379196167,-1.9370644092559814,-0.00024448722251690924,0.032341741025447845,0.03234132006764412,1.0,-3.0,timeout
4101,3.6845998764038086,-1.937050223350525,-0.0002497066743671894,0.0006765072466805577,0.0006565500516444445,0.0,-3.0,timeout
4102,3.685357093811035,-1.9363144636154175,-0.00024463573936372995,0.03299423307180405,0.032993849366903305,1.0,0.0,timeout
4103,3.68611478805542,-1.93557870388031,-0.0002450439496897161,0.03300454095005989,0.03300453722476959,1.0,-3.0,timeout
4104,3.6868739128112793,-1.934844732284546,-0.00024557270808145404,0.03299776092171669,0.03299775719642639,1.0,-3.0,timeout
4105,3.6868896484375,-1.934830904006958,-0.0002508882025722414,0.0006753801717422903,0.0006546343211084604,0.0,-3.0,timeout
4106,3.686890125274658,-1.9348313808441162,-0.00025057289167307317,2.3263273760676384e-05,2.1073423340567388e-05,0.0,-3.0,timeout
4107,3.6876535415649414,-1.934102177619934,-0.0002450495958328247,0.03299165517091751,0.0329912044107914,1.0,3.0,timeout
4108,3.6876683235168457,-1.9340875148773193,-0.00025024855858646333,0.0006706247804686427,0.0006506472709588706,0.0,3.0,timeout
4109,3.688413381576538,-1.9333690404891968,-0.00024516345001757145,0.03234552592039108,0.03234513849020004,1.0,3.0,timeout
4110,3.6891720294952393,-1.9326344728469849,-0.00024536761338822544,0.033000003546476364,0.033000003546476364,1.0,-3.0,timeout
4111,3.689932346343994,-1.931901454925537,-0.00024583187769167125,0.03300386294722557,0.03300386294722557,1.0,0.0,timeout
4112,3.690692663192749,-1.9311686754226685,-0.0002462084812577814,0.032998692244291306,0.03299868851900101,1.0,-3.0,timeout
4113,3.6914548873901367,-1.930437684059143,-0.00024651442072354257,0.033002931624650955,0.03300292789936066,1.0,-3.0,timeout
4114,3.692218780517578,-1.929708480834961,-0.00024675947497598827,0.033001985400915146,0.03300198167562485,1.0,-3.0,timeout
4115,3.692234516143799,-1.9296947717666626,-0.0002518374822102487,0.0006712093600071967,0.0006521811592392623,0.0,-3.0,timeout
4116,3.6930007934570312,-1.9289687871932983,-0.00024636153830215335,0.03298710286617279,0.032986655831336975,1.0,3.0,timeout
4117,3.6937661170959473,-1.92824125289917,-0.0002464188146404922,0.032998375594615936,0.032998375594615936,1.0,-3.0,timeout
4118,3.694532871246338,-1.927514910697937,-0.00024668173864483833,0.033005159348249435,0.033005159348249435,1.0,3.0,timeout
4119,3.695298194885254,-1.926787257194519,-0.0002468829043209553,0.033000946044921875,0.033000946044921875,1.0,-3.0,timeout
4120,3.6960651874542236,-1.9260613918304443,-0.0002470535400789231,0.03300032764673233,0.03300032764673233,1.0,-3.0,timeout
4121,3.6968331336975098,-1.9253368377685547,-0.00024720028159208596,0.03299384191632271,0.03299384191632271,1.0,3.0,timeout
4122,3.6975998878479004,-1.9246104955673218,-0.00024730293080210686,0.033005159348249435,0.033005159348249435,1.0,0.0,timeout
4123,3.698366641998291,-1.9238842725753784,-0.0002473901549819857,0.03300260007381439,0.03300260007381439,1.0,0.0,timeout
4124,3.6991336345672607,-1.9231582880020142,-0.00024745523114688694,0.033002886921167374,0.033002886921167374,1.0,-3.0,timeout
4125,3.69913387298584,-1.9231582880020142,-0.000252494472078979,0.00015765242278575897,7.450580142176477e-06,0.0,0.0,timeout
4126,3.699887275695801,-1.9224485158920288,-0.0002468759776093066,0.03234674781560898,0.03234626725316048,1.0,-3.0,timeout
4127,3.700657606124878,-1.9217263460159302,-0.00024674503947608173,0.03299707546830177,0.03299707546830177,1.0,-3.0,timeout
4128,3.7006735801696777,-1.9217126369476318,-0.000251811055932194,0.0006765990401618183,0.000657816999591887,0.0,-3.0,timeout
4129,3.7014317512512207,-1.9210082292556763,-0.00024642495554871857,0.032340992242097855,0.032340556383132935,1.0,-3.0,timeout
4130,3.702207088470459,-1.9202914237976074,-0.0002463886921759695,0.032997362315654755,0.032997362315654755,1.0,-3.0,timeout
4131,3.702983856201172,-1.919575810432434,-0.0002466537116561085,0.03300495073199272,0.03300495073199272,1.0,3.0,timeout
4132,3.70375919342041,-1.9188588857650757,-0.0002468605525791645,0.03299989178776741,0.03299988806247711,1.0,-3.0,timeout
4133,3.704535484313965,-1.9181431531906128,-0.0002470454201102257,0.032996516674757004,0.032996516674757004,1.0,3.0,timeout
4134,3.705310106277466,-1.917425513267517,-0.00024718395434319973,0.032998669892549515,0.032998669892549515,1.0,3.0,timeout
4135,3.7060837745666504,-1.9167065620422363,-0.00024728456628508866,0.03300469368696213,0.03300469368696213,1.0,-3.0,timeout
4136,3.7068588733673096,-1.9159893989562988,-0.00024737464264035225,0.03299948200583458,0.03299948200583458,1.0,-3.0,timeout
4137,3.7076356410980225,-1.9152740240097046,-0.0002474473149050027,0.03299989923834801,0.03299989923834801,1.0,-3.0,timeout
4138,3.7076516151428223,-1.9152605533599854,-0.00025238722446374595,0.0006709886365570128,0.000652989256195724,0.0,-3.0,timeout
4139,3.708416223526001,-1.9145629405975342,-0.0002468867169227451,0.032345179468393326,0.032344721257686615,1.0,-3.0,timeout
4140,3.7084169387817383,-1.9145630598068237,-0.0002517411776352674,0.00015338494267780334,2.2660055037704296e-05,0.0,0.0,timeout
4141,3.7091825008392334,-1.9138667583465576,-0.0002462690754327923,0.032339610159397125,0.03233915567398071,1.0,3.0,timeout
4142,3.7099618911743164,-1.9131542444229126,-0.0002462577831465751,0.03299984335899353,0.03299983963370323,1.0,3.0,timeout
4143,3.709977149963379,-1.913139820098877,-0.00025142234517261386,0.0006757262162864208,0.0006561694317497313,0.0,3.0,timeout
4144,3.7099769115448,-1.9131394624710083,-0.00025099783670157194,1.8878428818425164e-05,1.3431724255497102e-05,0.0,3.0,timeout
4145,3.710751533508301,-1.9124226570129395,-0.00024537014542147517,0.032981421798467636,0.03298095241189003,1.0,-3.0,timeout
4146,3.710751533508301,-1.9124222993850708,-0.00025060854386538267,0.00016408099327236414,1.117586998589104e-05,0.0,3.0,timeout
4147,3.71075177192688,-1.9124226570129395,-0.00025023636408150196,1.7767455574357882e-05,1.3431724255497102e-05,0.0,-3.0,timeout
4148,3.7115275859832764,-1.911706805229187,-0.0002447754959575832,0.0329885296523571,0.032988086342811584,1.0,3.0,timeout
4149,3.7115280628204346,-1.9117066860198975,-0.0002501137787476182,0.00016752695955801755,1.5359764802269638e-05,0.0,-3.0,timeout
4150,3.712303876876831,-1.9109907150268555,-0.00024487957125529647,0.03299102187156677,0.03299061208963394,1.0,3.0,timeout
4151,3.713078260421753,-1.9102727174758911,-0.0002452389744576067,0.03300080448389053,0.03300080448389053,1.0,3.0,timeout
4152,3.713850975036621,-1.909553050994873,-0.00024572876282036304,0.03299810364842415,0.03299809992313385,1.0,3.0,timeout
4153,3.713850975036621,-1.9095525741577148,-0.0002510980411898345,0.00016845032223500311,1.4901160284352954e-05,0.0,-3.0,timeout
4154,3.714608907699585,-1.908847689628601,-0.0002457621740177274,0.03234567493200302,0.0323452427983284,1.0,-3.0,timeout
4155,3.715384006500244,-1.9081305265426636,-0.00024585373466834426,0.03299948200583458,0.03299948200583458,1.0,-3.0,timeout
4156,3.716160774230957,-1.9074151515960693,-0.0002462159318383783,0.032999902963638306,0.03299989923834801,1.0,-3.0,timeout
4157,3.7169392108917236,-1.906701683998108,-0.0002465199213474989,0.0329979844391346,0.0329979807138443,1.0,-3.0,timeout
4158,3.7177188396453857,-1.905989408493042,-0.0002467735030222684,0.033000316470861435,0.033000316470861435,1.0,3.0,timeout
4159,3.7184972763061523,-1.905275821685791,-0.00024695697356946766,0.03300049528479576,0.03300049528479576,1.0,-3.0,timeout
4160,3.7184975147247314,-1.905275583267212,-0.00025210072635672987,0.00016108724230434746,1.0536711670283694e-05,0.0,3.0,timeout
4161,3.719275712966919,-1.9045623540878296,-0.0002464610734023154,0.03298792243003845,0.032987456768751144,1.0,-3.0,timeout
4162,3.719291925430298,-1.9045487642288208,-0.00025138596538454294,0.0006787675083614886,0.0006610894342884421,0.0,-3.0,timeout
4163,3.720057964324951,-1.903852939605713,-0.00024607463274151087,0.03234058991074562,0.032340165227651596,1.0,-3.0,timeout
4164,3.720841646194458,-1.9031449556350708,-0.0002461079857312143,0.03300388529896736,0.03300388529896736,1.0,-3.0,timeout
4165,3.7216267585754395,-1.902438759803772,-0.0002464200370013714,0.0329996757209301,0.0329996719956398,1.0,-3.0,timeout
4166,3.7224135398864746,-1.9017342329025269,-0.000246683630393818,0.03300365433096886,0.03300365060567856,1.0,-3.0,timeout
4167,3.723201274871826,-1.9010310173034668,-0.00024690412101335824,0.03299855813384056,0.03299855813384056,1.0,3.0,timeout
4168,3.723987340927124,-1.900325894355774,-0.00024707065313123167,0.032999437302351,0.032999437302351,1.0,3.0,timeout
4169,3.724771499633789,-1.8996187448501587,-0.00024720371584407985,0.03299747407436371,0.03299747034907341,1.0,3.0,timeout
4170,3.7255542278289795,-1.8989098072052002,-0.0002473103813827038,0.033001773059368134,0.033001773059368134,1.0,3.0,timeout
4171,3.7263357639312744,-1.8981995582580566,-0.00024738546926528215,0.033001720905303955,0.03300171718001366,1.0,-3.0,timeout
4172,3.727118730545044,-1.897491216659546,-0.0002474551438353956,0.03299479931592941,0.032994795590639114,1.0,-3.0,timeout
4173,3.727903127670288,-1.8967840671539307,-0.0002475215878803283,0.033003006130456924,0.033003006130456924,1.0,3.0,timeout
4174,3.7286858558654785,-1.8960752487182617,-0.0002475650398992002,0.032999273389577866,0.032999273389577866,1.0,3.0,timeout
4175,3.728700876235962,-1.8960607051849365,-0.00025248239398933947,0.0006711887544952333,0.0006533610867336392,0.0,3.0,timeout
4176,3.728701114654541,-1.896060824394226,-0.0002518363471608609,2.1839943656232208e-05,8.330001946887933e-06,0.0,-3.0,timeout
4177,3.7294669151306152,-1.89536452293396,-0.00024614454014226794,0.032345157116651535,0.032344672828912735,1.0,-3.0,timeout
4178,3.729482650756836,-1.8953508138656616,-0.00025103159714490175,0.0006698237848468125,0.0006521811592392623,0.0,-3.0,timeout
4179,3.730266809463501,-1.8946441411972046,-0.0002457016671542078,0.032987914979457855,0.03298749402165413,1.0,3.0,timeout
4180,3.7310495376586914,-1.8939353227615356,-0.00024590009707026184,0.032999273389577866,0.032999273389577866,1.0,3.0,timeout
4181,3.7310500144958496,-1.8939350843429565,-0.0002512250794097781,0.00016723758017178625,1.6660003893775865e-05,0.0,-3.0,timeout
4182,3.7318174839019775,-1.8932408094406128,-0.00024586362997069955,0.03234118968248367,0.03234075754880905,1.0,-3.0,timeout
4183,3.732602596282959,-1.8925344944000244,-0.0002459350216668099,0.03300216421484947,0.03300216421484947,1.0,-3.0,timeout
4184,3.732602596282959,-1.8925341367721558,-0.0002512694336473942,0.00016707456961739808,1.117586998589104e-05,0.0,3.0,timeout
4185,3.7333877086639404,-1.8918282985687256,-0.00024579514865763485,0.0329926423728466,0.032992199063301086,1.0,-3.0,timeout
4186,3.7341744899749756,-1.89112389087677,-0.0002459711686242372,0.033001165837049484,0.033001165837049484,1.0,-3.0,timeout
4187,3.734174966812134,-1.8911241292953491,-0.00025129763525910676,0.00016728373884689063,1.6660003893775865e-05,0.0,0.0,timeout
4188,3.7349472045898438,-1.8904348611831665,-0.00024592832778580487,0.032347455620765686,0.032347019761800766,1.0,3.0,timeout
4189,3.7357332706451416,-1.8897298574447632,-0.0002459810930304229,0.032996952533721924,0.032996952533721924,1.0,0.0,timeout
4190,3.7365198135375977,-1.889025092124939,-0.00024631325504742563,0.033003076910972595,0.0330030731856823,1.0,-3.0,timeout
4191,3.7373077869415283,-1.888322114944458,-0.00024659751215949655,0.032999154180288315,0.032999154180288315,1.0,-3.0,timeout
4192,3.7380974292755127,-1.8876210451126099,-0.000246825919020921,0.03299848735332489,0.03299848735332489,1.0,-3.0,timeout
4193,3.738888740539551,-1.886921763420105,-0.0002470088074915111,0.03300048038363457,0.03300048038363457,1.0,-3.0,timeout
4194,3.7396812438964844,-1.8862236738204956,-0.000247164280153811,0.03300376608967781,0.03300376608967781,1.0,3.0,timeout
4195,3.739696741104126,-1.8862098455429077,-0.00025216187350451946,0.0006675811600871384,0.0006490563391707838,0.0,3.0,timeout
4196,3.739697217941284,-1.886210322380066,-0.00025158029166050255,2.782802766887471e-05,2.1073423340567388e-05,0.0,-3.0,timeout
4197,3.7404723167419434,-1.8855243921279907,-0.00024594011483713984,0.032345034182071686,0.032344553619623184,1.0,-3.0,timeout
4198,3.741264820098877,-1.884826421737671,-0.00024599075550213456,0.03300130367279053,0.03300130367279053,1.0,0.0,timeout
4199,3.741265296936035,-1.884826421737671,-0.00025130450376309454,0.00016672186029609293,1.4901160284352954e-05,0.0,0.0,timeout
4200,3.7420573234558105,-1.884128451347351,-0.0002458321978338063,0.03299056366086006,0.032990120351314545,1.0,0.0,timeout
4201,3.742849826812744,-1.8834306001663208,-0.0002459972456563264,0.032998841255903244,0.032998841255903244,1.0,-3.0,timeout
4202,3.7436435222625732,-1.882733941078186,-0.0002463445707689971,0.03300222381949425,0.03300222009420395,1.0,3.0,timeout
4203,3.7444355487823486,-1.882035493850708,-0.0002466229780111462,0.032999977469444275,0.032999977469444275,1.0,3.0,timeout
4204,3.7452263832092285,-1.881335735321045,-0.0002468358725309372,0.032999187707901,0.032999187707901,1.0,-3.0,timeout
4205,3.746018409729004,-1.8806371688842773,-0.0002470259787514806,0.03300243988633156,0.03300243988633156,1.0,3.0,timeout
4206,3.746018886566162,-1.8806371688842773,-0.00025213626213371754,0.00016039004549384117,1.4901160284352954e-05,0.0,-3.0,timeout
4207,3.746018886566162,-1.880637288093567,-0.0002514786319807172,2.0885856429231353e-05,3.7252900710882386e-06,0.0,-3.0,timeout
4208,3.746811866760254,-1.8799406290054321,-0.0002457707014400512,0.03298591077327728,0.03298543021082878,1.0,3.0,timeout
4209,3.747603416442871,-1.8792418241500854,-0.0002459411625750363,0.032996196299791336,0.032996196299791336,1.0,3.0,timeout
4210,3.7483937740325928,-1.8785412311553955,-0.00024628971004858613,0.03300531953573227,0.03300531953573227,1.0,3.0,timeout
4211,3.7491822242736816,-1.8778388500213623,-0.000246579380473122,0.03299788385629654,0.03299788013100624,1.0,3.0,timeout
4212,3.749969244003296,-1.8771346807479858,-0.0002468117163516581,0.03300175070762634,0.03300175070762634,1.0,3.0,timeout
4213,3.7507545948028564,-1.8764287233352661,-0.00024699760251678526,0.03300023078918457,0.03300023078918457,1.0,3.0,timeout
4214,3.7515387535095215,-1.8757213354110718,-0.0002471405023243278,0.03300246223807335,0.03300246223807335,1.0,0.0,timeout
4215,3.751554012298584,-1.8757071495056152,-0.00025213658227585256,0.0006695317570120096,0.0006510737584903836,0.0,-3.0,timeout
4216,3.751554012298584,-1.8757070302963257,-0.00025156978517770767,1.809992318158038e-05,3.7252900710882386e-06,0.0,-3.0,timeout
4217,3.752326011657715,-1.875017762184143,-0.00024593144189566374,0.03234194219112396,0.03234146162867546,1.0,-3.0,timeout
4218,3.753115653991699,-1.8743165731430054,-0.0002459785609971732,0.03300096094608307,0.03300096094608307,1.0,-3.0,timeout
4219,3.7539069652557373,-1.8736172914505005,-0.00024631526321172714,0.03300048038363457,0.03300048038363457,1.0,-3.0,timeout
4220,3.75469970703125,-1.8729197978973389,-0.0002465993748046458,0.03299705311655998,0.03299705311655998,1.0,-3.0,timeout
4221,3.7554938793182373,-1.8722237348556519,-0.00024683697847649455,0.033001143485307693,0.033001139760017395,1.0,3.0,timeout
4222,3.756286144256592,-1.8715256452560425,-0.00024701724760234356,0.03299817442893982,0.03299817442893982,1.0,3.0,timeout
4223,3.75707745552063,-1.870826244354248,-0.0002471512707415968,0.03300294652581215,0.03300294652581215,1.0,-3.0,timeout
4224,3.7578701972961426,-1.8701286315917969,-0.0002472680644132197,0.03299951180815697,0.03299951180815697,1.0,-3.0,timeout
4225,3.758664131164551,-1.8694323301315308,-0.00024737187777645886,0.03300045430660248,0.03300045430660248,1.0,3.0,timeout
4226,3.7594563961029053,-1.8687342405319214,-0.0002474451612215489,0.03299817442893982,0.03299817442893982,1.0,3.0,timeout
4227,3.7602477073669434,-1.8680347204208374,-0.0002474933862686157,0.03300541266798973,0.03300541266798973,1.0,-3.0,timeout
4228,3.761039972305298,-1.867336630821228,-0.0002475518558640033,0.03299817442893982,0.03299817442893982,1.0,3.0,timeout
4229,3.7618305683135986,-1.8666366338729858,-0.0002475893124938011,0.03299854323267937,0.03299854323267937,1.0,3.0,timeout
4230,3.7618308067321777,-1.8666363954544067,-0.0002525860327295959,0.00015650260320398957,1.0536711670283694e-05,0.0,-3.0,timeout
4231,3.7626209259033203,-1.865936517715454,-0.0002468692837283015,0.03298540413379669,0.03298491984605789,1.0,3.0,timeout
4232,3.7634098529815674,-1.865234613418579,-0.00024683066294528544,0.032999102026224136,0.032999102026224136,1.0,3.0,timeout
4233,3.764197826385498,-1.864531397819519,-0.00024699082132428885,0.033004116266965866,0.033004116266965866,1.0,-3.0,timeout
4234,3.764197826385498,-1.8645310401916504,-0.0002521223796065897,0.00016075014718808234,1.117586998589104e-05,0.0,0.0,timeout
4235,3.7649712562561035,-1.8638430833816528,-0.0002465892175678164,0.03234803304076195,0.03234757110476494,1.0,3.0,timeout
4236,3.765758514404297,-1.8631393909454346,-0.00024651517742313445,0.03299737349152565,0.03299737349152565,1.0,3.0,timeout
4237,3.7665443420410156,-1.862433910369873,-0.0002467453305143863,0.033001359552145004,0.033001359552145004,1.0,3.0,timeout
4238,3.7673282623291016,-1.8617265224456787,-0.000246943614911288,0.03299693018198013,0.03299693018198013,1.0,3.0,timeout
4239,3.7673285007476807,-1.8617260456085205,-0.00025206952705048025,0.00016104878159239888,1.6660003893775865e-05,0.0,-3.0,timeout
4240,3.7681121826171875,-1.8610190153121948,-0.0002464561548549682,0.032984379678964615,0.03298391029238701,1.0,3.0,timeout
4241,3.768895149230957,-1.8603105545043945,-0.0002464894496370107,0.03299729526042938,0.03299729526042938,1.0,-3.0,timeout
4242,3.768894910812378,-1.8603098392486572,-0.0002517166140023619,0.000165039295097813,2.3560804038424976e-05,0.0,3.0,timeout
4243,3.7696781158447266,-1.8596018552780151,-0.00024615280563011765,0.03299328684806824,0.032992828637361526,1.0,-3.0,timeout
4244,3.7696938514709473,-1.8595881462097168,-0.00025113916490226984,0.0006705380510538816,0.0006521811592392623,0.0,-3.0,timeout
4245,3.7704648971557617,-1.8588976860046387,-0.00024587666848674417,0.03234449774026871,0.03234407678246498,1.0,-3.0,timeout
4246,3.7712533473968506,-1.8581949472427368,-0.00024595423019491136,0.03300531581044197,0.03300531581044197,1.0,0.0,timeout
4247,3.7720417976379395,-1.8574925661087036,-0.00024629259132780135,0.03299788385629654,0.03299788013100624,1.0,-3.0,timeout
4248,3.7720580101013184,-1.857479214668274,-0.0002514632069505751,0.0006759254029020667,0.0006563279894180596,0.0,-3.0,timeout
4249,3.772834062576294,-1.8567943572998047,-0.0002461471885908395,0.032345112413167953,0.03234468773007393,1.0,-3.0,timeout
4250,3.772850275039673,-1.8567811250686646,-0.00025104888482019305,0.0006716659991070628,0.0006539661553688347,0.0,-3.0,timeout
4251,3.7736446857452393,-1.8560858964920044,-0.0002457160735502839,0.0329899862408638,0.03298956900835037,1.0,3.0,timeout
4252,3.7736449241638184,-1.8560857772827148,-0.00025088535039685667,0.00016175452037714422,8.330001946887933e-06,0.0,0.0,timeout
4253,3.7744226455688477,-1.8554028272628784,-0.0002455773646943271,0.03234487026929855,0.03234444558620453,1.0,-3.0,timeout
4254,3.7744388580322266,-1.8553894758224487,-0.00025058837491087615,0.0006747504812665284,0.0006563279894180596,0.0,-3.0,timeout
4255,3.7744388580322266,-1.8553894758224487,-0.00025032798293977976,8.137249096762389e-06,0.0,0.0,3.0,timeout
4256,3.7752177715301514,-1.854707956314087,-0.0002449388266541064,0.032343436032533646,0.03234299272298813,1.0,3.0,timeout
4257,3.7760109901428223,-1.854010820388794,-0.0002451788168400526,0.03300086036324501,0.03300086036324501,1.0,0.0,timeout
4258,3.776026964187622,-1.8539972305297852,-0.000250553508521989,0.000676576339174062,0.0006553970160894096,0.0,-3.0,timeout
4259,3.776806354522705,-1.8533161878585815,-0.00024541799211874604,0.03234480321407318,0.03234440088272095,1.0,-3.0,timeout
4260,3.776822566986084,-1.8533028364181519,-0.00025046555674634874,0.0006750164902769029,0.0006563279894180596,0.0,-3.0,timeout
4261,3.7776050567626953,-1.8526256084442139,-0.00024533423129469156,0.032339662313461304,0.03233926370739937,1.0,-3.0,timeout
4262,3.7776055335998535,-1.8526254892349243,-0.0002505041193217039,0.00016228749882429838,1.5359764802269638e-05,0.0,3.0,timeout
4263,3.7783877849578857,-1.8519479036331177,-0.0002452741900924593,0.0323413610458374,0.03234094753861427,1.0,3.0,timeout
4264,3.779184341430664,-1.8512545824050903,-0.00024546190979890525,0.0330008938908577,0.0330008938908577,1.0,3.0,timeout
4265,3.779979705810547,-1.850559949874878,-0.00024589235545136034,0.03299974650144577,0.03299974277615547,1.0,-3.0,timeout
4266,3.7807767391204834,-1.8498671054840088,-0.00024626043159514666,0.03300235792994499,0.03300235792994499,1.0,-3.0,timeout
4267,3.7815754413604736,-1.849176287651062,-0.00024655615561641753,0.03300027549266815,0.03300027176737785,1.0,-3.0,timeout
4268,3.7823755741119385,-1.848487138748169,-0.0002467928861733526,0.03300003707408905,0.03300003707408905,1.0,-3.0,timeout
4269,3.783176898956299,-1.8477994203567505,-0.00024699175264686346,0.03299914300441742,0.03299913927912712,1.0,3.0,timeout
4270,3.7839767932891846,-1.8471099138259888,-0.0002471361367497593,0.03300169110298157,0.03300168737769127,1.0,0.0,timeout
4271,3.784776449203491,-1.846420168876648,-0.00024726177798584104,0.03300091251730919,0.03300091251730919,1.0,3.0,timeout
4272,3.7855749130249023,-1.8457289934158325,-0.00024734705220907927,0.03300195187330246,0.03300195187330246,1.0,-3.0,timeout
4273,3.786374807357788,-1.84503972530365,-0.00024742461391724646,0.03299682214856148,0.03299682214856148,1.0,-3.0,timeout
4274,3.786391258239746,-1.8450266122817993,-0.0002523689472582191,0.0006753393681719899,0.0006574266008101404,0.0,-3.0,timeout
4275,3.787193536758423,-1.8443408012390137,-0.0002467870945110917,0.03298346325755119,0.032983001321554184,1.0,3.0,timeout
4276,3.787994861602783,-1.8436528444290161,-0.00024676864268258214,0.033003997057676315,0.033003997057676315,1.0,3.0,timeout
4277,3.7887942790985107,-1.8429629802703857,-0.0002469519677106291,0.032997701317071915,0.032997701317071915,1.0,3.0,timeout
4278,3.78879451751709,-1.8429627418518066,-0.00025207584258168936,0.00016046738892327994,1.0536711670283694e-05,0.0,-3.0,timeout
4279,3.78879451751709,-1.8429627418518066,-0.0002514300576876849,2.01807761186501e-05,0.0,0.0,-3.0,timeout
4280,3.789595603942871,-1.8422749042510986,-0.0002457255031913519,0.03299639746546745,0.03299591317772865,1.0,0.0,timeout
4281,3.789611577987671,-1.8422614336013794,-0.00025078345788642764,0.0006718469667248428,0.000652989256195724,0.0,-3.0,timeout
4282,3.78961181640625,-1.842261552810669,-0.0002504768781363964,1.2695555597019847e-05,8.330001946887933e-06,0.0,-3.0,timeout
4283,3.78961181640625,-1.8422616720199585,-0.0002499427064321935,1.7103495338233188e-05,3.7252900710882386e-06,0.0,-3.0,timeout
4284,3.78961181640625,-1.842261552810669,-0.00024950658553279936,1.4128741895547137e-05,3.7252900710882386e-06,0.0,0.0,timeout
4285,3.7904012203216553,-1.8415923118591309,-0.00024427275639027357,0.032341402024030685,0.03234098479151726,1.0,3.0,timeout
4286,3.790416955947876,-1.8415782451629639,-0.000249535427428782,0.000679770193528384,0.0006595762679353356,0.0,3.0,timeout
4287,3.7912192344665527,-1.8408923149108887,-0.00024448276963084936,0.03298579901456833,0.032985422760248184,1.0,-3.0,timeout
4288,3.791219472885132,-1.8408918380737305,-0.0002499140682630241,0.00017054376075975597,1.6660003893775865e-05,0.0,3.0,timeout
4289,3.7920219898223877,-1.8402061462402344,-0.0002447005535941571,0.03298664838075638,0.032986246049404144,1.0,-3.0,timeout
4290,3.7928261756896973,-1.8395215272903442,-0.00024510527146048844,0.03300417587161064,0.03300417214632034,1.0,3.0,timeout
4291,3.7936289310455322,-1.838835597038269,-0.00024561191094107926,0.032996755093336105,0.03299675136804581,1.0,-3.0,timeout
4292,3.7944328784942627,-1.838150978088379,-0.0002460466348566115,0.032998498529195786,0.03299849480390549,1.0,3.0,timeout
4293,3.7944486141204834,-1.8381370306015015,-0.00025126885157078505,0.0006770612671971321,0.0006570993573404849,0.0,3.0,timeout
4294,3.7944488525390625,-1.8381372690200806,-0.00025086590903811157,1.641888047743123e-05,1.0536711670283694e-05,0.0,-3.0,timeout
4295,3.7944486141204834,-1.8381370306015015,-0.000250264594797045,2.1543597540585324e-05,1.0536711670283694e-05,0.0,3.0,timeout
4296,3.7944483757019043,-1.8381367921829224,-0.0002497594978194684,1.897803485917393e-05,1.0536711670283694e-05,0.0,3.0,timeout
4297,3.795231580734253,-1.8374602794647217,-0.00024446911993436515,0.03234197571873665,0.03234155476093292,1.0,3.0,timeout
4298,3.795232057571411,-1.8374601602554321,-0.00024977620341815054,0.0001665560994297266,1.5359764802269638e-05,0.0,-3.0,timeout
4299,3.795232057571411,-1.8374602794647217,-0.00024957547429949045,7.295588602573844e-06,3.7252900710882386e-06,0.0,-3.0,timeout
4300,3.7960171699523926,-1.8367857933044434,-0.00024433122598566115,0.03234579414129257,0.03234538063406944,1.0,-3.0,timeout
4301,3.7960171699523926,-1.8367854356765747,-0.00024968828074634075,0.00016778057033661753,1.117586998589104e-05,0.0,3.0,timeout
4302,3.796818256378174,-1.8360978364944458,-0.00024451527860946953,0.03299145773053169,0.03299105912446976,1.0,-3.0,timeout
4303,3.797621250152588,-1.8354119062423706,-0.000244946830207482,0.03300241753458977,0.03300241380929947,1.0,-3.0,timeout
4304,3.797637939453125,-1.8353990316390991,-0.00025037763407453895,0.000680204015225172,0.0006586919771507382,0.0,-3.0,timeout
4305,3.7984278202056885,-1.8347302675247192,-0.0002452781773172319,0.03234311565756798,0.03234272077679634,1.0,-3.0,timeout
4306,3.7992355823516846,-1.8340500593185425,-0.0002454715722706169,0.033000398427248,0.0330003947019577,1.0,-3.0,timeout
4307,3.8000450134277344,-1.8333717584609985,-0.00024591112742200494,0.03300199657678604,0.03300199285149574,1.0,-3.0,timeout
4308,3.800855875015259,-1.8326951265335083,-0.00024627664242871106,0.0330028310418129,0.0330028273165226,1.0,-3.0,timeout
4309,3.8016676902770996,-1.8320198059082031,-0.00024657868198119104,0.03299949690699577,0.032999493181705475,1.0,3.0,timeout
4310,3.8016839027404785,-1.832006573677063,-0.00025169370928779244,0.0006732176407240331,0.0006539661553688347,0.0,3.0,timeout
4311,3.802492618560791,-1.83132803440094,-0.00024622544879093766,0.032990094274282455,0.03298965096473694,1.0,-3.0,timeout
4312,3.802509307861328,-1.8313151597976685,-0.0002512017381377518,0.0006767999147996306,0.0006586919771507382,0.0,-3.0,timeout
4313,3.8033204078674316,-1.8306398391723633,-0.00024584258790127933,0.03298274055123329,0.03298231586813927,1.0,3.0,timeout
4314,3.8041303157806396,-1.8299622535705566,-0.0002460126706864685,0.03299906849861145,0.03299906849861145,1.0,3.0,timeout
4315,3.804130792617798,-1.829962134361267,-0.00025131498114205897,0.0001664075825829059,1.5359764802269638e-05,0.0,-3.0,timeout
4316,3.8041305541992188,-1.8299617767333984,-0.00025083203217945993,2.020357351284474e-05,1.3431724255497102e-05,0.0,3.0,timeout
4317,3.8049373626708984,-1.82928466796875,-0.00024524348555132747,0.03291572257876396,0.032915256917476654,1.0,-3.0,timeout
4318,3.8049538135528564,-1.8292715549468994,-0.0002503915748093277,0.0006768244784325361,0.0006574266008101404,0.0,-3.0,timeout
4319,3.8057496547698975,-1.8286099433898926,-0.0002452778280712664,0.032342154532670975,0.03234175592660904,1.0,-3.0,timeout
4320,3.806563138961792,-1.8279364109039307,-0.0002454803034197539,0.03300394117832184,0.03300394117832184,1.0,3.0,timeout
4321,3.8073747158050537,-1.8272608518600464,-0.00024591779219917953,0.03299853578209877,0.03299853205680847,1.0,3.0,timeout
4322,3.807375192642212,-1.8272608518600464,-0.0002512491191737354,0.00016726901230867952,1.4901160284352954e-05,0.0,-3.0,timeout
4323,3.808171033859253,-1.82659912109375,-0.0002458836534060538,0.032344572246074677,0.032344140112400055,1.0,-3.0,timeout
4324,3.80818772315979,-1.826586127281189,-0.00025083363289013505,0.0006788332830183208,0.0006609740084968507,0.0,-3.0,timeout
4325,3.8089866638183594,-1.8259284496307373,-0.0002456284419167787,0.03233843669295311,0.03233802691102028,1.0,-3.0,timeout
4326,3.8089871406555176,-1.8259282112121582,-0.0002507391618564725,0.0001605765864951536,1.6660003893775865e-05,0.0,3.0,timeout
4327,3.809785842895508,-1.8252702951431274,-0.00024546246277168393,0.032337430864572525,0.0323370136320591,1.0,3.0,timeout
4328,3.8105995655059814,-1.8245971202850342,-0.0002456074580550194,0.03300255537033081,0.03300255537033081,1.0,0.0,timeout
4329,3.811413526535034,-1.82392418384552,-0.0002460143296048045,0.0330035500228405,0.0330035500228405,1.0,-3.0,timeout
4330,3.8122289180755615,-1.8232531547546387,-0.0002463583368808031,0.03300010785460472,0.03300010785460472,1.0,-3.0,timeout
4331,3.8130459785461426,-1.8225841522216797,-0.00024663456133566797,0.03300023823976517,0.03300023823976517,1.0,-3.0,timeout
4332,3.8138644695281982,-1.8219168186187744,-0.00024685569223947823,0.033001858741045,0.033001858741045,1.0,-3.0,timeout
4333,3.8146846294403076,-1.8212515115737915,-0.00024703264352865517,0.03300236165523529,0.03300236165523529,1.0,-3.0,timeout
4334,3.814685344696045,-1.8212512731552124,-0.00025215884670615196,0.00016191719623748213,2.3560804038424976e-05,0.0,3.0,timeout
4335,3.81548810005188,-1.8205981254577637,-0.0002473286003805697,0.03234097361564636,0.03234062343835831,1.0,3.0,timeout
4336,3.8155038356781006,-1.8205845355987549,-0.00025198174989782274,0.0006658127531409264,0.0006497401627711952,0.0,3.0,timeout
4337,3.8155040740966797,-1.8205846548080444,-0.00025142019148916006,1.9425389837124385e-05,8.330001946887933e-06,0.0,-3.0,timeout
4338,3.81630539894104,-1.819929838180542,-0.00024581054458394647,0.03233941271901131,0.0323389396071434,1.0,-3.0,timeout
4339,3.816322088241577,-1.8199169635772705,-0.00025076468591578305,0.0006766412989236414,0.0006586919771507382,0.0,-3.0,timeout
4340,3.817126750946045,-1.8192662000656128,-0.0002455725334584713,0.032340385019779205,0.03233997896313667,1.0,-3.0,timeout
4341,3.8179495334625244,-1.8186042308807373,-0.00024570588720962405,0.03300056606531143,0.03300056234002113,1.0,-3.0,timeout
4342,3.8179502487182617,-1.8186039924621582,-0.0002510849735699594,0.00016973957826849073,2.3560804038424976e-05,0.0,3.0,timeout
4343,3.818772792816162,-1.8179422616958618,-0.0002456489310134202,0.03299052640795708,0.03299009054899216,1.0,-3.0,timeout
4344,3.8187732696533203,-1.817942500114441,-0.00025083808577619493,0.00016301464347634465,1.6660003893775865e-05,0.0,0.0,timeout
4345,3.8195812702178955,-1.8172955513000488,-0.0002455400535836816,0.0323469303548336,0.03234650939702988,1.0,-3.0,timeout
4346,3.8195815086364746,-1.8172955513000488,-0.00025066439411602914,0.0001603088603587821,7.450580142176477e-06,0.0,3.0,timeout
4347,3.8204057216644287,-1.8166359663009644,-0.0002452970657031983,0.03298923000693321,0.03298880532383919,1.0,-3.0,timeout
4348,3.8212318420410156,-1.815977931022644,-0.00024557230062782764,0.03300516679883003,0.033005163073539734,1.0,-3.0,timeout
4349,3.82205867767334,-1.8153212070465088,-0.0002460046671330929,0.03299715369939804,0.03299714997410774,1.0,3.0,timeout
4350,3.822075128555298,-1.8153082132339478,-0.00025123442173935473,0.0006751887849532068,0.0006551111000590026,0.0,3.0,timeout
4351,3.822075605392456,-1.815308690071106,-0.0002508384932298213,2.4437153115286492e-05,2.1073423340567388e-05,0.0,-3.0,timeout
4352,3.8228986263275146,-1.8146512508392334,-0.0002452717744745314,0.0329182930290699,0.03291783109307289,1.0,3.0,timeout
4353,3.8237226009368896,-1.8139907121658325,-0.0002455227368045598,0.0330016203224659,0.0330016165971756,1.0,-3.0,timeout
4354,3.8245480060577393,-1.813331961631775,-0.0002459589159116149,0.033001627773046494,0.033001624047756195,1.0,0.0,timeout
4355,3.824564218521118,-1.8133187294006348,-0.0002512036880943924,0.0006741918623447418,0.0006539661553688347,0.0,3.0,timeout
4356,3.825371265411377,-1.8126707077026367,-0.00024593924172222614,0.032344646751880646,0.03234422579407692,1.0,3.0,timeout
4357,3.826193332672119,-1.812008023262024,-0.00024598860181868076,0.03299717605113983,0.03299717605113983,1.0,-3.0,timeout
4358,3.827017307281494,-1.8113473653793335,-0.00024632347049191594,0.033003948628902435,0.033003948628902435,1.0,-3.0,timeout
4359,3.8278424739837646,-1.8106884956359863,-0.00024660586495883763,0.03299812600016594,0.03299812600016594,1.0,-3.0,timeout
4360,3.827859401702881,-1.810676097869873,-0.00025171454763039947,0.0006748486775904894,0.000655693409498781,0.0,-3.0,timeout
4361,3.827859878540039,-1.8106766939163208,-0.0002512336941435933,2.8192022000439465e-05,2.3853495804360136e-05,0.0,-3.0,timeout
4362,3.8286869525909424,-1.810024380683899,-0.000245589209953323,0.032917920500040054,0.03291745111346245,1.0,3.0,timeout
4363,3.829514503479004,-1.80936861038208,-0.00024578574812039733,0.03299614042043686,0.03299614042043686,1.0,3.0,timeout
4364,3.829530715942383,-1.8093551397323608,-0.000251048244535923,0.0006789210601709783,0.0006587025127373636,0.0,3.0,timeout
4365,3.829530715942383,-1.8093552589416504,-0.00025068875402212143,1.183563654194586e-05,3.7252900710882386e-06,0.0,-3.0,timeout
4366,3.830340623855591,-1.8087109327316284,-0.0002452263724990189,0.032342419028282166,0.03234196826815605,1.0,-3.0,timeout
4367,3.8311688899993896,-1.8080556392669678,-0.00024541490711271763,0.033004410564899445,0.033004410564899445,1.0,-3.0,timeout
4368,3.831998586654663,-1.8074023723602295,-0.000245864677708596,0.03300027176737785,0.033000268042087555,1.0,-3.0,timeout
4369,3.832829713821411,-1.806751012802124,-0.00024623918579891324,0.03299860656261444,0.03299860283732414,1.0,-3.0,timeout
4370,3.8328301906585693,-1.8067512512207031,-0.0002515226951800287,0.00016594806220382452,1.6660003893775865e-05,0.0,0.0,timeout
4371,3.833646297454834,-1.8061145544052124,-0.0002460988180246204,0.03234703093767166,0.032346587628126144,1.0,-3.0,timeout
4372,3.834480047225952,-1.8054664134979248,-0.0002461329859215766,0.03300131857395172,0.03300131857395172,1.0,3.0,timeout
4373,3.8353121280670166,-1.8048163652420044,-0.0002464392746333033,0.03299682214856148,0.03299681842327118,1.0,3.0,timeout
4374,3.835312843322754,-1.804816484451294,-0.000251665769610554,0.00016489239351358265,2.2660055037704296e-05,0.0,-3.0,timeout
4375,3.835313081741333,-1.804816722869873,-0.00025110275601036847,2.0507979570538737e-05,1.0536711670283694e-05,0.0,-3.0,timeout
4376,3.835312843322754,-1.804816484451294,-0.0002504503645468503,2.2949108824832365e-05,1.0536711670283694e-05,0.0,3.0,timeout
4377,3.8361408710479736,-1.8041701316833496,-0.00024494086392223835,0.032826367765665054,0.03282591328024864,1.0,-3.0,timeout
4378,3.836974859237671,-1.8035223484039307,-0.00024525358458049595,0.03300034627318382,0.033000342547893524,1.0,-3.0,timeout
4379,3.8378102779388428,-1.8028764724731445,-0.0002457387454342097,0.032999176532030106,0.03299916908144951,1.0,-3.0,timeout
4380,3.8386471271514893,-1.8022321462631226,-0.0002461432886775583,0.03300498425960541,0.03300498425960541,1.0,0.0,timeout
4381,3.8394834995269775,-1.8015875816345215,-0.0002464679710101336,0.032997723668813705,0.032997723668813705,1.0,3.0,timeout
4382,3.8403186798095703,-1.8009414672851562,-0.0002467123849783093,0.03299783915281296,0.03299783542752266,1.0,-3.0,timeout
4383,3.841155529022217,-1.8002973794937134,-0.0002469172468408942,0.033000439405441284,0.033000439405441284,1.0,-3.0,timeout
4384,3.841993808746338,-1.7996550798416138,-0.00024708168348297477,0.033001858741045,0.033001858741045,1.0,-3.0,timeout
4385,3.8428335189819336,-1.7990148067474365,-0.0002472133201081306,0.03299891948699951,0.03299891948699951,1.0,-3.0,timeout
4386,3.8436741828918457,-1.7983757257461548,-0.0002473278436809778,0.03300006315112114,0.03300006315112114,1.0,3.0,timeout
4387,3.8445138931274414,-1.7977352142333984,-0.00024740039953030646,0.033003438264131546,0.033003438264131546,1.0,-3.0,timeout
4388,3.8445310592651367,-1.7977232933044434,-0.0002523492439649999,0.0006711666937917471,0.0006531061371788383,0.0,-3.0,timeout
4389,3.8453567028045654,-1.797099232673645,-0.00024685636162757874,0.032342903316020966,0.03234244883060455,1.0,-3.0,timeout
4390,3.846200466156006,-1.7964640855789185,-0.00024674308951944113,0.03300314024090767,0.03300314024090767,1.0,3.0,timeout
4391,3.8470425605773926,-1.7958269119262695,-0.00024692746228538454,0.032999660819768906,0.032999660819768906,1.0,3.0,timeout
4392,3.8478832244873047,-1.7951878309249878,-0.0002470886684022844,0.03300006315112114,0.03300006315112114,1.0,3.0,timeout
4393,3.848722219467163,-1.7945466041564941,-0.00024721850058995187,0.03299923613667488,0.03299923613667488,1.0,3.0,timeout
4394,3.849559783935547,-1.7939034700393677,-0.00024732257588766515,0.03299999609589577,0.03299999609589577,1.0,3.0,timeout
4395,3.850395917892456,-1.793258547782898,-0.0002474059583619237,0.032998647540807724,0.032998647540807724,1.0,3.0,timeout
4396,3.8512306213378906,-1.7926117181777954,-0.00024747278075665236,0.032999735325574875,0.032999735325574875,1.0,3.0,timeout
4397,3.852064371109009,-1.7919634580612183,-0.0002475149813108146,0.03300360590219498,0.03300360590219498,1.0,-3.0,timeout
4398,3.8528993129730225,-1.7913168668746948,-0.0002475694636814296,0.033001065254211426,0.033001065254211426,1.0,3.0,timeout
4399,3.8529152870178223,-1.7913033962249756,-0.0002524866140447557,0.0006708253640681505,0.000652989256195724,0.0,3.0,timeout
4400,3.8537473678588867,-1.7906537055969238,-0.00024685944663360715,0.032990407198667526,0.03298994153738022,1.0,-3.0,timeout
4401,3.854580879211426,-1.7900052070617676,-0.00024683657102286816,0.03300229832530022,0.03300229832530022,1.0,3.0,timeout
4402,3.855412721633911,-1.789354920387268,-0.00024700688663870096,0.03299553692340851,0.03299553692340851,1.0,3.0,timeout
4403,3.856243848800659,-1.788703203201294,-0.00024714210303500295,0.0330054946243763,0.0330054946243763,1.0,-3.0,timeout
4404,3.8570761680603027,-1.7880535125732422,-0.0002472603227943182,0.03299581632018089,0.03299581632018089,1.0,-3.0,timeout
4405,3.857909917831421,-1.787405252456665,-0.00024736588238738477,0.03300360590219498,0.03300360590219498,1.0,3.0,timeout
4406,3.8587424755096436,-1.7867555618286133,-0.0002474304928909987,0.03300169110298157,0.03300168737769127,1.0,-3.0,timeout
4407,3.8587591648101807,-1.7867431640625,-0.00025237302179448307,0.0006678044446744025,0.0006496974383480847,0.0,-3.0,timeout
4408,3.8595938682556152,-1.7860970497131348,-0.0002467907906975597,0.032986514270305634,0.032986052334308624,1.0,3.0,timeout
4409,3.859610080718994,-1.7860839366912842,-0.0002516547101549804,0.0006691098678857088,0.0006516170687973499,0.0,3.0,timeout
4410,3.8604423999786377,-1.7854344844818115,-0.00024618342285975814,0.032991673797369,0.032991230487823486,1.0,-3.0,timeout
4411,3.861276149749756,-1.7847862243652344,-0.00024629521067254245,0.03300360590219498,0.03300360590219498,1.0,3.0,timeout
4412,3.8621082305908203,-1.7841360569000244,-0.00024657370522618294,0.03299911320209503,0.03299911320209503,1.0,3.0,timeout
4413,3.86293888092041,-1.783483862876892,-0.0002468062739353627,0.03300297260284424,0.03300297260284424,1.0,3.0,timeout
4414,3.86295485496521,-1.7834702730178833,-0.00025187598657794297,0.0006742735859006643,0.0006553970160894096,0.0,3.0,timeout
4415,3.8637826442718506,-1.7828150987625122,-0.0002463709097355604,0.03299086540937424,0.03299041464924812,1.0,-3.0,timeout
4416,3.864612102508545,-1.7821617126464844,-0.0002464352292008698,0.03299672156572342,0.03299671784043312,1.0,-3.0,timeout
4417,3.865443229675293,-1.781510353088379,-0.00024668523110449314,0.03299860656261444,0.03299860283732414,1.0,-3.0,timeout
4418,3.8662755489349365,-1.7808603048324585,-0.0002469052851665765,0.033002693206071854,0.033002693206071854,1.0,3.0,timeout
4419,3.8671061992645264,-1.7802082300186157,-0.0002470719919074327,0.03300067037343979,0.03300067037343979,1.0,3.0,timeout
4420,3.8679354190826416,-1.7795542478561401,-0.00024720514193177223,0.033002398908138275,0.03300239518284798,1.0,3.0,timeout
4421,3.868762969970703,-1.7788983583450317,-0.0002473118365742266,0.032998453825712204,0.032998453825712204,1.0,3.0,timeout
4422,3.8695895671844482,-1.7782411575317383,-0.00024738648789934814,0.03300058841705322,0.03300058841705322,1.0,-3.0,timeout
4423,3.8695905208587646,-1.7782396078109741,-0.00025243780692107975,0.00016778353892732412,5.68640862184111e-05,0.0,3.0,timeout
4424,3.8695902824401855,-1.7782392501831055,-0.0002517270331736654,2.5957078833016567e-05,1.3431724255497102e-05,0.0,3.0,timeout
4425,3.8695902824401855,-1.778239130973816,-0.00025093447766266763,2.5045956135727465e-05,3.7252900710882386e-06,0.0,0.0,timeout
4426,3.870399236679077,-1.7775936126708984,-0.0002454038767609745,0.0323423370718956,0.03234187513589859,1.0,-3.0,timeout
4427,3.8712258338928223,-1.776936411857605,-0.00024556645075790584,0.03300058841705322,0.03300058841705322,1.0,3.0,timeout
4428,3.872051477432251,-1.7762778997421265,-0.00024597602896392345,0.03300280496478081,0.03300280123949051,1.0,-3.0,timeout
4429,3.872878074645996,-1.7756208181381226,-0.0002463376149535179,0.03299827501177788,0.03299827128648758,1.0,3.0,timeout
4430,3.8737032413482666,-1.7749617099761963,-0.0002466181758791208,0.03300277516245842,0.03300277516245842,1.0,3.0,timeout
4431,3.8737192153930664,-1.774948239326477,-0.0002517255488783121,0.0006722119287587702,0.000652989256195724,0.0,3.0,timeout
4432,3.8745248317718506,-1.7742984294891357,-0.0002463569398969412,0.03234487026929855,0.03234443813562393,1.0,3.0,timeout
4433,3.8745405673980713,-1.7742846012115479,-0.0002512166101951152,0.0006720185629092157,0.0006546343211084604,0.0,3.0,timeout
4434,3.875343084335327,-1.773630976676941,-0.0002459352253936231,0.03234467655420303,0.03234425187110901,1.0,3.0,timeout
4435,3.875358819961548,-1.7736170291900635,-0.00025087877293117344,0.0006750151515007019,0.0006570993573404849,0.0,3.0,timeout
4436,3.8761579990386963,-1.7729594707489014,-0.0002456650254316628,0.03234182298183441,0.03234141319990158,1.0,3.0,timeout
4437,3.8761582374572754,-1.7729591131210327,-0.0002507464960217476,0.00015936298586893827,1.3431724255497102e-05,0.0,-3.0,timeout
4438,3.8769731521606445,-1.772288203239441,-0.0002453831257298589,0.03298666328191757,0.03298623487353325,1.0,3.0,timeout
4439,3.8777875900268555,-1.7716158628463745,-0.00024563053739257157,0.033003173768520355,0.033003173768520355,1.0,-3.0,timeout
4440,3.878603458404541,-1.7709455490112305,-0.0002460405812598765,0.03299742192029953,0.03299742192029953,1.0,-3.0,timeout
4441,3.8794209957122803,-1.7702767848968506,-0.000246384646743536,0.033007051795721054,0.033007051795721054,1.0,0.0,timeout
4442,3.87943696975708,-1.7702633142471313,-0.00025154463946819305,0.000672604248393327,0.000652989256195724,0.0,3.0,timeout
4443,3.8802361488342285,-1.7696057558059692,-0.00024621226475574076,0.032341841608285904,0.03234141319990158,1.0,3.0,timeout
4444,3.8810503482818604,-1.7689332962036133,-0.00024620688054710627,0.03299980238080025,0.03299979865550995,1.0,-3.0,timeout
4445,3.8810667991638184,-1.7689203023910522,-0.0002513801446184516,0.0006747636361978948,0.0006551111000590026,0.0,-3.0,timeout
4446,3.8818678855895996,-1.7682650089263916,-0.00024607960949651897,0.032343022525310516,0.03234260156750679,1.0,-3.0,timeout
4447,3.8818681240081787,-1.7682647705078125,-0.0002511007187422365,0.00015726304263807833,1.0536711670283694e-05,0.0,3.0,timeout
4448,3.882685661315918,-1.76759672164917,-0.0002456461952533573,0.03299334645271301,0.0329928994178772,1.0,-3.0,timeout
4449,3.883504867553711,-1.7669304609298706,-0.00024585137725807726,0.032998017966747284,0.032998017966747284,1.0,-3.0,timeout
4450,3.8835055828094482,-1.7669302225112915,-0.00025120499776676297,0.00016895151929929852,2.3560804038424976e-05,0.0,3.0,timeout
4451,3.884324550628662,-1.7662640810012817,-0.0002457452064845711,0.03299032896757126,0.03298988938331604,1.0,-3.0,timeout
4452,3.884324789047241,-1.7662640810012817,-0.00025091940187849104,0.00016186517314054072,7.450580142176477e-06,0.0,3.0,timeout
4453,3.885127305984497,-1.7656104564666748,-0.0002456103393342346,0.03234468027949333,0.03234425187110901,1.0,3.0,timeout
4454,3.885944366455078,-1.7649414539337158,-0.0002457307418808341,0.03300023823976517,0.03300023823976517,1.0,3.0,timeout
4455,3.8867602348327637,-1.7642710208892822,-0.0002461074327584356,0.03299978747963905,0.03299978747963905,1.0,-3.0,timeout
4456,3.8875772953033447,-1.7636018991470337,-0.00024644273798912764,0.03300260007381439,0.03300260007381439,1.0,3.0,timeout
4457,3.888392686843872,-1.762930989265442,-0.0002467022859491408,0.0329977422952652,0.0329977385699749,1.0,3.0,timeout
4458,3.889206647872925,-1.7622580528259277,-0.000246909650741145,0.0330035500228405,0.0330035500228405,1.0,3.0,timeout
4459,3.890019416809082,-1.761583924293518,-0.00024706489057280123,0.032998617738485336,0.032998617738485336,1.0,-3.0,timeout
4460,3.890019655227661,-1.7615832090377808,-0.00025218649534508586,0.00016177502402570099,2.3560804038424976e-05,0.0,3.0,timeout
4461,3.890019178390503,-1.761582851409912,-0.0002515205123927444,2.792995837808121e-05,1.862645149230957e-05,0.0,3.0,timeout
4462,3.8908140659332275,-1.7609200477600098,-0.0002458895614836365,0.032343167811632156,0.032342687249183655,1.0,3.0,timeout
4463,3.8916234970092773,-1.7602418661117554,-0.0002459443057887256,0.03299959748983383,0.03299959748983383,1.0,3.0,timeout
4464,3.8924317359924316,-1.7595622539520264,-0.00024627739912830293,0.032999806106090546,0.032999806106090546,1.0,-3.0,timeout
4465,3.8932416439056396,-1.7588845491409302,-0.00024656805908307433,0.033001456409692764,0.033001456409692764,1.0,-3.0,timeout
4466,3.8940532207489014,-1.7582088708877563,-0.0002468019665684551,0.03300091624259949,0.03300091624259949,1.0,-3.0,timeout
4467,3.894866466522217,-1.7575350999832153,-0.00024698933702893555,0.033002957701683044,0.033002957701683044,1.0,-3.0,timeout
4468,3.894883155822754,-1.7575223445892334,-0.0002520211855880916,0.0006749944295734167,0.0006564231589436531,0.0,-3.0,timeout
4469,3.895698308944702,-1.7568520307540894,-0.00024650886189192533,0.03298060595989227,0.03298015519976616,1.0,3.0,timeout
4470,3.896512508392334,-1.7561794519424438,-0.0002465459401719272,0.03300217539072037,0.03300217539072037,1.0,3.0,timeout
4471,3.8973255157470703,-1.7555055618286133,-0.00024676366592757404,0.03299959376454353,0.03299959376454353,1.0,-3.0,timeout
4472,3.8981399536132812,-1.7548332214355469,-0.00024696250329725444,0.033003173768520355,0.033003173768520355,1.0,0.0,timeout
4473,3.8981564044952393,-1.7548202276229858,-0.0002519953122828156,0.0006737255025655031,0.0006551111000590026,0.0,-3.0,timeout
4474,3.8981566429138184,-1.754820466041565,-0.00025145767722278833,1.983176844078116e-05,1.0536711670283694e-05,0.0,-3.0,timeout
4475,3.8981568813323975,-1.7548208236694336,-0.00025072795688174665,2.6465500923222862e-05,1.3431724255497102e-05,0.0,-3.0,timeout
4476,3.898974895477295,-1.754153847694397,-0.0002451594627927989,0.03298370540142059,0.03298324719071388,1.0,3.0,timeout
4477,3.899792432785034,-1.7534853219985962,-0.0002454414207022637,0.0330023355782032,0.0330023355782032,1.0,-3.0,timeout
4478,3.90061092376709,-1.7528181076049805,-0.0002458995149936527,0.03299950435757637,0.03299950435757637,1.0,3.0,timeout
4479,3.900611400604248,-1.7528181076049805,-0.00025123494560830295,0.0001673967344686389,1.4901160284352954e-05,0.0,-3.0,timeout
4480,3.9014294147491455,-1.7521510124206543,-0.00024578857119195163,0.03298604115843773,0.03298559784889221,1.0,3.0,timeout
4481,3.9022464752197266,-1.7514817714691162,-0.0002459661918692291,0.03300495818257332,0.03300495818257332,1.0,3.0,timeout
4482,3.903062105178833,-1.7508113384246826,-0.0002462996053509414,0.03299403190612793,0.03299402818083763,1.0,-3.0,timeout
4483,3.903879165649414,-1.750142216682434,-0.00024659678456373513,0.03300260007381439,0.03300260007381439,1.0,3.0,timeout
4484,3.9046950340270996,-1.7494717836380005,-0.00024681523791514337,0.03299978747963905,0.03299978747963905,1.0,-3.0,timeout
4485,3.9055120944976807,-1.7488027811050415,-0.00024700965150259435,0.03300023823976517,0.03300023823976517,1.0,3.0,timeout
4486,3.906327724456787,-1.7481318712234497,-0.0002471558400429785,0.03300349414348602,0.03300349414348602,1.0,3.0,timeout
4487,3.90714168548584,-1.747459053993225,-0.00024727245909161866,0.03300117701292038,0.03300117701292038,1.0,3.0,timeout
4488,3.907953977584839,-1.7467844486236572,-0.0002473658532835543,0.03299666568636894,0.03299666568636894,1.0,3.0,timeout
4489,3.9087650775909424,-1.746108055114746,-0.0002474406501278281,0.033003777265548706,0.03300377354025841,1.0,3.0,timeout
4490,3.9095747470855713,-1.74543035030365,-0.0002474893117323518,0.032995741814374924,0.032995741814374924,1.0,-3.0,timeout
4491,3.910385847091675,-1.7447541952133179,-0.00024754891637712717,0.032999005168676376,0.032999005168676376,1.0,3.0,timeout
4492,3.9111955165863037,-1.744076132774353,-0.0002475873625371605,0.03300292044878006,0.03300292044878006,1.0,3.0,timeout
4493,3.912003517150879,-1.743396282196045,-0.0002476177760399878,0.03299890086054802,0.03299890086054802,1.0,3.0,timeout
4494,3.9128105640411377,-1.7427151203155518,-0.00024763098917901516,0.03300251439213753,0.03300251439213753,1.0,-3.0,timeout
4495,3.913618564605713,-1.7420353889465332,-0.0002476621884852648,0.03299650177359581,0.03299650177359581,1.0,3.0,timeout
4496,3.9144253730773926,-1.7413538694381714,-0.00024767793365754187,0.0330040343105793,0.0330040343105793,1.0,3.0,timeout
4497,3.9152309894561768,-1.740671157836914,-0.0002476791851222515,0.03299965709447861,0.03299965709447861,1.0,-3.0,timeout
4498,3.9152469635009766,-1.7406576871871948,-0.00025257148081436753,0.0006706478889100254,0.000652989256195724,0.0,-3.0,timeout
4499,3.9160549640655518,-1.739978551864624,-0.00024694952298887074,0.03298497945070267,0.03298451006412506,1.0,3.0,timeout
4500,3.916055202484131,-1.739978313446045,-0.0002518660621717572,0.0001540027151349932,1.0536711670283694e-05,0.0,-3.0,timeout
4501,3.9160547256469727,-1.7399778366088867,-0.0002512626815587282,2.8277630917727947e-05,2.1073423340567388e-05,0.0,3.0,timeout
4502,3.9168598651885986,-1.7392992973327637,-0.0002455895591992885,0.03290459141135216,0.032904110848903656,1.0,-3.0,timeout
4503,3.9176688194274902,-1.7386202812194824,-0.00024578857119195163,0.033004939556121826,0.03300493583083153,1.0,0.0,timeout
4504,3.91768479347229,-1.738606572151184,-0.0002510562480892986,0.000678101263474673,0.000657816999591887,0.0,3.0,timeout
4505,3.91847562789917,-1.7379390001296997,-0.0002458208764437586,0.0323418453335762,0.03234143182635307,1.0,3.0,timeout
4506,3.919281005859375,-1.7372560501098633,-0.0002458988456055522,0.032998789101839066,0.032998789101839066,1.0,0.0,timeout
4507,3.9200868606567383,-1.7365734577178955,-0.00024624745128676295,0.033002935349941254,0.033002931624650955,1.0,-3.0,timeout
4508,3.920893907546997,-1.735892415046692,-0.0002465496654622257,0.03300011530518532,0.03300011157989502,1.0,0.0,timeout
4509,3.921701192855835,-1.735211730003357,-0.0002467832528054714,0.03299860656261444,0.03299860283732414,1.0,-3.0,timeout
4510,3.921701431274414,-1.7352114915847778,-0.00025196201750077307,0.00016217904340010136,1.0536711670283694e-05,0.0,3.0,timeout
4511,3.9217019081115723,-1.735211968421936,-0.0002513304352760315,2.887275695684366e-05,2.1073423340567388e-05,0.0,-3.0,timeout
4512,3.9225096702575684,-1.7345327138900757,-0.0002456515794619918,0.03298168629407883,0.032981209456920624,1.0,3.0,timeout
4513,3.9225103855133057,-1.7345328330993652,-0.0002508137549739331,0.0001629017060622573,2.2660055037704296e-05,0.0,-3.0,timeout
4514,3.92331862449646,-1.7338535785675049,-0.00024543364997953176,0.03299304470419884,0.032992612570524216,1.0,0.0,timeout
4515,3.9241273403167725,-1.7331745624542236,-0.0002456779475323856,0.03299923613667488,0.03299923241138458,1.0,-3.0,timeout
4516,3.9249374866485596,-1.732496976852417,-0.0002460842370055616,0.03300478309392929,0.03300478309392929,1.0,0.0,timeout
4517,3.9257473945617676,-1.7318193912506104,-0.0002464204444549978,0.03299906849861145,0.03299906849861145,1.0,3.0,timeout
4518,3.926555633544922,-1.7311397790908813,-0.00024668421247042716,0.032999806106090546,0.032999806106090546,1.0,3.0,timeout
4519,3.9273622035980225,-1.7304582595825195,-0.00024689515703357756,0.03299834206700325,0.03299834206700325,1.0,3.0,timeout
4520,3.9281673431396484,-1.729774832725525,-0.0002470639883540571,0.03300274908542633,0.03300274908542633,1.0,3.0,timeout
4521,3.928182601928711,-1.7297606468200684,-0.000252082129009068,0.0006696928758174181,0.0006510737584903836,0.0,3.0,timeout
4522,3.9281821250915527,-1.7297600507736206,-0.0002515267697162926,2.9498889489332214e-05,2.3853495804360136e-05,0.0,3.0,timeout
4523,3.9289815425872803,-1.7290732860565186,-0.0002458003000356257,0.032934993505477905,0.03293450549244881,1.0,-3.0,timeout
4524,3.928997755050659,-1.7290599346160889,-0.0002508389879949391,0.0006749517051503062,0.0006563279894180596,0.0,-3.0,timeout
4525,3.9289979934692383,-1.729060173034668,-0.00025052117416635156,1.4479661331279203e-05,1.0536711670283694e-05,0.0,-3.0,timeout
4526,3.929802894592285,-1.728377342224121,-0.0002450081810820848,0.03298546373844147,0.03298501670360565,1.0,3.0,timeout
4527,3.9306070804595947,-1.72769296169281,-0.00024532113457098603,0.032999344170093536,0.032999344170093536,1.0,-3.0,timeout
4528,3.9314124584198,-1.727009892463684,-0.0002458033850416541,0.03300120308995247,0.03300119936466217,1.0,3.0,timeout
4529,3.932216167449951,-1.7263250350952148,-0.00024619055329822004,0.03299766033887863,0.03299765661358833,1.0,3.0,timeout
4530,3.9322166442871094,-1.7263247966766357,-0.00025146774714812636,0.00016575169865973294,1.6660003893775865e-05,0.0,-3.0,timeout
4531,3.9330198764801025,-1.725640058517456,-0.00024597474839538336,0.03298434987664223,0.03298389911651611,1.0,3.0,timeout
4532,3.9338219165802,-1.724953293800354,-0.00024611526168882847,0.03299671411514282,0.03299671411514282,1.0,3.0,timeout
4533,3.9346225261688232,-1.7242646217346191,-0.00024642967036925256,0.033001609146595,0.033001609146595,1.0,3.0,timeout
4534,3.93542218208313,-1.7235747575759888,-0.00024668031255714595,0.033003345131874084,0.033003345131874084,1.0,-3.0,timeout
4535,3.936223268508911,-1.7228869199752808,-0.0002468908205628395,0.03299591690301895,0.03299591317772865,1.0,-3.0,timeout
4536,3.937026262283325,-1.722200870513916,-0.00024705997202545404,0.03300483524799347,0.03300483524799347,1.0,-3.0,timeout
4537,3.9378302097320557,-1.7215163707733154,-0.00024720560759305954,0.03299608454108238,0.032996080815792084,1.0,3.0,timeout
4538,3.9386327266693115,-1.7208298444747925,-0.0002473123313393444,0.03300319239497185,0.03300319239497185,1.0,3.0,timeout
4539,3.9394338130950928,-1.7201416492462158,-0.0002473921631462872,0.033003196120262146,0.033003196120262146,1.0,0.0,timeout
4540,3.9394493103027344,-1.7201275825500488,-0.00025234976783394814,0.0006721388781443238,0.0006540404865518212,0.0,3.0,timeout
4541,3.940232515335083,-1.7194511890411377,-0.00024685662356205285,0.03233957290649414,0.03233911469578743,1.0,3.0,timeout
4542,3.941030502319336,-1.7187594175338745,-0.00024672207655385137,0.033002883195877075,0.033002883195877075,1.0,-3.0,timeout
4543,3.9418296813964844,-1.718069076538086,-0.00024692044826224446,0.03300180286169052,0.03300180286169052,1.0,3.0,timeout
4544,3.9426276683807373,-1.7173775434494019,-0.00024707335978746414,0.03299800679087639,0.03299800679087639,1.0,-3.0,timeout
4545,3.9434268474578857,-1.7166872024536133,-0.0002472159976605326,0.03300180286169052,0.03300180286169052,1.0,3.0,timeout
4546,3.9442243576049805,-1.7159950733184814,-0.00024732082965783775,0.0329989492893219,0.0329989492893219,1.0,3.0,timeout
4547,3.9450204372406006,-1.7153011560440063,-0.00024740438675507903,0.033001892268657684,0.033001892268657684,1.0,3.0,timeout
4548,3.945814847946167,-1.714605450630188,-0.00024747135466896,0.03299938514828682,0.03299938514828682,1.0,3.0,timeout
4549,3.9466075897216797,-1.7139078378677368,-0.0002475250221323222,0.03299951180815697,0.03299951180815697,1.0,3.0,timeout
4550,3.9473989009857178,-1.713208556175232,-0.00024756803759373724,0.03300048038363457,0.03300048038363457,1.0,3.0,timeout
4551,3.948188543319702,-1.7125074863433838,-0.0002476025256328285,0.03299848735332489,0.03299848735332489,1.0,3.0,timeout
4552,3.94897723197937,-1.7118052244186401,-0.0002476186491549015,0.033000968396663666,0.033000968396663666,1.0,-3.0,timeout
4553,3.9497671127319336,-1.711104393005371,-0.0002476524095982313,0.03299911320209503,0.03299911320209503,1.0,3.0,timeout
4554,3.949782133102417,-1.7110897302627563,-0.00025255291257053614,0.0006735969218425453,0.0006559579051099718,0.0,3.0,timeout
4555,3.949781656265259,-1.7110891342163086,-0.0002519034023862332,3.132036727038212e-05,2.3853495804360136e-05,0.0,3.0,timeout
4556,3.9505512714385986,-1.7103972434997559,-0.0002462002739775926,0.03234114870429039,0.03234065696597099,1.0,3.0,timeout
4557,3.9513354301452637,-1.709689736366272,-0.00024618234601803124,0.03300495818257332,0.03300495818257332,1.0,-3.0,timeout
4558,3.952120542526245,-1.7089836597442627,-0.0002464881690684706,0.03299718350172043,0.03299718350172043,1.0,3.0,timeout
4559,3.952120780944824,-1.7089834213256836,-0.00025170546723529696,0.00016338068235199898,1.0536711670283694e-05,0.0,-3.0,timeout
4560,3.952120304107666,-1.7089829444885254,-0.0002511447237338871,2.7407168090576306e-05,2.1073423340567388e-05,0.0,3.0,timeout
4561,3.9528884887695312,-1.7082892656326294,-0.0002455895009916276,0.03234531357884407,0.03234484791755676,1.0,3.0,timeout
4562,3.9536709785461426,-1.7075799703598022,-0.00024569383822381496,0.033003754913806915,0.033003754913806915,1.0,-3.0,timeout
4563,3.9544544219970703,-1.7068721055984497,-0.00024609745014458895,0.032995857298374176,0.03299585357308388,1.0,3.0,timeout
4564,3.9552364349365234,-1.706162452697754,-0.0002464256249368191,0.03300022706389427,0.03300022706389427,1.0,3.0,timeout
4565,3.9560015201568604,-1.70546555519104,-0.00024265979300253093,0.032340891659259796,0.032340675592422485,1.0,3.0,timeout
4566,3.956780195236206,-1.7047524452209473,-0.00024336148635484278,0.032995931804180145,0.03299592435359955,1.0,3.0,timeout
4567,3.9575579166412354,-1.704038143157959,-0.00024421169655397534,0.032999150454998016,0.03299913927912712,1.0,-3.0,timeout
4568,3.95833683013916,-1.7033250331878662,-0.00024492686497978866,0.03300142660737038,0.03300142288208008,1.0,3.0,timeout
4569,3.9591145515441895,-1.702610731124878,-0.00024547980865463614,0.03299914672970772,0.03299913927912712,1.0,-3.0,timeout
4570,3.9591145515441895,-1.7026102542877197,-0.0002509203623048961,0.0001706690527498722,1.4901160284352954e-05,0.0,3.0,timeout
4571,3.9591143131256104,-1.7026100158691406,-0.00025050691328942776,1.667201104282867e-05,1.0536711670283694e-05,0.0,3.0,timeout
4572,3.9591140747070312,-1.7026097774505615,-0.00024996339925564826,1.998765037569683e-05,1.0536711670283694e-05,0.0,3.0,timeout
4573,3.9598729610443115,-1.7019062042236328,-0.00024463271256536245,0.03233962878584862,0.032339200377464294,1.0,3.0,timeout
4574,3.9606454372406006,-1.701186180114746,-0.0002449385356158018,0.033000268042087555,0.033000268042087555,1.0,3.0,timeout
4575,3.960660457611084,-1.7011712789535522,-0.00025036753504537046,0.0006826033932156861,0.0006611839053221047,0.0,3.0,timeout
4576,3.960660457611084,-1.7011712789535522,-0.0002501441049389541,6.982190370763419e-06,0.0,0.0,-3.0,timeout
4577,3.961430788040161,-1.7004497051239014,-0.0002447064907755703,0.03298477455973625,0.03298433870077133,1.0,3.0,timeout
4578,3.962200164794922,-1.6997263431549072,-0.00024508516071364284,0.033000845462083817,0.03300084173679352,1.0,0.0,timeout
4579,3.9629693031311035,-1.6990028619766235,-0.00024561077589169145,0.0329979732632637,0.032997969537973404,1.0,3.0,timeout
4580,3.9637370109558105,-1.6982775926589966,-0.00024603665224276483,0.03300376981496811,0.03300376981496811,1.0,3.0,timeout
4581,3.9645028114318848,-1.6975505352020264,-0.0002463776618242264,0.03299891948699951,0.03299891948699951,1.0,3.0,timeout
4582,3.9652676582336426,-1.6968224048614502,-0.00024663921794854105,0.03300042077898979,0.03300042077898979,1.0,-3.0,timeout
4583,3.9652674198150635,-1.696821689605713,-0.00025184726109728217,0.00016444789071101695,2.3560804038424976e-05,0.0,3.0,timeout
4584,3.9660322666168213,-1.696094036102295,-0.00024625787045806646,0.03299060836434364,0.032990146428346634,1.0,-3.0,timeout
4585,3.9660325050354004,-1.6960937976837158,-0.00025132455630227923,0.00015868413902353495,1.0536711670283694e-05,0.0,0.0,timeout
4586,3.9660327434539795,-1.6960941553115845,-0.0002508144825696945,2.0844388927798718e-05,1.3431724255497102e-05,0.0,-3.0,timeout
4587,3.9668002128601074,-1.6953694820404053,-0.0002452383632771671,0.032986026257276535,0.032985564321279526,1.0,3.0,timeout
4588,3.967566728591919,-1.694643259048462,-0.0002455052162986249,0.032997190952301025,0.032997190952301025,1.0,-3.0,timeout
4589,3.967566728591919,-1.6946427822113037,-0.00025092909345403314,0.00017014991317410022,1.4901160284352954e-05,0.0,3.0,timeout
4590,3.968317985534668,-1.693930745124817,-0.00024562867474742234,0.03234656900167465,0.03234614431858063,1.0,3.0,timeout
4591,3.9683327674865723,-1.693915843963623,-0.0002506301098037511,0.0006742798141203821,0.0006559155881404877,0.0,3.0,timeout
4592,3.968332290649414,-1.6939154863357544,-0.0002503502764739096,2.057707570202183e-05,1.862645149230957e-05,0.0,3.0,timeout
4593,3.968332529067993,-1.6939157247543335,-0.00024983141338452697,1.9337303456268273e-05,1.0536711670283694e-05,0.0,-3.0,timeout
4594,3.969095468521118,-1.693185806274414,-0.0002444353885948658,0.03299630805850029,0.03299587592482567,1.0,0.0,timeout
4595,3.969858169555664,-1.692455530166626,-0.0002448791346978396,0.032998226583004,0.0329982228577137,1.0,3.0,timeout
4596,3.9706199169158936,-1.6917240619659424,-0.0002454301284160465,0.033002499490976334,0.033002495765686035,1.0,-3.0,timeout
4597,3.9713826179504395,-1.6909937858581543,-0.00024590137763880193,0.032998226583004,0.0329982228577137,1.0,3.0,timeout
4598,3.9713828563690186,-1.6909934282302856,-0.00025124294916167855,0.0001674636296229437,1.3431724255497102e-05,0.0,0.0,timeout
4599,3.9721286296844482,-1.690276026725769,-0.00024588522501289845,0.03233841061592102,0.0323379784822464,1.0,3.0,timeout
4600,3.9728879928588867,-1.6895420551300049,-0.0002459521929267794,0.03300311788916588,0.03300311788916588,1.0,3.0,timeout
4601,3.9736456871032715,-1.6888065338134766,-0.0002462951233610511,0.03299935162067413,0.032999347895383835,1.0,3.0,timeout
4602,3.9744021892547607,-1.6880697011947632,-0.0002465725119691342,0.033001210540533066,0.033001210540533066,1.0,-3.0,timeout
4603,3.9751598834991455,-1.6873341798782349,-0.0002468156744726002,0.03299935162067413,0.032999347895383835,1.0,3.0,timeout
4604,3.975916624069214,-1.6865975856781006,-0.0002469901810400188,0.03300134837627411,0.03300134837627411,1.0,-3.0,timeout
4605,3.9759316444396973,-1.686583161354065,-0.00025202083634212613,0.0006694943876937032,0.0006507752696052194,0.0,-3.0,timeout
4606,3.975931406021118,-1.6865828037261963,-0.0002514886436983943,2.1377605662564747e-05,1.3431724255497102e-05,0.0,3.0,timeout
4607,3.976689577102661,-1.685848593711853,-0.0002457630180288106,0.03298201039433479,0.032981522381305695,1.0,-3.0,timeout
4608,3.977449417114258,-1.6851152181625366,-0.00024594433489255607,0.0330008938908577,0.0330008938908577,1.0,3.0,timeout
4609,3.97820782661438,-1.684380292892456,-0.0002462871780153364,0.03300242871046066,0.03300242871046066,1.0,0.0,timeout
4610,3.978965997695923,-1.6836451292037964,-0.0002465825527906418,0.03300226479768753,0.03300226107239723,1.0,3.0,timeout
4611,3.978966236114502,-1.6836450099945068,-0.0002517816028557718,0.00016268371837213635,8.330001946887933e-06,0.0,-3.0,timeout
4612,3.9797096252441406,-1.6829248666763306,-0.00024630932603031397,0.032344333827495575,0.03234388306736946,1.0,-3.0,timeout
4613,3.9797098636627197,-1.682924747467041,-0.0002512753999326378,0.00015541321772616357,8.330001946887933e-06,0.0,0.0,timeout
4614,3.980454683303833,-1.6822060346603394,-0.00024589657550677657,0.03234538435935974,0.03234494850039482,1.0,3.0,timeout
4615,3.9804694652557373,-1.682191014289856,-0.0002508439647499472,0.0006764698773622513,0.0006585655501112342,0.0,3.0,timeout
4616,3.981210708618164,-1.6814687252044678,-0.00024563659098930657,0.03234292194247246,0.032342515885829926,1.0,3.0,timeout
4617,3.981210947036743,-1.6814684867858887,-0.00025072420248761773,0.00015933661779854447,1.0536711670283694e-05,0.0,-3.0,timeout
4618,3.981952428817749,-1.6807464361190796,-0.0002454484347254038,0.032343074679374695,0.03234265372157097,1.0,-3.0,timeout
4619,3.981952428817749,-1.6807458400726318,-0.00025059154722839594,0.00016179798694793135,1.862645149230957e-05,0.0,3.0,timeout
4620,3.98195219039917,-1.6807457208633423,-0.00025022911722771823,1.40593665491906e-05,8.330001946887933e-06,0.0,3.0,timeout
4621,3.982692003250122,-1.68002188205719,-0.00024485544417984784,0.03234479948878288,0.03234436362981796,1.0,3.0,timeout
4622,3.983445405960083,-1.6792819499969482,-0.00024510687217116356,0.03299969062209129,0.03299969062209129,1.0,-3.0,timeout
4623,3.9842000007629395,-1.6785433292388916,-0.0002456279762554914,0.032997604459524155,0.032997600734233856,1.0,3.0,timeout
4624,3.984952926635742,-1.6778029203414917,-0.0002460500691086054,0.03299950808286667,0.03299950435757637,1.0,3.0,timeout
4625,3.985704183578491,-1.6770607233047485,-0.0002463881392031908,0.03300158679485321,0.03300158679485321,1.0,3.0,timeout
4626,3.9864542484283447,-1.6763173341751099,-0.0002466478035785258,0.033001311123371124,0.033001311123371124,1.0,-3.0,timeout
4627,3.9864542484283447,-1.676316738128662,-0.0002518539549782872,0.0001637550158193335,1.862645149230957e-05,0.0,3.0,timeout
4628,3.9871890544891357,-1.6755878925323486,-0.00024636948364786804,0.03234315663576126,0.03234270215034485,1.0,3.0,timeout
4629,3.987189292907715,-1.6755876541137695,-0.000251306890277192,0.00015465330216102302,1.0536711670283694e-05,0.0,-3.0,timeout
4630,3.987924337387085,-1.6748590469360352,-0.00024591435794718564,0.03234318643808365,0.03234274685382843,1.0,-3.0,timeout
4631,3.988675832748413,-1.6741172075271606,-0.0002459853421896696,0.032999034970998764,0.032999034970998764,1.0,3.0,timeout
4632,3.9894256591796875,-1.6733735799789429,-0.00024632178246974945,0.03300127014517784,0.03300126641988754,1.0,3.0,timeout
4633,3.990173578262329,-1.6726281642913818,-0.00024660470080561936,0.03299839422106743,0.03299839422106743,1.0,3.0,timeout
4634,3.990173816680908,-1.6726278066635132,-0.00025179891963489354,0.00016287410107906908,1.3431724255497102e-05,0.0,-3.0,timeout
4635,3.99017333984375,-1.672627329826355,-0.00025121946237049997,2.7784712074208073e-05,2.1073423340567388e-05,0.0,3.0,timeout
4636,3.9909048080444336,-1.671895146369934,-0.0002456493675708771,0.032342907041311264,0.03234243765473366,1.0,3.0,timeout
4637,3.9916493892669678,-1.6711463928222656,-0.00024575251154601574,0.032998476177453995,0.032998476177453995,1.0,3.0,timeout
4638,3.9916634559631348,-1.6711307764053345,-0.0002510183840058744,0.0006771045154891908,0.0006568036042153835,0.0,3.0,timeout
4639,3.9923899173736572,-1.670393466949463,-0.0002457907539792359,0.032346371561288834,0.032345958054065704,1.0,3.0,timeout
4640,3.993129253387451,-1.6696394681930542,-0.0002458805392961949,0.03299993649125099,0.03299993649125099,1.0,3.0,timeout
4641,3.993143081665039,-1.669623613357544,-0.000251121586188674,0.0006775311194360256,0.0006574371946044266,0.0,3.0,timeout
4642,3.9938645362854004,-1.6688812971115112,-0.0002458734961692244,0.03234877064824104,0.032348357141017914,1.0,3.0,timeout
4643,3.9938783645629883,-1.668865442276001,-0.0002508303732611239,0.0006754393689334393,0.0006574371946044266,0.0,3.0,timeout
4644,3.9946110248565674,-1.6681054830551147,-0.0002455197391100228,0.032988473773002625,0.0329880565404892,1.0,-3.0,timeout
4645,3.9946107864379883,-1.6681047677993774,-0.0002507428580429405,0.00016491416317876428,2.3560804038424976e-05,0.0,3.0,timeout
4646,3.995328664779663,-1.6673593521118164,-0.0002454700297676027,0.032340675592422485,0.03234025835990906,1.0,3.0,timeout
4647,3.9960594177246094,-1.6665970087051392,-0.0002456192160025239,0.03300046548247337,0.03300046548247337,1.0,3.0,timeout
4648,3.996788263320923,-1.6658328771591187,-0.00024602882331237197,0.032999660819768906,0.03299965709447861,1.0,3.0,timeout
4649,3.9975156784057617,-1.665067195892334,-0.0002463707060087472,0.03300391137599945,0.03300391137599945,1.0,3.0,timeout
4650,3.9982411861419678,-1.6642998456954956,-0.000246644951403141,0.03300076723098755,0.03300076723098755,1.0,3.0,timeout
4651,3.99896502494812,-1.663530945777893,-0.0002468643360771239,0.03300020098686218,0.033000197261571884,1.0,3.0,timeout
4652,3.999687671661377,-1.662760853767395,-0.0002470283070579171,0.03300183266401291,0.03300183266401291,1.0,-3.0,timeout
4653,4.000411510467529,-1.6619921922683716,-0.0002471803454682231,0.03299477696418762,0.03299477696418762,1.0,3.0,timeout
4654,4.001133918762207,-1.6612218618392944,-0.00024729271535761654,0.03300217166543007,0.03300216794013977,1.0,3.0,timeout
4655,4.001133918762207,-1.6612213850021362,-0.000252348865615204,0.00015870577772147954,1.4901160284352954e-05,0.0,-3.0,timeout
4656,4.001133441925049,-1.6612207889556885,-0.0002516593085601926,3.214551179553382e-05,2.3853495804360136e-05,0.0,3.0,timeout
4657,4.001132488250732,-1.6612201929092407,-0.00025088601978495717,4.26507176598534e-05,3.5144315916113555e-05,0.0,3.0,timeout
4658,4.001132011413574,-1.661219835281372,-0.0002502562419977039,2.709739601414185e-05,1.862645149230957e-05,0.0,3.0,timeout
4659,4.001835346221924,-1.6604604721069336,-0.0002448668237775564,0.03234550356864929,0.032345063984394073,1.0,3.0,timeout
4660,4.002551555633545,-1.659684419631958,-0.0002451152540743351,0.033001143485307693,0.033001139760017395,1.0,-3.0,timeout
4661,4.002565860748291,-1.6596691608428955,-0.0002505065640434623,0.0006749806343577802,0.0006536159780807793,0.0,-3.0,timeout
4662,4.002565383911133,-1.6596688032150269,-0.0002502768184058368,1.9962229998782277e-05,1.862645149230957e-05,0.0,3.0,timeout
4663,4.003283500671387,-1.6588953733444214,-0.00024479482090100646,0.032981932163238525,0.03298148885369301,1.0,-3.0,timeout
4664,4.004003524780273,-1.6581228971481323,-0.00024515847326256335,0.033000268042087555,0.033000268042087555,1.0,-3.0,timeout
4665,4.004003524780273,-1.6581225395202637,-0.00025065187946893275,0.00017203233437612653,1.117586998589104e-05,0.0,3.0,timeout
4666,4.004003524780273,-1.6581225395202637,-0.0002502915740478784,1.125954349845415e-05,0.0,0.0,3.0,timeout
4667,4.004707336425781,-1.6573635339736938,-0.00024490593932569027,0.032347436994314194,0.032346997410058975,1.0,3.0,timeout
4668,4.005423069000244,-1.6565872430801392,-0.00024515739642083645,0.032996516674757004,0.032996516674757004,1.0,3.0,timeout
4669,4.006137371063232,-1.6558092832565308,-0.00024565868079662323,0.03300463408231735,0.033004626631736755,1.0,3.0,timeout
4670,4.006849765777588,-1.6550296545028687,-0.00024607445811852813,0.0330028310418129,0.0330028273165226,1.0,3.0,timeout
4671,4.0075602531433105,-1.6542484760284424,-0.00024640784249641,0.0329984650015831,0.0329984612762928,1.0,3.0,timeout
4672,4.0082688331604,-1.6534656286239624,-0.00024667460820637643,0.03299703821539879,0.03299703449010849,1.0,3.0,timeout
4673,4.008975982666016,-1.6526813507080078,-0.00024688217672519386,0.03300023823976517,0.03300023823976517,1.0,0.0,timeout
4674,4.009683132171631,-1.6518970727920532,-0.0002470594481565058,0.03300023823976517,0.03300023823976517,1.0,3.0,timeout
4675,4.0096964836120605,-1.6518807411193848,-0.00025207881117239594,0.0006776124355383217,0.0006592079880647361,0.0,3.0,timeout
4676,4.010385990142822,-1.651108980178833,-0.00024664014927111566,0.03234131261706352,0.03234086558222771,1.0,3.0,timeout
4677,4.011087894439697,-1.6503198146820068,-0.000246559880906716,0.03300467133522034,0.03300467133522034,1.0,3.0,timeout
4678,4.0117878913879395,-1.6495290994644165,-0.0002467815356794745,0.033001333475112915,0.033001333475112915,1.0,3.0,timeout
4679,4.012486457824707,-1.6487369537353516,-0.0002469669561833143,0.033005233854055405,0.033005233854055405,1.0,0.0,timeout
4680,4.013185024261475,-1.6479452848434448,-0.0002471157640684396,0.03299406170845032,0.03299406170845032,1.0,-3.0,timeout
4681,4.013885021209717,-1.6471548080444336,-0.00024725039838813245,0.03299575671553612,0.03299575671553612,1.0,3.0,timeout
4682,4.014584064483643,-1.6463630199432373,-0.0002473430649843067,0.033006712794303894,0.033006712794303894,1.0,0.0,timeout
4683,4.01528263092041,-1.645570993423462,-0.0002474278153385967,0.03300243988633156,0.03300243988633156,1.0,3.0,timeout
4684,4.015979290008545,-1.6447774171829224,-0.0002474903012625873,0.032999422401189804,0.032999422401189804,1.0,3.0,timeout
4685,4.016674518585205,-1.6439827680587769,-0.00024752909666858613,0.03299517557024956,0.03299517557024956,1.0,-3.0,timeout
4686,4.017371654510498,-1.6431894302368164,-0.00024758066865615547,0.033003658056259155,0.033003658056259155,1.0,3.0,timeout
4687,4.01806640625,-1.6423944234848022,-0.0002476126828696579,0.032993778586387634,0.032993778586387634,1.0,3.0,timeout
4688,4.018759727478027,-1.641597867012024,-0.0002476379740983248,0.0330008938908577,0.0330008938908577,1.0,3.0,timeout
4689,4.019451141357422,-1.640799641609192,-0.00024765831767581403,0.03300119563937187,0.03300119563937187,1.0,3.0,timeout
4690,4.019451141357422,-1.6407991647720337,-0.0002526410389691591,0.0001564214180689305,1.4901160284352954e-05,0.0,-3.0,timeout
4691,4.0194501876831055,-1.640798568725586,-0.0002518929832149297,4.220894697937183e-05,3.5144315916113555e-05,0.0,3.0,timeout
4692,4.020139217376709,-1.640001654624939,-0.0002460920950397849,0.03292195498943329,0.032921455800533295,1.0,-3.0,timeout
4693,4.020831108093262,-1.6392037868499756,-0.0002461979747749865,0.03300251066684723,0.03300251066684723,1.0,3.0,timeout
4694,4.020843982696533,-1.6391874551773071,-0.0002513782528694719,0.000669737986754626,0.0006498789298348129,0.0,3.0,timeout
4695,4.020843505859375,-1.6391870975494385,-0.0002509630867280066,2.2699512555846013e-05,1.862645149230957e-05,0.0,3.0,timeout
4696,4.020843505859375,-1.6391868591308594,-0.0002503272262401879,2.1221532733761705e-05,7.450580142176477e-06,0.0,0.0,timeout
4697,4.021517276763916,-1.6384010314941406,-0.00024491833755746484,0.03234822675585747,0.03234778344631195,1.0,-3.0,timeout
4698,4.022205829620361,-1.6376004219055176,-0.00024517803103663027,0.0329991839826107,0.032999180257320404,1.0,3.0,timeout
4699,4.022205829620361,-1.637600064277649,-0.0002506492892280221,0.00017134167137555778,1.117586998589104e-05,0.0,0.0,timeout
4700,4.022205352783203,-1.6375998258590698,-0.0002502943098079413,2.0015313566545956e-05,1.6660003893775865e-05,0.0,3.0,timeout
4701,4.022205829620361,-1.637600064277649,-0.000249783624894917,2.307037721038796e-05,1.6660003893775865e-05,0.0,-3.0,timeout
4702,4.022205352783203,-1.6375998258590698,-0.00024938417482189834,2.081769343931228e-05,1.6660003893775865e-05,0.0,3.0,timeout
4703,4.022876739501953,-1.6368122100830078,-0.0002441692922729999,0.032342251390218735,0.032341841608285904,1.0,3.0,timeout
4704,4.0235595703125,-1.6360068321228027,-0.00024456801475025713,0.03299638256430626,0.03299638256430626,1.0,3.0,timeout
4705,4.024240970611572,-1.635199785232544,-0.00024518751888535917,0.03300732746720314,0.03300732374191284,1.0,3.0,timeout
4706,4.024920463562012,-1.6343913078308105,-0.00024569782544858754,0.03300311788916588,0.03300311043858528,1.0,3.0,timeout
4707,4.024932861328125,-1.6343744993209839,-0.0002509901241865009,0.0006733189802616835,0.0006526916986331344,0.0,3.0,timeout
4708,4.025595188140869,-1.633579134941101,-0.0002457690134178847,0.0323450081050396,0.032344598323106766,1.0,3.0,timeout
4709,4.026269435882568,-1.6327663660049438,-0.0002458520757500082,0.033000994473695755,0.033000994473695755,1.0,-3.0,timeout
4710,4.02626895904541,-1.632765531539917,-0.00025120278587564826,0.00016988565039355308,3.003424899361562e-05,0.0,3.0,timeout
4711,4.02626895904541,-1.632765293121338,-0.00025072754942812026,1.6615276763332076e-05,7.450580142176477e-06,0.0,0.0,timeout
4712,4.0269293785095215,-1.63196861743927,-0.0002452608023304492,0.03233848139643669,0.03233802318572998,1.0,3.0,timeout
4713,4.026942253112793,-1.631951928138733,-0.00025032571284100413,0.0006774416542612016,0.0006586919771507382,0.0,3.0,timeout
4714,4.027612686157227,-1.6311365365982056,-0.00024511569063179195,0.03298867866396904,0.03298827260732651,1.0,-3.0,timeout
4715,4.027626037597656,-1.6311205625534058,-0.00025031284894794226,0.000670559355057776,0.0006505939527414739,0.0,-3.0,timeout
4716,4.028287410736084,-1.6303242444992065,-0.00024521566228941083,0.03234884887933731,0.032348453998565674,1.0,-3.0,timeout
4717,4.028963565826416,-1.6295132637023926,-0.0002454256173223257,0.032996147871017456,0.032996147871017456,1.0,0.0,timeout
4718,4.029639720916748,-1.6287020444869995,-0.0002458796661812812,0.03300187364220619,0.033001869916915894,1.0,3.0,timeout
4719,4.030313968658447,-1.6278891563415527,-0.00024625103105790913,0.03300386294722557,0.03300386294722557,1.0,3.0,timeout
4720,4.030986309051514,-1.6270748376846313,-0.0002465487050358206,0.03300030529499054,0.03300030156970024,1.0,3.0,timeout
4721,4.030998706817627,-1.6270580291748047,-0.00025167010608129203,0.0006720270612277091,0.0006526916986331344,0.0,3.0,timeout
4722,4.031667709350586,-1.6262409687042236,-0.0002462108968757093,0.033000677824020386,0.03300023823976517,1.0,0.0,timeout
4723,4.032336235046387,-1.625423550605774,-0.0002463141572661698,0.03299944847822189,0.03299944847822189,1.0,3.0,timeout
4724,4.033003330230713,-1.6246050596237183,-0.00024657833273522556,0.03299714997410774,0.03299714997410774,1.0,-3.0,timeout
4725,4.033671855926514,-1.6237876415252686,-0.00024681969080120325,0.03299945220351219,0.03299944847822189,1.0,3.0,timeout
4726,4.034339427947998,-1.6229692697525024,-0.00024699349887669086,0.033003680408000946,0.033003680408000946,1.0,-3.0,timeout
4727,4.034339427947998,-1.622968316078186,-0.0002521280839573592,0.00016319997666869313,2.980232056870591e-05,0.0,3.0,timeout
4728,4.0349931716918945,-1.6221659183502197,-0.0002465906727593392,0.03234418109059334,0.03234371915459633,1.0,3.0,timeout
4729,4.035005569458008,-1.6221492290496826,-0.0002513992367312312,0.0006668486748822033,0.0006496974383480847,0.0,3.0,timeout
4730,4.035005569458008,-1.6221489906311035,-0.00025096017634496093,1.561303906782996e-05,7.450580142176477e-06,0.0,0.0,timeout
4731,4.035655498504639,-1.6213434934616089,-0.00024545015185140073,0.032344333827495575,0.032343875616788864,1.0,3.0,timeout
4732,4.036316394805908,-1.620519757270813,-0.0002455934591125697,0.03300280123949051,0.03300279751420021,1.0,3.0,timeout
4733,4.036316394805908,-1.6205193996429443,-0.0002509750484023243,0.00016854559362400323,1.117586998589104e-05,0.0,-3.0,timeout
4734,4.036316394805908,-1.6205192804336548,-0.00025054861907847226,1.3836827747581992e-05,3.7252900710882386e-06,0.0,-3.0,timeout
4735,4.036978721618652,-1.6196974515914917,-0.00024502689484506845,0.032984815537929535,0.032984357327222824,1.0,3.0,timeout
4736,4.037639141082764,-1.6188737154006958,-0.0002453463966958225,0.03299347683787346,0.03299347683787346,1.0,3.0,timeout
4737,4.0382981300354,-1.6180485486984253,-0.0002458142989780754,0.03300045430660248,0.03300045058131218,1.0,3.0,timeout
4738,4.038955211639404,-1.6172218322753906,-0.00024619934265501797,0.033001188188791275,0.03300118446350098,1.0,3.0,timeout
4739,4.039610385894775,-1.6163936853408813,-0.00024650790146552026,0.032999180257320404,0.032999180257320404,1.0,3.0,timeout
4740,4.039609909057617,-1.616392970085144,-0.0002517274406272918,0.00016530792345292866,2.6863448510994203e-05,0.0,0.0,timeout
4741,4.039609432220459,-1.6163923740386963,-0.00025115784956142306,2.9762715712422505e-05,2.3853495804360136e-05,0.0,3.0,timeout
4742,4.039608478546143,-1.6163917779922485,-0.0002504848234821111,4.095693657291122e-05,3.5144315916113555e-05,0.0,3.0,timeout
4743,4.040256023406982,-1.6155649423599243,-0.0002449692692607641,0.0328199677169323,0.032819513231515884,1.0,-3.0,timeout
4744,4.0409088134765625,-1.6147348880767822,-0.00024527430650778115,0.03299983963370323,0.03299983590841293,1.0,-3.0,timeout
4745,4.041563034057617,-1.613905906677246,-0.0002457651717122644,0.033001165837049484,0.033001162111759186,1.0,3.0,timeout
4746,4.042214870452881,-1.6130753755569458,-0.00024615981965325773,0.032993145287036896,0.0329931415617466,1.0,3.0,timeout
4747,4.042865753173828,-1.612243890762329,-0.000246465380769223,0.032998211681842804,0.032998211681842804,1.0,-3.0,timeout
4748,4.0428667068481445,-1.6122418642044067,-0.0002516994427423924,0.00017791059508454055,6.999184552114457e-05,0.0,3.0,timeout
4749,4.04350471496582,-1.611426591873169,-0.0002462538832332939,0.032351717352867126,0.03235127031803131,1.0,3.0,timeout
4750,4.044152736663818,-1.6105930805206299,-0.000246246752794832,0.03299315273761749,0.03299315273761749,1.0,3.0,timeout
4751,4.044799327850342,-1.6097580194473267,-0.00024653057334944606,0.03300401195883751,0.03300401195883751,1.0,3.0,timeout
4752,4.044811248779297,-1.6097408533096313,-0.0002516549138817936,0.0006724515114910901,0.0006531061371788383,0.0,3.0,timeout
4753,4.045441150665283,-1.608919620513916,-0.0002463007695041597,0.032343797385692596,0.032343365252017975,1.0,3.0,timeout
4754,4.046082019805908,-1.6080800294876099,-0.0002462883130647242,0.03300725296139717,0.03300725296139717,1.0,3.0,timeout
4755,4.046720504760742,-1.607239007949829,-0.0002465643046889454,0.032997697591781616,0.03299769386649132,1.0,3.0,timeout
4756,4.047357559204102,-1.6063966751098633,-0.00024679902708157897,0.03300335630774498,0.03300335630774498,1.0,3.0,timeout
4757,4.04799222946167,-1.6055527925491333,-0.00024698753259144723,0.03299715742468834,0.03299715742468834,1.0,3.0,timeout
4758,4.048625469207764,-1.6047075986862183,-0.00024713834864087403,0.03300309553742409,0.03300309553742409,1.0,3.0,timeout
4759,4.0486369132995605,-1.6046899557113647,-0.0002521417918615043,0.0006755178910680115,0.000657173281069845,0.0,3.0,timeout
4760,4.048636436462402,-1.6046897172927856,-0.0002515637024771422,2.4574590497650206e-05,1.6660003893775865e-05,0.0,-3.0,timeout
4761,4.049255847930908,-1.60386061668396,-0.0002459258830640465,0.03234201669692993,0.03234153613448143,1.0,-3.0,timeout
4762,4.049890041351318,-1.6030161380767822,-0.00024597393348813057,0.033003099262714386,0.033003099262714386,1.0,-3.0,timeout
4763,4.050525665283203,-1.6021728515625,-0.00024632178246974945,0.03300020471215248,0.03300020098686218,1.0,3.0,timeout
4764,4.050526142120361,-1.602172613143921,-0.0002515725791454315,0.00016493097064085305,1.6660003893775865e-05,0.0,-3.0,timeout
4765,4.051161289215088,-1.6013295650482178,-0.0002460580144543201,0.032985735684633255,0.03298528492450714,1.0,3.0,timeout
4766,4.05179500579834,-1.6004847288131714,-0.0002461821131873876,0.03300309181213379,0.03300309181213379,1.0,3.0,timeout
4767,4.05179500579834,-1.6004843711853027,-0.00025145019753836095,0.00016500653873663396,1.117586998589104e-05,0.0,-3.0,timeout
4768,4.0524163246154785,-1.5996567010879517,-0.000246043608058244,0.03234191983938217,0.03234148025512695,1.0,-3.0,timeout
4769,4.0530524253845215,-1.598813533782959,-0.00024608944659121335,0.033006202429533005,0.033006202429533005,1.0,3.0,timeout
4770,4.0530524253845215,-1.5988132953643799,-0.00025137272314168513,0.00016527040861546993,7.450580142176477e-06,0.0,-3.0,timeout
4771,4.053051948547363,-1.5988129377365112,-0.00025087789981625974,2.4208597096730955e-05,1.862645149230957e-05,0.0,3.0,timeout
4772,4.053673267364502,-1.5979851484298706,-0.00024537587887607515,0.032344918698072433,0.03234446048736572,1.0,3.0,timeout
4773,4.054305076599121,-1.5971390008926392,-0.00024553356342948973,0.03300018608570099,0.03300018608570099,1.0,3.0,timeout
4774,4.054935455322266,-1.5962916612625122,-0.0002459489041939378,0.033003341406583786,0.03300333768129349,1.0,-3.0,timeout
4775,4.055567264556885,-1.5954455137252808,-0.0002463161654304713,0.03300018608570099,0.03300018608570099,1.0,3.0,timeout
4776,4.056197166442871,-1.5945979356765747,-0.0002466013247612864,0.03300042822957039,0.03300042450428009,1.0,3.0,timeout
4777,4.056825160980225,-1.593748927116394,-0.0002468291495461017,0.03300083801150322,0.03300083428621292,1.0,3.0,timeout
4778,4.057451248168945,-1.5928984880447388,-0.0002470114268362522,0.03300141915678978,0.03300141543149948,1.0,3.0,timeout
4779,4.057462692260742,-1.5928808450698853,-0.0002520401612855494,0.0006757012451998889,0.000657173281069845,0.0,3.0,timeout
4780,4.058072566986084,-1.592044711112976,-0.0002466092410031706,0.032341811805963516,0.0323413647711277,1.0,3.0,timeout
4781,4.058084011077881,-1.592026948928833,-0.00025141838705167174,0.000677188450936228,0.0006603017682209611,0.0,3.0,timeout
4782,4.058690071105957,-1.5911879539489746,-0.00024609704269096255,0.03234412148594856,0.03234369307756424,1.0,3.0,timeout
4783,4.058689594268799,-1.5911874771118164,-0.000251091958489269,0.00015750722377561033,2.1073423340567388e-05,0.0,-3.0,timeout
4784,4.058689117431641,-1.5911868810653687,-0.0002506394812371582,2.772952211671509e-05,2.3853495804360136e-05,0.0,3.0,timeout
4785,4.059293270111084,-1.5903464555740356,-0.00024518469581380486,0.03234556317329407,0.032345112413167953,1.0,3.0,timeout
4786,4.059304714202881,-1.5903286933898926,-0.00025026468210853636,0.0006791169289499521,0.0006603017682209611,0.0,3.0,timeout
4787,4.0599045753479,-1.5894854068756104,-0.00024517308338545263,0.03234022110700607,0.032339829951524734,1.0,3.0,timeout
4788,4.060514450073242,-1.5886234045028687,-0.0002453857159707695,0.03299791365861893,0.03299791365861893,1.0,3.0,timeout
4789,4.061122417449951,-1.5877599716186523,-0.0002458424714859575,0.033000070601701736,0.03300006687641144,1.0,3.0,timeout
4790,4.0617289543151855,-1.586895227432251,-0.00024622181081213057,0.033007893711328506,0.03300788998603821,1.0,3.0,timeout
4791,4.062333106994629,-1.5860291719436646,-0.00024652594584040344,0.032998766750097275,0.032998766750097275,1.0,3.0,timeout
4792,4.0629353523254395,-1.585161805152893,-0.0002467692247591913,0.03299834951758385,0.03299834951758385,1.0,3.0,timeout
4793,4.063535690307617,-1.5842931270599365,-0.000246963812969625,0.03299809247255325,0.03299809247255325,1.0,3.0,timeout
4794,4.06413459777832,-1.5834232568740845,-0.000247113493969664,0.03300337493419647,0.03300337493419647,1.0,0.0,timeout
4795,4.064733982086182,-1.5825536251068115,-0.000247238582232967,0.033005692064762115,0.033005692064762115,1.0,0.0,timeout
4796,4.06474494934082,-1.5825356245040894,-0.0002522276190575212,0.0006769018364138901,0.0006587025127373636,0.0,3.0,timeout
4797,4.065341949462891,-1.5816655158996582,-0.0002466531586833298,0.032976213842630386,0.032975755631923676,1.0,-3.0,timeout
4798,4.06594181060791,-1.580796241760254,-0.000246660114498809,0.03300495445728302,0.03300495445728302,1.0,-3.0,timeout
4799,4.065953731536865,-1.5807791948318481,-0.00025174696929752827,0.0006692042225040495,0.0006500497693195939,0.0,-3.0,timeout
4800,4.066556930541992,-1.579912781715393,-0.00024628889514133334,0.03299133479595184,0.032990891486406326,1.0,3.0,timeout
4801,4.066556930541992,-1.579912543296814,-0.00025133826420642436,0.00015796857769601047,7.450580142176477e-06,0.0,-3.0,timeout
4802,4.067159652709961,-1.5790460109710693,-0.000245860283030197,0.032985884696245193,0.03298543766140938,1.0,3.0,timeout
4803,4.067760944366455,-1.5781776905059814,-0.0002460231480654329,0.033005859702825546,0.033005859702825546,1.0,3.0,timeout
4804,4.067762851715088,-1.5781747102737427,-0.0002513086365070194,0.00019876609439961612,0.00011057273513870314,0.0,-3.0,timeout
4805,4.068352222442627,-1.5773241519927979,-0.00024594421847723424,0.03233787417411804,0.03233744204044342,1.0,-3.0,timeout
4806,4.06836462020874,-1.5773069858551025,-0.00025088246911764145,0.0006794753135181963,0.0006617189501412213,0.0,-3.0,timeout
4807,4.068958282470703,-1.5764594078063965,-0.0002456673828419298,0.03233809769153595,0.03233768790960312,1.0,-3.0,timeout
4808,4.06956672668457,-1.5755960941314697,-0.0002457816735841334,0.03300560638308525,0.03300560265779495,1.0,-3.0,timeout
4809,4.069570064544678,-1.5755910873413086,-0.00025112085859291255,0.00025139484205283225,0.00018804414139594883,0.0,3.0,timeout
4810,4.070165634155273,-1.574744701385498,-0.00024580658646300435,0.03234187141060829,0.03234144300222397,1.0,3.0,timeout
4811,4.07017707824707,-1.5747272968292236,-0.00025077309692278504,0.0006691820453852415,0.0006509351660497487,0.0,3.0,timeout
4812,4.070768356323242,-1.5738778114318848,-0.0002455798676237464,0.032344311475753784,0.03234390169382095,1.0,3.0,timeout
4813,4.070779800415039,-1.5738601684570312,-0.0002505943411961198,0.0006755977519787848,0.000657173281069845,0.0,3.0,timeout
4814,4.071367263793945,-1.5730078220367432,-0.0002454372006468475,0.032349925488233566,0.03234952315688133,1.0,3.0,timeout
4815,4.071378231048584,-1.5729900598526,-0.0002504804579075426,0.000671118963509798,0.0006523513584397733,0.0,3.0,timeout
4816,4.071377754211426,-1.5729897022247314,-0.00025023097987286747,2.0192206648061983e-05,1.862645149230957e-05,0.0,3.0,timeout
4817,4.071959018707275,-1.5721333026885986,-0.00024486129404976964,0.03234514594078064,0.03234470635652542,1.0,3.0,timeout
4818,4.072549819946289,-1.5712579488754272,-0.0002451222389936447,0.03300228342413902,0.03300228342413902,1.0,3.0,timeout
4819,4.07255220413208,-1.571253776550293,-0.00025057781022042036,0.00022719393018633127,0.0001501712395111099,0.0,-3.0,timeout
4820,4.0731425285339355,-1.5703787803649902,-0.0002452814078424126,0.032985102385282516,0.03298468142747879,1.0,3.0,timeout
4821,4.073153495788574,-1.570360779762268,-0.00025044556241482496,0.0006781832198612392,0.0006587025127373636,0.0,3.0,timeout
4822,4.073740482330322,-1.5694831609725952,-0.00024522049352526665,0.03299495577812195,0.032994553446769714,1.0,0.0,timeout
4823,4.074326992034912,-1.5686051845550537,-0.00024552163085900247,0.0329955630004406,0.0329955630004406,1.0,3.0,timeout
4824,4.074912071228027,-1.5677258968353271,-0.0002459553361404687,0.03300486132502556,0.03300485759973526,1.0,3.0,timeout
4825,4.074922561645508,-1.5677077770233154,-0.0002511953061912209,0.0006744743441231549,0.0006542950286529958,0.0,3.0,timeout
4826,4.075491905212402,-1.5668435096740723,-0.0002459332172293216,0.03234243392944336,0.03234201297163963,1.0,3.0,timeout
4827,4.076071262359619,-1.5659605264663696,-0.00024598336312919855,0.03300263360142708,0.03300263360142708,1.0,-3.0,timeout
4828,4.0766520500183105,-1.565078616142273,-0.00024632984423078597,0.03299917280673981,0.03299916908144951,1.0,3.0,timeout
4829,4.077231407165527,-1.5641957521438599,-0.00024660094641149044,0.032999519258737564,0.032999519258737564,1.0,-3.0,timeout
4830,4.077812671661377,-1.5633139610290527,-0.00024683831725269556,0.03300425782799721,0.03300425782799721,1.0,3.0,timeout
4831,4.078392028808594,-1.5624310970306396,-0.00024700842914171517,0.032999519258737564,0.032999519258737564,1.0,-3.0,timeout
4832,4.078397274017334,-1.5624221563339233,-0.00025209624436683953,0.00036084497696720064,0.00032392892171628773,0.0,3.0,timeout
4833,4.078964710235596,-1.5615568161010742,-0.0002466070873197168,0.032337747514247894,0.03233729302883148,1.0,3.0,timeout
4834,4.07954216003418,-1.560672402381897,-0.00024652548017911613,0.03300739452242851,0.03300739452242851,1.0,0.0,timeout
4835,4.080118656158447,-1.5597878694534302,-0.00024675895110704005,0.03299423307180405,0.03299423307180405,1.0,3.0,timeout
4836,4.080694198608398,-1.558902382850647,-0.00024694393505342305,0.033002953976392746,0.033002953976392746,1.0,-3.0,timeout
4837,4.080705642700195,-1.558884859085083,-0.00025198381626978517,0.0006727465079165995,0.0006540510221384466,0.0,-3.0,timeout
4838,4.081273078918457,-1.5580196380615234,-0.00024718596250750124,0.03233452886343002,0.03233417868614197,1.0,3.0,timeout
4839,4.081850528717041,-1.5571354627609253,-0.00024697385379113257,0.03300115466117859,0.03300115466117859,1.0,-3.0,timeout
4840,4.081862449645996,-1.5571180582046509,-0.0002519924018997699,0.0006776372902095318,0.0006592395366169512,0.0,-3.0,timeout
4841,4.081861972808838,-1.5571179389953613,-0.00025146501138806343,2.252874219266232e-05,1.5359764802269638e-05,0.0,3.0,timeout
4842,4.081861972808838,-1.5571178197860718,-0.000250734097789973,2.3142845748225227e-05,3.7252900710882386e-06,0.0,3.0,timeout
4843,4.082427501678467,-1.5562511682510376,-0.00024524948094040155,0.03233941271901131,0.032338958233594894,1.0,3.0,timeout
4844,4.08300256729126,-1.5553654432296753,-0.0002454316709190607,0.03300108388066292,0.03300108388066292,1.0,3.0,timeout
4845,4.083575248718262,-1.5544782876968384,-0.00024587809457443655,0.03299812227487564,0.03299811854958534,1.0,3.0,timeout
4846,4.084146976470947,-1.5535902976989746,-0.00024623909848742187,0.03300388902425766,0.03300388902425766,1.0,-3.0,timeout
4847,4.084146976470947,-1.5535898208618164,-0.0002515220839995891,0.00016576441703364253,1.4901160284352954e-05,0.0,0.0,timeout
4848,4.0847086906433105,-1.5527206659317017,-0.00024610914988443255,0.03234008699655533,0.03233964368700981,1.0,3.0,timeout
4849,4.08527946472168,-1.5518321990966797,-0.00024613100686110556,0.03300030156970024,0.03300030156970024,1.0,3.0,timeout
4850,4.085848331451416,-1.5509424209594727,-0.0002464380522724241,0.033002641052007675,0.033002641052007675,1.0,3.0,timeout
4851,4.086414813995361,-1.5500513315200806,-0.0002466978912707418,0.032997142523527145,0.03299713879823685,1.0,3.0,timeout
4852,4.086979866027832,-1.549159049987793,-0.0002469065075274557,0.03300464525818825,0.03300464525818825,1.0,3.0,timeout
4853,4.086989879608154,-1.5491405725479126,-0.00025195637135766447,0.0006754545611329377,0.0006567614036612213,0.0,3.0,timeout
4854,4.086988925933838,-1.5491400957107544,-0.0002514264779165387,3.7207915738690645e-05,3.332000778755173e-05,0.0,3.0,timeout
4855,4.087536811828613,-1.548262119293213,-0.0002458188100717962,0.03234115242958069,0.032340675592422485,1.0,3.0,timeout
4856,4.0875468254089355,-1.5482436418533325,-0.00025077181635424495,0.0006747538573108613,0.0006567614036612213,0.0,3.0,timeout
4857,4.088090896606445,-1.547363042831421,-0.0002455789363011718,0.032347824424505234,0.0323474183678627,1.0,3.0,timeout
4858,4.0886430740356445,-1.5464630126953125,-0.000245710281888023,0.032997310161590576,0.03299730643630028,1.0,3.0,timeout
4859,4.089194297790527,-1.5455622673034668,-0.00024609078536741436,0.033000800758600235,0.033000797033309937,1.0,-3.0,timeout
4860,4.089205265045166,-1.5455442667007446,-0.00025130080757662654,0.000678525713738054,0.0006587025127373636,0.0,-3.0,timeout
4861,4.089759826660156,-1.5446462631225586,-0.00024593312991783023,0.032982856035232544,0.03298243135213852,1.0,3.0,timeout
4862,4.09031343460083,-1.5437469482421875,-0.00024607518571428955,0.033001672476530075,0.033001672476530075,1.0,-3.0,timeout
4863,4.090320110321045,-1.5437349081039429,-0.0002513238287065178,0.0004604244022630155,0.0004302186134736985,0.0,3.0,timeout
4864,4.090319633483887,-1.5437346696853638,-0.0002508881443645805,2.1515752450795844e-05,1.6660003893775865e-05,0.0,3.0,timeout
4865,4.0903191566467285,-1.5437344312667847,-0.00025027102674357593,2.5484583602519706e-05,1.6660003893775865e-05,0.0,3.0,timeout
4866,4.090859413146973,-1.542848825454712,-0.000244856666540727,0.03241882845759392,0.0324183888733387,1.0,-3.0,timeout
4867,4.090859889984131,-1.5428485870361328,-0.0002501134295016527,0.00016511646390426904,1.6660003893775865e-05,0.0,0.0,timeout
4868,4.091401100158691,-1.541966438293457,-0.00024495599791407585,0.03234218806028366,0.03234178200364113,1.0,-3.0,timeout
4869,4.091412544250488,-1.541948914527893,-0.00025009139790199697,0.0006734515191055834,0.0006540510221384466,0.0,-3.0,timeout
4870,4.091958045959473,-1.5410693883895874,-0.00024503478198312223,0.032342828810214996,0.03234243765473366,1.0,-3.0,timeout
4871,4.0925164222717285,-1.5401729345321655,-0.00024528568610548973,0.03300410509109497,0.03300410509109497,1.0,3.0,timeout
4872,4.093072414398193,-1.539275050163269,-0.0002457620284985751,0.03300277888774872,0.03300277516245842,1.0,3.0,timeout
4873,4.093626022338867,-1.538375973701477,-0.0002461567346472293,0.032995328307151794,0.032995324581861496,1.0,3.0,timeout
4874,4.094178199768066,-1.5374755859375,-0.0002464732970111072,0.03300683572888374,0.03300683572888374,1.0,3.0,timeout
4875,4.094183921813965,-1.537465214729309,-0.00025163954705931246,0.00040383159648627043,0.0003701558744069189,0.0,-3.0,timeout
4876,4.094735622406006,-1.5365654230117798,-0.0002461644180584699,0.03298360854387283,0.032983165234327316,1.0,3.0,timeout
4877,4.095285415649414,-1.5356637239456177,-0.00024626890080980957,0.03300292417407036,0.03300292417407036,1.0,3.0,timeout
4878,4.095295429229736,-1.5356452465057373,-0.0002514358202461153,0.0006763185956515372,0.0006567614036612213,0.0,3.0,timeout
4879,4.09583044052124,-1.5347591638565063,-0.00024612504057586193,0.03234650939702988,0.03234608471393585,1.0,3.0,timeout
4880,4.096374034881592,-1.5338537693023682,-0.00024614212452434003,0.03300144895911217,0.03300144895911217,1.0,0.0,timeout
4881,4.096917629241943,-1.53294837474823,-0.00024645280791446567,0.03300144895911217,0.03300144895911217,1.0,3.0,timeout
4882,4.097458839416504,-1.5320417881011963,-0.0002467099402565509,0.03299514204263687,0.03299514204263687,1.0,3.0,timeout
4883,4.097468852996826,-1.5320230722427368,-0.00025179912336170673,0.0006821202114224434,0.0006633213488385081,0.0,3.0,timeout
4884,4.097995758056641,-1.5311322212219238,-0.0002464163990225643,0.032344479113817215,0.032344043254852295,1.0,3.0,timeout
4885,4.0985307693481445,-1.530221939086914,-0.0002463808923494071,0.03299577534198761,0.03299577534198761,1.0,3.0,timeout
4886,4.099064350128174,-1.529310703277588,-0.00024662705254741013,0.032998863607645035,0.032998859882354736,1.0,-3.0,timeout
4887,4.099600315093994,-1.5284007787704468,-0.00024684739764779806,0.033001258969306946,0.033001258969306946,1.0,-3.0,timeout
4888,4.100138187408447,-1.5274919271469116,-0.0002470357867423445,0.033002689480781555,0.033002689480781555,1.0,3.0,timeout
4889,4.100674152374268,-1.52658212184906,-0.00024716637562960386,0.03299804776906967,0.03299804776906967,1.0,-3.0,timeout
4890,4.100682258605957,-1.5265672206878662,-0.0002521915885154158,0.0005528762703761458,0.0005301049677655101,0.0,3.0,timeout
4891,4.101207256317139,-1.5256752967834473,-0.00024671293795108795,0.03234308212995529,0.03234262764453888,1.0,3.0,timeout
4892,4.101741313934326,-1.5247641801834106,-0.0002466063597239554,0.033003177493810654,0.033003177493810654,1.0,-3.0,timeout
4893,4.1022772789001465,-1.5238542556762695,-0.0002468173624947667,0.033001258969306946,0.033001258969306946,1.0,-3.0,timeout
4894,4.102814674377441,-1.5229452848434448,-0.0002470108156558126,0.03299831226468086,0.03299831226468086,1.0,3.0,timeout
4895,4.103350639343262,-1.5220353603363037,-0.00024714655592106283,0.033001258969306946,0.033001258969306946,1.0,-3.0,timeout
4896,4.103888034820557,-1.521126389503479,-0.00024727446725592017,0.03299831226468086,0.03299831226468086,1.0,3.0,timeout
4897,4.104423522949219,-1.5202161073684692,-0.0002473673957865685,0.03300332650542259,0.03300332650542259,1.0,3.0,timeout
4898,4.10495662689209,-1.519304633140564,-0.0002474414650350809,0.03299776464700699,0.03299776464700699,1.0,3.0,timeout
4899,4.105488300323486,-1.5183923244476318,-0.0002474902430549264,0.032997746020555496,0.032997746020555496,1.0,-3.0,timeout
4900,4.106021881103516,-1.5174808502197266,-0.0002475494984537363,0.03300529345870018,0.03300528973340988,1.0,3.0,timeout
4901,4.106553554534912,-1.5165685415267944,-0.0002475771470926702,0.032997746020555496,0.032997746020555496,1.0,-3.0,timeout
4902,4.107086658477783,-1.5156571865081787,-0.00024761896929703653,0.032994549721479416,0.032994549721479416,1.0,3.0,timeout
4903,4.107618808746338,-1.5147448778152466,-0.000247632764512673,0.0330052524805069,0.0330052524805069,1.0,-3.0,timeout
4904,4.1076273918151855,-1.5147292613983154,-0.0002525613526813686,0.000577772269025445,0.0005568654742091894,0.0,3.0,timeout
4905,4.108158588409424,-1.5138170719146729,-0.0002469099417794496,0.03298749774694443,0.03298702463507652,1.0,0.0,timeout
4906,4.1086907386779785,-1.5129047632217407,-0.00024686212418600917,0.0330052524805069,0.0330052524805069,1.0,-3.0,timeout
4907,4.10922384262085,-1.511993408203125,-0.0002470365434419364,0.032994549721479416,0.032994549721479416,1.0,3.0,timeout
4908,4.10923433303833,-1.5119750499725342,-0.0002520594571251422,0.0006791417254135013,0.0006607535178773105,0.0,3.0,timeout
4909,4.1097636222839355,-1.5110622644424438,-0.0002465198340360075,0.03297363966703415,0.03297318145632744,1.0,-3.0,timeout
4910,4.110295295715332,-1.5101499557495117,-0.0002465528668835759,0.032997746020555496,0.032997746020555496,1.0,-3.0,timeout
4911,4.11030387878418,-1.5101349353790283,-0.0002516893146093935,0.0005639423034153879,0.0005406164564192295,0.0,3.0,timeout
4912,4.110835552215576,-1.5092233419418335,-0.0002462077827658504,0.032978881150484085,0.03297843784093857,1.0,-3.0,timeout
4913,4.110846996307373,-1.5092055797576904,-0.00025118497433140874,0.0006783732678741217,0.0006603017682209611,0.0,-3.0,timeout
4914,4.111382007598877,-1.5082957744598389,-0.00024582931655459106,0.03298335522413254,0.03298293054103851,1.0,3.0,timeout
4915,4.111392498016357,-1.508277416229248,-0.0002508854086045176,0.0006793821230530739,0.0006607535178773105,0.0,3.0,timeout
4916,4.111923694610596,-1.5073649883270264,-0.000245572387939319,0.03299388289451599,0.032993465662002563,1.0,0.0,timeout
4917,4.112454891204834,-1.5064525604248047,-0.00024579258752055466,0.032993465662002563,0.032993465662002563,1.0,-3.0,timeout
4918,4.112463474273682,-1.5064373016357422,-0.00025108098634518683,0.0005715136067010462,0.0005470978794619441,0.0,3.0,timeout
4919,4.112995147705078,-1.5055255889892578,-0.0002457215159665793,0.032982081174850464,0.03298165649175644,1.0,-3.0,timeout
4920,4.113006114959717,-1.5055078268051147,-0.0002507962053641677,0.0006713502807542682,0.0006523513584397733,0.0,-3.0,timeout
4921,4.113541126251221,-1.5045979022979736,-0.00024551834212616086,0.03298655152320862,0.03298614174127579,1.0,3.0,timeout
4922,4.113551139831543,-1.5045795440673828,-0.00025063689099624753,0.0006727798609063029,0.0006534885033033788,0.0,3.0,timeout
4923,4.114071369171143,-1.5036848783493042,-0.0002454751811455935,0.032341741025447845,0.03234133869409561,1.0,3.0,timeout
4924,4.114599704742432,-1.5027705430984497,-0.0002456270740367472,0.033000171184539795,0.033000167459249496,1.0,3.0,timeout
4925,4.115126609802246,-1.5018553733825684,-0.00024602451594546437,0.03300042077898979,0.03300042077898979,1.0,-3.0,timeout
4926,4.115655422210693,-1.5009410381317139,-0.00024637661408632994,0.033007629215717316,0.03300762549042702,1.0,3.0,timeout
4927,4.115664958953857,-1.500922441482544,-0.00025153273600153625,0.0006726887659169734,0.0006531061371788383,0.0,3.0,timeout
4928,4.1161789894104,-1.5000240802764893,-0.00024620298063382506,0.0323450081050396,0.03234457969665527,1.0,3.0,timeout
4929,4.116700649261475,-1.4991060495376587,-0.0002462098782416433,0.03299664333462715,0.03299664333462715,1.0,3.0,timeout
4930,4.117220401763916,-1.4981868267059326,-0.0002465014113113284,0.032999664545059204,0.032999660819768906,1.0,3.0,timeout
4931,4.117738246917725,-1.497266411781311,-0.00024674864835105836,0.0330028273165226,0.0330028273165226,1.0,3.0,timeout
4932,4.118254661560059,-1.4963452816009521,-0.00024693587329238653,0.03300042450428009,0.03300042450428009,1.0,-3.0,timeout
4933,4.118772506713867,-1.4954249858856201,-0.0002471063344273716,0.03299957886338234,0.03299957886338234,1.0,3.0,timeout
4934,4.119288444519043,-1.4945036172866821,-0.00024723345995880663,0.03299964219331741,0.03299964219331741,1.0,3.0,timeout
4935,4.119297504425049,-1.4944846630096436,-0.0002522175491321832,0.000674730574246496,0.0006565077346749604,0.0,3.0,timeout
4936,4.119809627532959,-1.4935612678527832,-0.0002466490841470659,0.03299739211797714,0.03299693018198013,1.0,0.0,timeout
4937,4.120321273803711,-1.4926376342773438,-0.00024666471290402114,0.032996222376823425,0.032996222376823425,1.0,3.0,timeout
4938,4.1208319664001465,-1.491713047027588,-0.0002468586026225239,0.033007875084877014,0.033007875084877014,1.0,-3.0,timeout
4939,4.121343612670898,-1.490789532661438,-0.00024704387760721147,0.03299296274781227,0.03299296274781227,1.0,3.0,timeout
4940,4.121853828430176,-1.489864706993103,-0.00024718334316276014,0.033007197082042694,0.033007197082042694,1.0,3.0,timeout
4941,4.12236213684082,-1.4889391660690308,-0.0002472837222740054,0.032998036593198776,0.032998036593198776,1.0,-3.0,timeout
4942,4.1228718757629395,-1.4880144596099854,-0.00024738439242355525,0.03299674019217491,0.03299674019217491,1.0,3.0,timeout
4943,4.123380184173584,-1.487088680267334,-0.00024745563860051334,0.03300456702709198,0.03300456702709198,1.0,3.0,timeout
4944,4.123885631561279,-1.486161708831787,-0.0002475123619660735,0.03299432992935181,0.03299432992935181,1.0,3.0,timeout
4945,4.124390125274658,-1.4852339029312134,-0.0002475467335898429,0.033002980053424835,0.033002980053424835,1.0,-3.0,timeout
4946,4.124399185180664,-1.4852150678634644,-0.00025247770827263594,0.0006710795569233596,0.0006531486287713051,0.0,3.0,timeout
4947,4.1248931884765625,-1.4843056201934814,-0.00024695938918739557,0.03234283626079559,0.03234237805008888,1.0,3.0,timeout
4948,4.125394821166992,-1.4833762645721436,-0.00024681471404619515,0.03300297632813454,0.03300297632813454,1.0,3.0,timeout
4949,4.125894546508789,-1.4824460744857788,-0.0002469741739332676,0.032997675240039825,0.032997675240039825,1.0,-3.0,timeout
4950,4.126397132873535,-1.4815171957015991,-0.00024712522281333804,0.0330040380358696,0.0330040380358696,1.0,-3.0,timeout
4951,4.126901626586914,-1.480589509010315,-0.00024724742979742587,0.032999712973833084,0.032999709248542786,1.0,-3.0,timeout
4952,4.127408027648926,-1.4796628952026367,-0.0002473454806022346,0.03299880027770996,0.03299880027770996,1.0,-3.0,timeout
4953,4.1279168128967285,-1.4787375926971436,-0.00024742409004829824,0.03299868479371071,0.03299868106842041,1.0,-3.0,timeout
4954,4.128427505493164,-1.4778133630752563,-0.00024748709984123707,0.03299809247255325,0.03299809247255325,1.0,-3.0,timeout
4955,4.1284379959106445,-1.477795124053955,-0.00025243006530217826,0.000675422081258148,0.0006575215957127512,0.0,3.0,timeout
4956,4.1284379959106445,-1.4777952432632446,-0.0002518040419090539,1.9914761651307344e-05,3.7252900710882386e-06,0.0,3.0,timeout
4957,4.128438949584961,-1.4777957201004028,-0.00025099527556449175,4.1820989281404763e-05,3.332000778755173e-05,0.0,-3.0,timeout
4958,4.128439426422119,-1.477795958518982,-0.00025034326245076954,2.631944153108634e-05,1.6660003893775865e-05,0.0,-3.0,timeout
4959,4.128941059112549,-1.4768904447555542,-0.0002449452586006373,0.03234970569610596,0.03234926611185074,1.0,3.0,timeout
4960,4.129451274871826,-1.4759657382965088,-0.0002451798936817795,0.03300393372774124,0.03300393372774124,1.0,-3.0,timeout
4961,4.12996244430542,-1.4750418663024902,-0.0002456862712278962,0.03299552947282791,0.03299552574753761,1.0,3.0,timeout
4962,4.130472660064697,-1.4741171598434448,-0.00024608653620816767,0.03300393745303154,0.03300393372774124,1.0,-3.0,timeout
4963,4.130483150482178,-1.4740989208221436,-0.00025129871210083365,0.0006773955537937582,0.0006575215957127512,0.0,-3.0,timeout
4964,4.130996227264404,-1.4731767177581787,-0.0002459310053382069,0.03297926113009453,0.032978836447000504,1.0,3.0,timeout
4965,4.131507873535156,-1.4722528457641602,-0.00024608406238257885,0.033002741634845734,0.033002741634845734,1.0,3.0,timeout
4966,4.132017612457275,-1.4713281393051147,-0.0002463941927999258,0.03299674391746521,0.03299674019217491,1.0,-3.0,timeout
4967,4.132027626037598,-1.4713094234466553,-0.0002515555825084448,0.000682649842929095,0.0006633213488385081,0.0,3.0,timeout
4968,4.132537364959717,-1.4703855514526367,-0.0002461175317876041,0.03297434374690056,0.03297390416264534,1.0,-3.0,timeout
4969,4.133049011230469,-1.4694617986679077,-0.0002462357224430889,0.03299948200583458,0.03299948200583458,1.0,0.0,timeout
4970,4.133560657501221,-1.4685379266738892,-0.0002465314755681902,0.033002741634845734,0.033002741634845734,1.0,3.0,timeout
4971,4.13407039642334,-1.4676129817962646,-0.00024676736211404204,0.03300326690077782,0.03300326690077782,1.0,0.0,timeout
4972,4.134080410003662,-1.4675946235656738,-0.0002518386172596365,0.0006724299746565521,0.0006534885033033788,0.0,-3.0,timeout
4973,4.13458251953125,-1.4666897058486938,-0.00024644716177135706,0.0323406420648098,0.03234019875526428,1.0,-3.0,timeout
4974,4.135096549987793,-1.4657671451568604,-0.00024641602067276835,0.033003099262714386,0.033003099262714386,1.0,3.0,timeout
4975,4.135608673095703,-1.46484375,-0.00024665624368935823,0.03299693018198013,0.03299693018198013,1.0,-3.0,timeout
4976,4.136122703552246,-1.4639211893081665,-0.0002468816237524152,0.033003099262714386,0.033003099262714386,1.0,3.0,timeout
4977,4.136634826660156,-1.4629977941513062,-0.0002470431791152805,0.03299693018198013,0.03299693018198013,1.0,-3.0,timeout
4978,4.136645317077637,-1.4629796743392944,-0.00025206332793459296,0.0006728396401740611,0.0006542950286529958,0.0,-3.0,timeout
4979,4.1371612548828125,-1.4620587825775146,-0.0002465432044118643,0.032987091690301895,0.03298664093017578,1.0,3.0,timeout
4980,4.137675762176514,-1.4611366987228394,-0.00024656325695104897,0.032997339963912964,0.032997339963912964,1.0,-3.0,timeout
4981,4.1381916999816895,-1.4602153301239014,-0.00024679736816324294,0.03299964219331741,0.03299964219331741,1.0,3.0,timeout
4982,4.138705730438232,-1.4592927694320679,-0.00024698537890799344,0.033003099262714386,0.033003099262714386,1.0,3.0,timeout
4983,4.139217853546143,-1.4583693742752075,-0.0002471255720593035,0.03299693018198013,0.03299693018198013,1.0,-3.0,timeout
4984,4.139227390289307,-1.4583507776260376,-0.00025214083143509924,0.0006716479547321796,0.0006531061371788383,0.0,3.0,timeout
4985,4.139729022979736,-1.457445502281189,-0.00024668959667906165,0.032343197613954544,0.03234274685382843,1.0,3.0,timeout
4986,4.1402387619018555,-1.456520438194275,-0.0002465988218318671,0.03300653025507927,0.03300653025507927,1.0,3.0,timeout
4987,4.140746593475342,-1.455594539642334,-0.0002468016464263201,0.03300066292285919,0.03300066292285919,1.0,-3.0,timeout
4988,4.141255855560303,-1.4546695947647095,-0.00024699806817807257,0.032996077090501785,0.032996077090501785,1.0,3.0,timeout
4989,4.141255855560303,-1.4546691179275513,-0.00025211958563886583,0.00016073959704954177,1.4901160284352954e-05,0.0,0.0,timeout
4990,4.1412553787231445,-1.4546688795089722,-0.00025147112319245934,2.623363798193168e-05,1.6660003893775865e-05,0.0,3.0,timeout
4991,4.141751289367676,-1.4537606239318848,-0.00024583915364928544,0.03233864903450012,0.03233817219734192,1.0,-3.0,timeout
4992,4.1422600746154785,-1.4528350830078125,-0.00024590431712567806,0.033005211502313614,0.033005211502313614,1.0,-3.0,timeout
4993,4.142769813537598,-1.451910376548767,-0.000246265932219103,0.03299674391746521,0.03299674019217491,1.0,3.0,timeout
4994,4.14277982711792,-1.4518929719924927,-0.00025143669336102903,0.0006479588337242603,0.0006274874904192984,0.0,-3.0,timeout
4995,4.143280506134033,-1.4509871006011963,-0.00024612111155875027,0.03234504163265228,0.03234461694955826,1.0,-3.0,timeout
4996,4.14379358291626,-1.4500640630722046,-0.0002461450349073857,0.033001627773046494,0.033001627773046494,1.0,-3.0,timeout
4997,4.143803119659424,-1.4500460624694824,-0.00025134425959549844,0.0006569959223270416,0.0006365887238644063,0.0,3.0,timeout
4998,4.144305229187012,-1.4491411447525024,-0.00024604942882433534,0.032340627163648605,0.03234019875526428,1.0,3.0,timeout
4999,4.144815444946289,-1.4482163190841675,-0.00024608641979284585,0.033007197082042694,0.033007197082042694,1.0,3.0,timeout
