x,y
-4.202298341839389,1.600800043253937
-4.202296683891075,1.6008100850855522
-4.202131770531115,1.6018525343027539
-4.201967215962083,1.6028945274132034
-4.20180299979882,1.6039359681122012
-4.201645840507281,1.60498025061687
-4.201488777237579,1.6060244242723445
-4.20133643405449,1.607069430121278
-4.2015668531723085,1.6055152046416643
-4.201419450474675,1.606562682267487
-4.201270662487819,1.6075956130134865
-4.201116275929238,1.6086475596029386
-4.200959394769364,1.609697748226858
-4.200800078083815,1.6107464231764597
-4.200638231334727,1.6117937634368629
-4.200479043815641,1.6128407646899467
-4.200322473126109,1.6138875593528288
-4.2001681802479665,1.614934199158438
-4.200011421313902,1.6159800857388351
-4.19985220330501,1.6170252901329418
-4.199691048253178,1.6180699309058426
-4.1995324206334335,1.6191147612483905
-4.199376302604064,1.6201598117748934
-4.199222060946539,1.6212050044248882
-4.199065341920585,1.6222497298232434
-4.1989061548831454,1.6232940029429754
-4.198744547198197,1.62433784051869
-4.198581206734168,1.6253813344916115
-4.198420384600063,1.6264251828653977
-4.198262064411656,1.6274693845479926
-4.198106193737877,1.6285139310584484
-4.197952058321846,1.6295587023675842
-4.197795423720049,1.630603090537742
-4.197636303670872,1.6316470937642278
-4.19747543372993,1.632690806205577
-4.1973170353335085,1.6337348926215636
-4.197161101473764,1.6347793470891245
-4.19700690104419,1.6358240452845358
-4.1968502141713415,1.6368683746709127
-4.196691052154361,1.637912330635039
-4.19653015583855,1.63895600496289
-4.196371736361203,1.6400000609709169
-4.19621578568043,1.6410444911811037
-4.196062258073529,1.6420892820743977
-4.195910427081163,1.643134305838331
-4.195756081929906,1.6441789668655322
-4.195599239261433,1.6452232602833698
-4.195440646038845,1.646267279007287
-4.19528451642445,1.6473116733480524
-4.195130845175065,1.6483564360415837
-4.1949788977678315,1.6494014417916727
-4.194824459601442,1.6504460880240237
-4.194667542716987,1.651490369302332
-4.194508891099367,1.6525343760270335
-4.194352714970131,1.6535787609730201
-4.194199006722057,1.6546235163197394
-4.194047029555987,1.6556685173163244
-4.1938925678072785,1.6567131596433762
-4.193735632263979,1.6577574377120539
-4.193576966102333,1.6588014413575711
-4.193420778489799,1.6598458238960387
-4.193267061190678,1.660890577359596
-4.193115768309696,1.661935687922162
-4.19296617194125,1.6629810286677675
-4.192814061228579,1.664026013068269
-4.192659452690494,1.6650706360159908
-4.192503093943897,1.6661149889953404
-4.192349199790929,1.667159712842576
-4.1921977649325,1.6682048001979104
-4.192048054259837,1.669250126935459
-4.191895852226312,1.6702950997535537
-4.191741170831846,1.6713397131384276
-4.191584059548127,1.6723839672346676
-4.1914252538984655,1.6734279461124324
-4.191268954905762,1.674472309274043
-4.191115148796255,1.6755170476011445
-4.19096378520347,1.6765621463545355
-4.190814823562419,1.6776075929026808
-4.190667540586434,1.6786532597384918
-4.190517727354286,1.679698574102373
-4.190365403366814,1.6807435311047378
-4.190211318636168,1.6817882224836802
-4.190059691544685,1.682833278055502
-4.189910518321846,1.6838786907752885
-4.189763064948141,1.6849243374034224
-4.189613115492065,1.6859696350568893
-4.189461376812824,1.6870146720713877
-4.189312074685774,1.6880600640279513
-4.189165209597542,1.6891058047376637
-4.189020051023001,1.69015177106605
-4.188872384202133,1.6911973926072126
-4.188722224204916,1.6922426640606143
-4.188570317956034,1.6932876731944955
-4.188420881845766,1.6943330433750716
-4.188273909778703,1.695378767112241
-4.188129357527343,1.6964248312097543
-4.187986497912368,1.6974711124965032
-4.187841117415192,1.698517053208464
-4.187693233427182,1.6995626482047796
-4.187543594767222,1.7006079849962659
-4.1873964208979615,1.7016536764554395
-4.1872517069180475,1.7026997153406187
-4.187108717359469,1.7037459817668854
-4.186963233206647,1.7047919102108877
-4.186815266649581,1.7058374951007556
-4.186665562653963,1.706882821162796
-4.1865183368254115,1.7079285042908332
-4.186372888508439,1.7089744364085344
-4.186224990817552,1.7100200297529355
-4.186074647124623,1.7110652780144249
-4.1859225956947945,1.7121102627509341
-4.185773044250481,1.7131556139923088
-4.185625980697647,1.7142013230586834
-4.1854806635983755,1.7152472706481627
-4.1853328710886615,1.7162928768056271
-4.1851833061335935,1.7173382257104632
-4.185036191892577,1.718383926733014
-4.184891526086281,1.7194299731514449
-4.184748575640969,1.7204762440610728
-4.184603122989123,1.7215221762448785
-4.184455181773048,1.7225677642533053
-4.184305497978437,1.7236130936357295
-4.184158288376381,1.7246587793693178
-4.184013546156117,1.7257048138423527
-4.183871226507907,1.7267511838488305
-4.183730601611282,1.7277977679044463
-4.183587456381406,1.7288440169341877
-4.183441807921497,1.7298899257379485
-4.183294404941298,1.7309355800576174
-4.1831494680922505,1.731981583879475
-4.183006992324472,1.733027929947384
-4.182866934226519,1.7340746054201002
-4.1827285669689,1.7351214900053435
-4.182587675095222,1.7361680446400969
-4.1824442764374234,1.7372142641442694
-4.182299120413817,1.738260232948331
-4.182156429497155,1.739306545673463
-4.182015505816246,1.7403530962777447
-4.1818721219694295,1.7413993177135676
-4.181726978340387,1.742445288641507
-4.181584297746372,1.743491603102258
-4.18144338268573,1.7445381548609533
-4.181300005969874,1.745584377293973
-4.1811541730923745,1.7466302642563307
-4.181006624148206,1.747675895041801
-4.180861571198706,1.7487218806395333
-4.180719003216002,1.7497682126374217
-4.180578179313972,1.7508147748692835
-4.180434875723849,1.7518610060199535
-4.1802891014247745,1.7529069002284343
-4.180140903507538,1.7539524570122704
-4.179991016256475,1.7549977528888803
-4.179843644581778,1.7560434126341662
-4.179698773437172,1.757089427012286
-4.179555658681024,1.7581356796491316
-4.179410075469768,1.7591815969702984
-4.179262030661257,1.7602271729492291
-4.179111569636273,1.761272407049987
-4.178959425249258,1.7623173763663345
-4.178809799831762,1.7633627157152036
-4.178662677499354,1.764408415655503
-4.178517313631072,1.765454358571894
-4.178369484122732,1.7664999611118524
-4.178219195402458,1.7675452172228663
-4.178066492500463,1.768590126432398
-4.177912107842782,1.7696347671156611
-4.177760242161464,1.770679783376271
-4.1776108794221205,1.771725165704255
-4.177463275116328,1.7727707950484464
-4.177313899634213,1.773816175288196
-4.177166244879667,1.7748617987421818
-4.177016135185644,1.7759070775154702
-4.176864269800681,1.7769520939362833
-4.176714867083941,1.7779974700443268
-4.176567922263527,1.77904319861689
-4.176422700439476,1.780089158725989
-4.176274983714124,1.7811347754439566
-4.176124784410632,1.782180043233932
-4.175972847268646,1.783225047769947
-4.1758233868683865,1.7842704145637545
-4.175676395741171,1.7853161358561747
-4.175531828565161,1.7863621982401656
-4.175388957390437,1.7874084796203318
-4.175243567907778,1.7884544207208102
-4.175095676951976,1.7895000163526038
-4.17494603279234,1.7905453529172537
-4.174798854662343,1.7915910443828003
-4.174654137391048,1.7926370834560952
-4.174511145418961,1.793683351204555
-4.1743656594236676,1.7947292810615574
-4.174217691460737,1.7957748674412415
-4.174067986288018,1.7968201940747701
-4.173920759552939,1.7978658778334047
-4.173776003613645,1.7989119109417269
-4.173632980744595,1.7999581752863107
-4.17348747025237,1.8010041023652124
-4.173340177370938,1.8020497753645597
-4.173195328766128,1.8030957939724754
-4.17305292361948,1.8041421517552014
-4.1729122299213275,1.8051887299395954
-4.172769029663142,1.806234974411953
-4.17262333723372,1.807280879752069
-4.172475899333785,1.8083265292971527
-4.172330934618752,1.80937252958786
-4.172188436634056,1.8104188730982307
-4.172048360836797,1.8114655467731866
-4.171909979407544,1.8125124315685912
-4.171769076237247,1.8135589866610988
-4.171625668566033,1.8146052068223126
-4.171480505415353,1.8156511753240259
-4.171337808813276,1.816697487990428
-4.1711975737642515,1.8177441375890535
-4.171059756884141,1.818791111381162
-4.170923631098443,1.8198382915091438
-4.170784979860826,1.8208851470562488
-4.170643821019669,1.821931672803209
-4.170500904257193,1.8229779507422728
-4.170360453273392,1.8240245673085267
-4.170222463366992,1.8250715153373736
-4.17008619856498,1.8261186805515928
-4.169947436424441,1.8271655237577877
-4.169806189228461,1.828212039312101
-4.169662506728221,1.8292582267444066
-4.169517125618275,1.8303041601678913
-4.169374255232658,1.8313504455445273
-4.169233881812173,1.8323970739574686
-4.16909526171847,1.833443932377592
-4.168954168578243,1.8344904656935668
-4.168810609901887,1.8355366679032696
-4.168665327599115,1.8365826172762822
-4.1685225364443745,1.8376289151242666
-4.1683822264701815,1.8386755532646464
-4.168243657346074,1.8397224173019182
-4.16810260486887,1.840768955232939
-4.16795907858796,1.8418151612212064
-4.167813821937096,1.8428611147025467
-4.167671051189379,1.8439074157263133
-4.167530757426737,1.8449540563125915
-4.167392894120923,1.8460010231347095
-4.167256731405302,1.847048199037518
-4.167118051061602,1.8480950510422038
-4.166976869314018,1.849141573807103
-4.166833934731602,1.8501878488035401
-4.166693469762157,1.8512344630730624
-4.166555468898174,1.8522814093012645
-4.166419888335327,1.8533286747706745
-4.166286692781921,1.8543762484554356
-4.166155161827508,1.8554240123839059
-4.16602108163426,1.8564714605941777
-4.165884474489142,1.8575185881053962
-4.1657453982259165,1.8585653948391603
-4.165604595915585,1.8596119563502929
-4.165466285284381,1.860658855541801
-4.165330456672841,1.8617060843282696
-4.16519636945784,1.862753531238394
-4.165059797372518,1.8638006626680728
-4.1649207500590695,1.8648474727475342
-4.164779275153516,1.86589396073269
-4.164636108033721,1.8669401985337069
-4.1644954576555175,1.8679867838338386
-4.1643573091667925,1.8690337075396666
-4.16422161123089,1.8700809555260676
-4.164087629534346,1.871128413402079
-4.163951142084969,1.8721755539046026
-4.163812162567123,1.8732223714670009
-4.163671437887171,1.8742689450300911
-4.163533189833585,1.8753158536545915
-4.163397411598271,1.8763630897978183
-4.163264058321797,1.8774106406480162
-4.163132401081545,1.878458391170986
-4.162998220482779,1.8795058281959456
-4.162861533628159,1.880552946377165
-4.162723090130035,1.88159982489618
-4.1625871154855325,1.88264703174649
-4.162453604606284,1.8836945597188868
-4.162322513993655,1.8847423963479804
-4.162193115667033,1.8857904276604176
-4.162061189940032,1.8868381505960863
-4.161926754615645,1.8878855598223692
-4.161790559995382,1.8889327333414545
-4.161656833274032,1.8899802296364072
-4.161525569697375,1.8910280415714156
-4.161396032460731,1.8920760587549903
-4.161263995915085,1.893123769961076
-4.161129472307213,1.8941711694693928
-4.160992511384588,1.895218256492961
-4.160853850379004,1.8962651012818017
-4.160717702290184,1.8973122818851895
-4.1605840532993765,1.898359789474104
-4.160452158989193,1.899407514928536
-4.160317789639835,1.9004549311671053
-4.1601816485290675,1.9015021127002028
-4.160047965313616,1.902549615322296
-4.159916737056616,1.9035974322355267
-4.159787228602846,1.9046454521538514
-4.15965521535008,1.9056931656253109
-4.159521406088553,1.9067406494730574
-4.159390036941153,1.9077884461290873
-4.159261108664496,1.9088365494661912
-4.159133889069594,1.909884848578902
-4.159004154584887,1.9109328458262818
-4.158871920406235,1.9119805356653776
-4.15873793501563,1.9130279933068401
-4.158606424916902,1.9140757695367911
-4.158477383997817,1.915123856990329
-4.158350767904191,1.9161722432482102
-4.158225847539975,1.917220817480493
-4.158098400615374,1.9182690943547764
-4.157969140019994,1.9193171503242838
-4.157842307871202,1.9203655066194243
-4.157717907516914,1.9214141575611725
-4.157595902215248,1.922463092234428
-4.1574755690169924,1.9235122003502736
-4.15735268803301,1.924561020440624
-4.157227280633229,1.9256095472368737
-4.157099403940483,1.926657779999782
-4.156969801184203,1.9277057865356806
-4.156842695541453,1.928754104390822
-4.156718076881902,1.9298027255154553
-4.15659589756947,1.930851637115798
-4.156476119198913,1.931900828113589
-4.156358017404471,1.9329501901635509
-4.156237370502689,1.9339992698963755
-4.1561141991366135,1.9350480619548613
-4.155988559863883,1.936096565441877
-4.15586119561623,1.9371448462933754
-4.155736330337766,1.93819343330977
-4.155613953611564,1.9392423184166863
-4.1554933229980024,1.9402913993514528
-4.155370205341883,1.941340196933191
-4.1552446098744715,1.9423887051487774
-4.155116583951389,1.9434369226266606
-4.154986863479962,1.9444849120897518
-4.1548596645956675,1.9455332168140482
-4.154734276839885,1.946581745368678
-4.1546064576390815,1.9476299844841944
-4.154476205411051,1.9486779274467274
-4.154344256210724,1.9497256389719448
-4.154214825539395,1.9507736707662535
-4.154087203561383,1.9518219296577157
-4.153957149046111,1.9528698937631632
-4.153824660701696,1.9539175563835312
-4.153690474637227,1.954964983952688
-4.153558805429424,1.956012737017609
-4.153429638548474,1.9570608066868793
-4.153302228750148,1.9581090872720766
-4.15317234360765,1.9591570693884899
-4.1530399902788675,1.9602047469327113
-4.15290521445679,1.961252118712371
-4.152768750350522,1.96229925118838
-4.152634809452537,1.9633467157397249
-4.152503375912788,1.9643945031960413
-4.152374397565382,1.9654425996297995
-4.152247832395887,1.966490993070812
-4.152122953722644,1.9675395719854634
-4.15199554062835,1.9685878529696506
-4.151865611912433,1.9696358306758042
-4.151733918774108,1.9706835802522977
-4.151604691738445,1.9717316415551296
-4.151477926591482,1.972780007569392
-4.151353580503576,1.9738286662384428
-4.151230925637033,1.9748775083063257
-4.151105739422978,1.9759260581527285
-4.150978040029792,1.976974310353277
-4.150848578338413,1.978022337884761
-4.150721585507424,1.9790706721949158
-4.150596362408345,1.9801192180589255
-4.150468673826014,1.9811674716146448
-4.150338525060091,1.9822154266238379
-4.150206657228154,1.983263150767111
-4.1500772908885395,1.9843111923736396
-4.149949719981919,1.985359457481859
-4.149819705666884,1.9864074268431784
-4.14968724890646,1.987455093923331
-4.1495530874486,1.9885025257305595
-4.149421437525625,1.9895502821362634
-4.149291590922046,1.9905982685460346
-4.149159308363324,1.9916459545895342
-4.149024589405261,1.992693333627754
-4.148888170606661,1.9937404735026572
-4.1487542659857155,1.9947879439191893
-4.148622861446787,1.9958357360328893
-4.148493906245421,1.9968838361751782
-4.148366666161847,1.9979321347634762
-4.148237610554152,1.9989802206358813
-4.148110943253627,2.0000286004685783
-4.147985981754649,2.001077172330047
-4.147858502026433,2.002125447546028
-4.147728519766591,2.0031734205688676
-4.147596783873337,2.0042211643611245
-4.147467522539121,2.005269221236911
-4.147340729907462,2.006317583890636
-4.147216361817504,2.007366240034425
-4.147093689245508,2.0084150812796495
-4.146968488872014,2.0094636305550337
-4.146840778157605,2.0105118823916217
-4.146711307502748,2.0115599090352734
-4.146584307514472,2.0126082427348613
-4.1464597732337225,2.0136568763573517
-4.146337661207369,2.014705797835627
-4.146217242786361,2.015754900140364
-4.146094294096358,2.016803715739982
-4.145968832968401,2.017852239151144
-4.145841610265112,2.0189005411777403
-4.145716857957292,2.019949144825388
-4.145594571260897,2.02099804300405
-4.145474706848838,2.0220472237650875
-4.145357229793238,2.0230966766981404
-4.145241418535356,2.0241462947864473
-4.145123052419736,2.0251956353467397
-4.145002153921824,2.0262446930770963
-4.144879477729393,2.0272935379517096
-4.144759261328216,2.0283426720776485
-4.144641502298424,2.0293920887830965
-4.14452615918383,2.0304417766177743
-4.144413198551888,2.0314917255651275
-4.144302593625857,2.032541926740293
-4.144193629170965,2.0335922748623627
-4.144082086679859,2.0346423605327164
-4.1439679929206905,2.035692178507201
-4.143852106305519,2.0367417960833514
-4.143738670459355,2.037791685572434
-4.143627685124291,2.038841840664299
-4.143519110536529,2.0398922504464365
-4.143412219882285,2.040942815963786
-4.143302786045434,2.04199312671281
-4.143191525460726,2.0430432474630993
-4.143082690619319,2.044093625899796
-4.1429762863201764,2.0451442565191074
-4.14287158170604,2.0461950436269527
-4.142764346057294,2.0472455821653766
-4.1426552936242675,2.048295933824155
-4.142548675582627,2.0493465390768013
-4.142444495106538,2.0503973921645984
-4.142342019741093,2.051448399459103
-4.142237016996112,2.0524991638327266
-4.1421295032393886,2.0535496794365815
-4.142020229536949,2.054600003655157
-4.141913434912331,2.0556505876859172
-4.141809113710733,2.0567014244030566
-4.1417072217976205,2.0577525025087953
-4.141607028027108,2.058803728936554
-4.141504300329726,2.0598547174963318
-4.141399056181717,2.0609054623520207
-4.1412920476540815,2.061956020041597
-4.141187515521755,2.0630068317856067
-4.14108545472302,2.0640578905648708
-4.140985821596347,2.0651091852518486
-4.1408885809281735,2.0661607060981
-4.140793008983947,2.067212359626701
-4.140694877617045,2.0682637848769887
-4.140594209155029,2.0693149761138816
-4.140491759627077,2.070365989204735
-4.140391775073332,2.0714172441083236
-4.14029425291438,2.072468734195286
-4.140199151458903,2.0735204488140733
-4.140105741059119,2.0745722984854345
-4.140009788840387,2.075623926252344
-4.139911313554345,2.076675326210402
-4.1398110686546135,2.0777265509233716
-4.139713298490531,2.0787780133691554
-4.139617998617843,2.0798297066554903
-4.139524429286032,2.080881545714707
-4.1394283504246845,2.0819331644973476
-4.1393297743667175,2.0829845568741185
-4.139229449701709,2.0840357723209735
-4.139131616199338,2.085087227640282
-4.13903626610643,2.0861389154577408
-4.138943353564007,2.087190824622847
-4.138852145218555,2.0882428684075296
-4.138758405033635,2.089294696214479
-4.138662149602963,2.0903463020322977
-4.1385641308843635,2.0913977360438736
-4.138468592575,2.092449403140793
-4.138375529136113,2.093501296288301
-4.138284896483182,2.0945534046885035
-4.138195962595906,2.0956056424451077
-4.138104491787818,2.096657669437177
-4.138010501580574,2.0977094796466313
-4.137914744751034,2.0987611221846167
-4.137821466494807,2.0998129922083577
-4.137729964423975,2.1008650165356917
-4.137635989664465,2.101916827837048
-4.137540245774524,2.102968471877606
-4.137446978280672,2.104020343101947
-4.137355485165291,2.1050723680138717
-4.137261517811611,2.1061241798102985
-4.1371657800091635,2.107175824530161
-4.13707251753306,2.108227696287804
-4.13698172582892,2.109279788210261
-4.136892664766148,2.1103320178797143
-4.136801092772769,2.1113840379894078
-4.136707720479431,2.1124358976134086
-4.136616800792669,2.11348797609657
-4.136528333750652,2.114540267219606
-4.136441582952942,2.115592688460919
-4.136352308848485,2.1166449049926275
-4.136261224452302,2.1176969658298384
-4.136172585574817,2.1187492393715095
-4.13608639377879,2.1198017196063166
-4.136001913788289,2.120854325050591
-4.1359149062605205,2.1219067310383104
-4.135826085054423,2.122958985519428
-4.135739707436925,2.124011447196487
-4.135655775454224,2.125064110119652
-4.135573554082079,2.1261168942097566
-4.135488803587407,2.127169484217089
-4.135401539717965,2.128221873970451
-4.135312514158177,2.1292741070233685
-4.1352259733097485,2.130326552216035
-4.135141911125696,2.1313792024995486
-4.1350595857526375,2.132431980802977
-4.1349747525713365,2.1334845658914063
-4.134887423056418,2.1345369514861825
-4.134797646465749,2.1355891345573887
-4.1347061621376175,2.136641152165212
-4.13461720419702,2.137693392456094
-4.134530758212452,2.1387458471972676
-4.134446772902205,2.1397985049052664
-4.134365206912256,2.1408513555708897
-4.134285330200075,2.1419043180218242
-4.134202906177133,2.1429570911685363
-4.134118652304358,2.1440097222458148
-4.134036830582988,2.1450625486777706
-4.133956747991621,2.1461155001561023
-4.133874159082699,2.1471682638957534
-4.133789075007727,2.148220833583796
-4.133701544753979,2.1492732060752697
-4.133612307481505,2.1503254165709142
-4.133525597960651,2.1513778444657627
-4.133441401586138,2.152430481534091
-4.133359666921364,2.1534833163829314
-4.1332796552614575,2.1545362718833054
-4.13319712373641,2.1555890391243686
-4.133112784568774,2.1566416619149846
-4.133030895049959,2.1576944820478654
-4.132951456076234,2.1587474934188817
-4.13287373147405,2.1598006195862336
-4.13279347946479,2.160853562625129
-4.132711413786041,2.1619063655615265
-4.132631793747917,2.1629593601004924
-4.13255462117336,2.1640125402553725
-4.132479857853437,2.1650658966499434
-4.1324067758019964,2.166119352118268
-4.13233113830539,2.1671726344511644
-4.132252965960135,2.1682257374151086
-4.1321730144405295,2.1692787002050236
-4.132095536658393,2.1703318524704938
-4.132020529045267,2.171385187532689
-4.131947251368504,2.1724386341026287
-4.131871457869431,2.173491908773374
-4.131793161290167,2.1745450051871575
-4.131713111254693,2.175597958643582
-4.131635555188235,2.1766511038171172
-4.131559787321956,2.1777043794175346
-4.131481551825929,2.178757479416014
-4.1314022177679774,2.1797890660306813
-4.131321269059605,2.1808206121341183
-4.131241784923381,2.18187358279638
-4.1311647246852745,2.182926755288062
-4.131090052676892,2.183980106749066
-4.131017742087576,2.1850336277967397
-4.13094704674656,2.1860872361759953
-4.130873769377323,2.1871406781534204
-4.130797935781167,2.1881939470146947
-4.130720319868436,2.1892470834549087
-4.130645162208878,2.1903004031753386
-4.130571755394132,2.191353842619716
-4.130495859035187,2.1924071114904393
-4.13041748077096,2.193460203218608
-4.130336666753215,2.1945131141941805
-4.130254157785141,2.195565873127343
-4.130174184718116,2.19661883413644
-4.130096731533435,2.1976719888725698
-4.13002104582577,2.198725269233509
-4.129942877111043,2.199778373502302
-4.12986223156604,2.2008312952003286
-4.129779154211812,2.201884030867253
-4.129694382030715,2.202936610154747
-4.1296121478308665,2.20398939712555
-4.129532435013261,2.205042383351853
-4.129455190536145,2.2060955574568055
-4.129380371636993,2.2071489095248986
-4.129307246528992,2.2082023642872546
-4.129231576172141,2.209255646232252
-4.129154077709035,2.210308796823204
-4.129079014540902,2.211362127351662
-4.129005692772441,2.2124155729317674
-4.128929864757317,2.2134688469248407
-4.12885224033364,2.2145219859452028
-4.128776377902943,2.215575257694902
-4.128698067027072,2.2166283544879715
-4.128618006773131,2.217681307469844
-4.128540443515907,2.218734452482953
-4.128465368960002,2.219787782254383
-4.128392038922674,2.220841227718014
-4.1283162048084945,2.221894501635061
-4.128238575907098,2.222947640381199
-4.128163408737276,2.2240009618896863
-4.12809070199993,2.225054459786053
-4.128019717260395,2.2261080639432342
-4.1279462096004,2.227161501349561
-4.127870193017477,2.2282147656393563
-4.127791718829224,2.2292678532921486
-4.127710828458825,2.230320760737077
-4.127628255361473,2.231373513750858
-4.127548231238983,2.232426470245934
-4.127470038883442,2.233479572995314
-4.127389414954838,2.234532496280612
-4.127306355522172,2.2355852334070914
-4.127220897452017,2.2366377807959323
-4.12713377074648,2.2376901654407777
-4.127049202490984,2.238742765762622
-4.126966473412906,2.2397955222614794
-4.126881319999753,2.240848089199107
-4.126793736956231,2.2419004598158856
-4.126703760063711,2.242952630648486
-4.126612118397014,2.2440046313917006
-4.126523036646439,2.245056859079529
-4.126437080622187,2.246087905644215
-4.126347144853619,2.2471400389347904
-4.126254781409177,2.2481919836051802
-4.126160754194145,2.2492437636088862
-4.126069262948626,2.250295777030152
-4.125979577217335,2.2513479558542513
-4.125887457825521,2.2523999302846525
-4.125792901746726,2.253451693132956
-4.1256959465564975,2.254503240885656
-4.125597328985516,2.25555460935144
-4.125501264627641,2.256606221664729
-4.1254070312655955,2.257658009663472
-4.125310374653385,2.258709581805856
-4.125211289803829,2.25976093120109
-4.125109812719731,2.26081205472348
-4.125006673982873,2.2618629904032503
-4.124906091881472,2.262914180984655
-4.1248073465791535,2.263965555848723
-4.124706181261687,2.2650167043643155
-4.124602590467049,2.266067619666665
-4.124496609813373,2.2671182988164977
-4.1243889681794785,2.268168782788121
-4.124283883116522,2.269219532686276
-4.1241806356525474,2.270270474889424
-4.124074969669023,2.2713211803874347
-4.123966879613086,2.2723716422966613
-4.1238564010213805,2.273421857832288
-4.123744262204507,2.274471871109005
-4.123634679032813,2.275522161285635
-4.123526933006301,2.2765726516105507
-4.123416769588727,2.2776228948842756
-4.12330418322987,2.2786728841991035
-4.123189209457221,2.279722616921446
-4.123072576289092,2.2807721403581027
-4.122958497613003,2.281821951643054
-4.122846952233299,2.282872041040018
-4.122737187412761,2.2839223177084387
-4.122624959321394,2.2849723388983323
-4.122510271605054,2.2860220981918253
-4.122393167203884,2.287071593461644
-4.122274379562256,2.28812087748647
-4.122158126917872,2.289170451915326
-4.122044391895876,2.290220307611773
-4.121933121011601,2.2912704313497407
-4.121823575895786,2.29232072620385
-4.121711522587661,2.2933707624925015
-4.121596973726521,2.2944205342794817
-4.121480677230215,2.295470102857124
-4.12136686641129,2.2965199489579966
-4.121255533841185,2.297570065126008
-4.121146634026952,2.2986204395442824
-4.121040130310116,2.2996710619190477
-4.120935993338398,2.300721923156056
-4.12083350498214,2.3017729223646324
-4.120728443028327,2.3028236753861635
-4.120620832941289,2.303874176762918
-4.120510735209937,2.304924424942216
-4.120398896788741,2.3059744768046393
-4.120289551543434,2.307024796508939
-4.120181994536417,2.3080753018453
-4.120071980279657,2.309125557383412
-4.119959511456079,2.310175556663382
-4.119844630162977,2.3112252974317196
-4.119728069267974,2.3122748304527665
-4.119614047347393,2.3133246489515997
-4.119501849778979,2.3143746714872937
-4.1193872261654585,2.315424435887465
-4.119270173063575,2.3164739353526658
-4.11915072765553,2.3175231675113137
-4.119029618896838,2.318572183950103
-4.11891105974283,2.319621498590348
-4.118795029834164,2.3206711017447135
-4.118681473289776,2.3217209796663427
-4.118570345100409,2.3227711205432975
-4.118461609210735,2.3238215140900036
-4.118355236795374,2.3248721512235986
-4.118251204856773,2.325923023806695
-4.118148800757266,2.3269740283689635
-4.118043806033203,2.3280247858502165
-4.117936945984109,2.329075364907556
-4.117832482903076,2.3301261878778026
-4.117729731924312,2.331177166891723
-4.117624459727954,2.332227902868752
-4.11751668157383,2.333278389902992
-4.117406449685471,2.3343286260503024
-4.117293806204955,2.335378609014859
-4.1171794839547,2.3364283877837297
-4.117067702441049,2.3374784468058465
-4.116958443582324,2.3385287769023035
-4.116851653252041,2.3395793649763506
-4.1167472878126175,2.3406301997276415
-4.11664461702085,2.3416811851248784
-4.116539410154487,2.3427319265500404
-4.116432382212561,2.343782485903966
-4.116327785880041,2.3448332937684615
-4.116225624845358,2.345884344460232
-4.116125862527952,2.3469356278995788
-4.1160284694340765,2.347987135161581
-4.115932726804014,2.349038769960523
-4.115834409899668,2.3500901752038943
-4.115733544053383,2.351141345266035
-4.115630189651282,2.352192278202099
-4.115524395420169,2.353242971741676
-4.115416899417707,2.3542934734357237
-4.115311928935574,2.3553442366780164
-4.115208772257175,2.356395184930697
-4.115103177481946,2.357445895244297
-4.114995143206929,2.358496360950741
-4.114884708259014,2.3595465794474357
-4.114772603129388,2.360596596704055
-4.114663046242197,2.361646889774965
-4.11455601796701,2.3626974492782704
-4.114451462949253,2.3637482620479835
-4.114348640842326,2.364799236422458
-4.1142433138375445,2.3658499687138814
-4.1141361909567395,2.3669005167688715
-4.1140315194014905,2.367951316018236
-4.113928602805461,2.3690022834053326
-4.113823199718481,2.370053009801668
-4.113715318283584,2.371103488994651
-4.113605005033859,2.3721537187753627
-4.1134929962249345,2.3732037488927706
-4.113383515904324,2.3742540519159214
-4.113275851744537,2.375304548735025
-4.1131657529118355,2.376354797328614
-4.113053217451081,2.3774047909953073
-4.112938283752917,2.378454527275687
-4.112821681723731,2.3795040548638515
-4.112707627513473,2.380553869282771
-4.11259540473339,2.381603890123978
-4.11248076146883,2.38265365330574
-4.112363693091963,2.3837031519558045
-4.112244235846058,2.384752383641375
-4.112122419078469,2.3858013456265144
-4.111998965481183,2.386850086380074
-4.11187808127792,2.387899134070313
-4.111759045593189,2.388948405702269
-4.111637606187883,2.3899974053947197
-4.111513755398781,2.39104612603509
-4.111387527019122,2.3920945652455607
-4.111259646940087,2.393142777047052
-4.111134322546482,2.394191304780508
-4.111010835922177,2.3952400614163616
-4.110884938654496,2.3962885351321446
-4.11075662470801,2.3973367188933645
-4.110625929174864,2.398384610560332
-4.110492880500022,2.3994322076325005
-4.110358200116228,2.400479565653009
-4.110226087787158,2.4015272584657565
-4.110095823107483,2.4025751957281916
-4.1099631589921986,2.4036228354629903
-4.109828087570039,2.4046701704503386
-4.1096906424341855,2.4057171986522694
-4.109551548687057,2.406763981541215
-4.109415007583558,2.407811107785298
-4.109280302078263,2.4088584829159334
-4.109143189331452,2.4099055493598778
-4.109003663317649,2.4109523000118367
-4.108861759098651,2.411998733101496
-4.108718202587662,2.413044913890267
-4.1085771935869175,2.4140914482952454
-4.108438016258292,2.4151382385860645
-4.108296430674607,2.416184709632325
-4.108152431323457,2.4172308543465375
-4.108006053658993,2.4182766711442247
-4.107857326428373,2.419322157976058
-4.107706970362252,2.420367381074747
-4.107559176438705,2.4214129772835618
-4.107413225819988,2.4224588456701164
-4.107264880027846,2.423504380535681
-4.107114131385305,2.424549574552013
-4.106961013579557,2.425594426190513
-4.106806250786143,2.426639007617706
-4.106654035090318,2.4276839705791975
-4.106503650955747,2.4287292100461455
-4.10635086432703,2.4297741047501855
-4.106195669305669,2.4308186474989895
-4.106038100991195,2.4318628370484414
-4.105878187856783,2.4329066716248122
-4.105716649695194,2.433950224958842
-4.105557670253839,2.4349941789458227
-4.1054005316366355,2.4360384250622085
-4.1052410019541545,2.437082312074947
-4.105079073514348,2.4381258325637973
-4.104914779944155,2.4391689853514773
-4.104748844579109,2.4402118502973633
-4.104585452273849,2.441255124052452
-4.1044238885947335,2.442298693952527
-4.104259926318006,2.4433418933869295
-4.1040935595992005,2.4443847150983258
-4.103924823530499,2.445427158215551
-4.103753746588258,2.446469221267798
-4.103581047750704,2.4475109857137207
-4.103410903255413,2.448553178182842
-4.103242596379862,2.4495956824310823
-4.103071902406445,2.4506378019851125
-4.102898813718179,2.4516795293428797
-4.102723363948517,2.4527208636862268
-4.102546275556509,2.4537618926871207
-4.102371725738322,2.454803357695068
-4.10219900128716,2.455845138320317
-4.102023882316271,2.4568865228085035
-4.101846363057423,2.457927503840789
-4.101666478608266,2.458968080921237
-4.101484257458231,2.460008252883949
-4.101300417686581,2.4610481089989156
-4.101119127559487,2.462088420454348
-4.100939671628935,2.46312906321361
-4.100757832828569,2.4641692957326575
-4.1005736036210925,2.4652091104292118
-4.100387017645462,2.466248506844923
-4.100198102224759,2.467287483841517
-4.100007574009977,2.4683261347398306
-4.099819595365776,2.469365258011322
-4.099633451008306,2.47040472511599
-4.099444928301305,2.4714437669613716
-4.09925401937096,2.472482375864489
-4.099060757551093,2.4735205515395977
-4.09886586347347,2.474558394109168
-4.098673500888884,2.4755967162703896
-4.098482958599244,2.4766353852183083
-4.0982900293339455,2.4776736171315985
-4.098094707352568,2.4787114045810816
-4.097897027677524,2.4797487476602003
-4.097697018752627,2.480785645682226
-4.097495396959515,2.4818222004554658
-4.097296316813554,2.48285925420484
-4.097099065092013,2.4838966703796417
-4.096899437915317,2.4849336355643117
-4.096697427857398,2.4859701420473486
-4.096493068543804,2.4870061899440388
-4.096286387300907,2.488041778582824
-4.096078099027273,2.489077013835209
-4.0958723519259514,2.4901127650679085
-4.095668433061737,2.491148891216818
-4.095462143452123,2.4921845514297187
-4.09525347535118,2.4932197378910295
-4.0950424620880375,2.494254450885285
-4.094829822414379,2.495288803152357
-4.094619705697161,2.496323678305001
-4.094411403179629,2.497358931092129
-4.09420072148305,2.4983937060244927
-4.093987654992498,2.4994279955771734
-4.093772238720684,2.500461800443038
-4.093554501117198,2.501495120422925
-4.093334465224005,2.502527954515101
-4.093112149718856,2.503560301051514
-4.09288756976361,2.5045921578129215
-4.092660737692092,2.505623522125123
-4.09243166356698,2.5066543909391994
-4.0922003556299815,2.507684760898264
-4.091966820665202,2.5087146283928683
-4.0917310642920315,2.5097439896069007
-4.091493091200881,2.5107728405555343
-4.091252905342638,2.5118011771165336
-4.0910105100807375,2.5128289950560405
-4.0907659083130365,2.513856290049769
-4.090519102569366,2.5148830577003976
-4.090270095089495,2.5159092935518106
-4.090018887885363,2.516934993100751
-4.0897654827906855,2.5179601518063226
-4.08950988150043,2.5189847650977404
-4.089252085602197,2.5200088283806332
-4.088992096601128,2.5210323370421612
-4.08872991593964,2.522055286455171
-4.088465545013052,2.5230776719815555
-4.088198985181917,2.524099488974973
-4.087930237781773,2.5251207327830403
-4.087659304130802,2.5261413987491053
-4.087386185535865,2.527161482213668
-4.087110883297238,2.52818097851553
-4.086833398712323,2.5291998829927134
-4.0865537330785475,2.530218190983202
-4.08627188769563,2.531235897825533
-4.085987863867348,2.532252998859273
-4.085701662902904,2.5332694894254
-4.085413286117998,2.5342853648666117
-4.085122734835639,2.5353006205275697
-4.0848300103867885,2.5363152517550978
-4.0845351141108415,2.5373292538983434
-4.084238047356005,2.538342622308907
-4.083938811479581,2.5393553523409484
-4.083637407848179,2.5403674393512743
-4.083333837837887,2.5413788786994087
-4.083028102834386,2.542389665747654
-4.0827202042330475,2.543399795861143
-4.082410143438998,2.544409264407884
-4.082097921867164,2.5454180667587942
-4.081783540942316,2.54642619828774
-4.0814670020990835,2.5474336543715634
-4.081148306781976,2.5484404303901123
-4.080827456445392,2.5494465217262654
-4.080504452553626,2.5504519237659586
-4.0801792965808685,2.5514566318982053
-4.079851990011207,2.552460641515124
-4.079522534338626,2.5534639480119554
-4.079190931067,2.5544665467870877
-4.078857181710093,2.555468433242075
-4.078521965454587,2.556469783264276
-4.078189269819998,2.5574719846392924
-4.077858390163327,2.5584748114794396
-4.077525256211791,2.5594768947862665
-4.077189852772151,2.5604782233906302
-4.076852206119584,2.5614787997097905
-4.076512337828945,2.5624786249633527
-4.076170938833833,2.56347789317282
-4.075832005191523,2.5644780091859527
-4.075494845706183,2.565478741064825
-4.075155404149771,2.5664787047778135
-4.074813672088146,2.5674778910340055
-4.074469681124695,2.5684763040178504
-4.074123457090759,2.5694739463818483
-4.073775692418869,2.570471019261933
-4.073430377713717,2.5714689517063296
-4.073086825729402,2.572467507262632
-4.072740990267405,2.57346527792878
-4.072392864312248,2.5744622547800518
-4.072042480515112,2.5754584425400924
-4.071690534893332,2.576454050117258
-4.071341018039591,2.577450520699204
-4.070993247927056,2.5784476144143453
-4.070643186214957,2.579443909812214
-4.070290828268106,2.580439398643219
-4.069936208592193,2.5814340863419174
-4.069579355336601,2.582427976573691
-4.069220960283914,2.5834212791828355
-4.068865000518704,2.5844154652887883
-4.068510792674737,2.5854102912371246
-4.068154306430713,2.5864043067264966
-4.067795535606073,2.587397502993437
-4.067434513382527,2.5883898852984872
-4.067071266849127,2.5893814571651603
-4.066706485792532,2.590372432036396
-4.0663441368560935,2.591364307100731
-4.065983537609102,2.592356834497114
-4.065620666864913,2.593348537359078
-4.0652555181557855,2.5943394067746994
-4.064888124354387,2.5953294481290325
-4.064518512308043,2.596318665048145
-4.064147370302136,2.597307275163536
-4.063778655096647,2.598296801297356
-4.063411685720028,2.5992869913047776
-4.063042450498247,2.600276342302352
-4.062670942951738,2.601264845313851
-4.062297195862868,2.6022525059165122
-4.0619212360119565,2.6032393278938577
-4.061543750265515,2.6042255331995303
-4.06116868548829,2.605212670137938
-4.060795362300223,2.6062004822573868
-4.060419778748795,2.60718744083611
-4.060041928399199,2.6081735368519987
-4.059661843986786,2.609158776088736
-4.059280215219758,2.610143387938196
-4.058900987850006,2.6111289350002282
-4.058523487373267,2.6121151574852846
-4.058143719908667,2.613100513157181
-4.057761681138111,2.6140849936557045
-4.057377405439556,2.615068605463949
-4.056990920879874,2.6160513531031246
-4.056602912766742,2.6170334667607547
-4.056217312353079,2.6180165364937373
-4.0558334438142,2.6190002985734773
-4.0554473220970415,2.6199831821878807
-4.055058941296384,2.620965178396297
-4.054668334427223,2.621946293452212
-4.05427552846629,2.6229265316908283
-4.053881206574456,2.6239061269405637
-4.053489288775324,2.624886694888293
-4.053099100311381,2.625867967501725
-4.052706666031754,2.626848347799401
-4.052311979739548,2.6278278266806607
-4.051915074130187,2.628806410511907
-4.051515975930467,2.629784103721955
-4.051115366639916,2.630761144407305
-4.050717155656783,2.6317391734534885
-4.050320669841104,2.632717918460357
-4.049921944302127,2.6336957568536983
-4.049520972831872,2.634672679468188
-4.049117788028806,2.635648692859636
-4.048712416547316,2.636623801612342
-4.048305538298338,2.637598248227602
-4.0479010520597285,2.63857369863755
-4.0474982864522095,2.639549876058708
-4.047093287040942,2.6405251325087633
-4.046686047663913,2.6414994587782505
-4.046276600866208,2.642472861628235
-4.045864973264186,2.64344534581122
-4.0454518431632955,2.6444171582648064
-4.045041098600586,2.645389989870121
-4.044632070016048,2.6463635594549992
-4.044220813591863,2.6473361937322455
-4.043807323222939,2.6483078834526435
-4.043391631408001,2.649278635585404
-4.0429737647307915,2.650248455053553
-4.042554399856661,2.6512175932373
-4.042137413936887,2.65218776588217
-4.041722139272308,2.653158687428075
-4.041304642816373,2.6541286593670286
-4.040884918522987,2.655097672411194
-4.040462998844571,2.6560657337382123
-4.040038910332218,2.6570328484418817
-4.039612674676648,2.65799901982509
-4.039184963414587,2.658964501380626
-4.0387596343721395,2.6599310437820916
-4.038336019325393,2.660898355855919
-4.037910198774282,2.6618647025898654
-4.037482165110061,2.662830074009817
-4.037051949405707,2.663794477056515
-4.036619577114507,2.6647579166347466
-4.036185720308101,2.6657206536592097
-4.035754229180779,2.6666844619616223
-4.035324439872549,2.6676490458136732
-4.0348924448496115,2.668612647527845
-4.034458237864971,2.669575257591285
-4.034021850988229,2.6705368835574
-4.033583310476367,2.671497530829869
-4.033143287148271,2.672457465360494
-4.032705620578897,2.673418485319037
-4.032269649396038,2.674380290621797
-4.031831477535612,2.675341099079661
-4.031391099084965,2.676300901251635
-4.0309485462813575,2.6772597049862976
-4.0305038455189575,2.6782175159278925
-4.030057665935649,2.679174604532658
-4.029613835712517,2.6801327934848294
-4.029171695583134,2.6810917783907744
-4.0287273609678635,2.6820497522257902
-4.028280826068416,2.6830067055342868
-4.027832123112715,2.6839626463896877
-4.027381278491119,2.684917580620137
-4.026928313787285,2.685871512129067
-4.02647389296044,2.6868247133148384
-4.02602182394779,2.687779041276785
-4.025571447146565,2.6887341860539764
-4.025118892528873,2.6896883044732993
-4.024664152763927,2.6906413863539225
-4.024207258715444,2.6915934394973933
-4.0237482356879495,2.692544469514921
-4.023287747972247,2.693494756174345
-4.022829595236122,2.6944461795747277
-4.022373122365019,2.695398425395588
-4.0219144719263955,2.6963496280636385
-4.021453637939042,2.6972997778973022
-4.0209906522467795,2.6982488833384783
-4.020525540944324,2.6991969505195224
-4.020058325391822,2.7001439835943324
-4.019589665178878,2.701090264789187
-4.019122703382774,2.7020374175709256
-4.018653639880169,2.7029835332177123
-4.018182456063977,2.7039285965043005
-4.017709173331625,2.704872611659561
-4.0172338093775055,2.7058155813901568
-4.016756378819357,2.7067575070693706
-4.016276893797174,2.707698388984046
-4.015795364459349,2.708638226538275
-4.01531179935609,2.70957701842014
-4.014826205757284,2.7105147627379784
-4.014338589908952,2.71145145713156
-4.013848957239854,2.712387098862673
-4.013357312527678,2.713321684888803
-4.012863660032554,2.7142552119230015
-4.012368003604135,2.7151876764824285
-4.011870346767388,2.7161190749276902
-4.011370692791201,2.7170494034946464
-4.010869044743204,2.71797865832011
-4.010365405533484,2.7189068354625743
-4.009859777949416,2.7198339309189095
-4.009352164683358,2.720759940637797
-4.008842568354664,2.721684860530519
-4.008330991527127,2.7226086864796164
-4.0078174367228065,2.723531414345825
-4.007301906432954,2.724453039973628
-4.0067844031266455,2.7253735591956874
-4.006264929257585,2.7262929678363887
-4.0057434872694575,2.7272112617146576
-4.005220079600134,2.7281284366462106
-4.004694708684973,2.7290444884453398
-4.004168005053853,2.7299597233567745
-4.003642982994845,2.730875969007348
-4.003115964230511,2.731791069188768
-4.002586923511047,2.7327050035142584
-4.002055875850168,2.7336177742825063
-4.001522833906352,2.7345293826845785
-4.000987808345007,2.735439828906027
-4.000450808220498,2.7363491123106662
-3.999911841287827,2.737257231593048
-3.9993709142559135,2.738164184903681
-3.9988280329930994,2.7390699699516787
-3.9982832026935995,2.7399745840887557
-3.9977364280121264,2.7408780243778637
-3.9971877131725995,2.7417802876491804
-3.9966370620557927,2.7426813705457196
-3.9960844782699065,2.7435812695604294
-3.995529965207299,2.744479981066319
-3.994973526090031,2.7453775013408994
-3.994415164006373,2.746273826585975
-3.9938548819400337,2.7471689529436514
-3.9932926827935216,2.7480628765092665
-3.9927285694067916,2.748955593341822
-3.9921625445721127,2.7498470994723863
-3.991595224578841,2.7507377288541948
-3.991030144553065,2.7516297934904115
-3.99046667585766,2.752522904980836
-3.9899011987762774,2.7534147496480674
-3.9893337013271775,2.754305313027196
-3.988764208456557,2.7551946038285795
-3.9881927408386026,2.7560826284689326
-3.987619315607187,2.756969391385753
-3.9870445534918946,2.757855244851924
-3.986471984737958,2.7587425280022106
-3.985900993498194,2.759630848256286
-3.9853279818873033,2.7605178704693487
-3.9847529427911765,2.7614035828856434
-3.984175904862855,2.7622879966880443
-3.9835968917323608,2.7631711202854565
-3.983016525201509,2.764053315864323
-3.9824383272624355,2.7649369438737903
-3.9818616888878133,2.765821608388183
-3.9812830281356604,2.7667049554684984
-3.980702340123769,2.767586974604142
-3.980119655150848,2.7684676781979967
-3.9795349981595773,2.7693470756426284
-3.978948389686507,2.7702251737707524
-3.9783604469955605,2.771102337058853
-3.9777746683395283,2.771980956969688
-3.9771904459329837,2.7728606322797704
-3.976604217811329,2.7737389761441795
-3.9760159781275366,2.7746159773815915
-3.9754257562221307,2.775491648142223
-3.9748335762723834,2.77636599761682
-3.9742394582062257,2.7772390324772855
-3.9736440158930995,2.77811112191479
-3.9730507263704467,2.77898468744582
-3.9724589849261607,2.7798593226442514
-3.9718652501184084,2.780732609809718
-3.9712695160151394,2.7816045375990925
-3.9706718117067887,2.7824751183227407
-3.97007216117602,2.7833443613056055
-3.969470584201588,2.784212273331905
-3.9688676914253778,2.7850792287420214
-3.968266938922897,2.785947678792696
-3.967667725428361,2.7868172118890815
-3.967066530322611,2.787685379999228
-3.96646334774285,2.788552171711705
-3.9658582066501413,2.7894175995707284
-3.9652511309287117,2.790281673094823
-3.964642730768419,2.7911447746056366
-3.964036451026831,2.792009376607893
-3.9634316959835525,2.7928750640020215
-3.9628249612340687,2.7937393691566976
-3.9622162423956024,2.7946022815174336
-3.9616055694741856,2.7954638145355464
-3.9609929671930546,2.7963239784648657
-3.960378455932421,2.7971827808450906
-3.959762640954148,2.798040605848719
-3.9591489420043513,2.7988999561347696
-3.958536764573122,2.799760411163999
-3.9579226251495423,2.8006194709048886
-3.957306518270129,2.801477124010165
-3.9566884728837666,2.8023333835759905
-3.9560685128714796,2.8031882595735818
-3.9554466579453758,2.8040417593183244
-3.954823509705137,2.8048942716371177
-3.9542024657441446,2.8057483284365965
-3.9535829348377933,2.806603503960822
-3.9529614548917977,2.807457268072194
-3.952338020344919,2.8083096092470097
-3.9517126598771077,2.809160540724202
-3.9510853971599715,2.8100100725957975
-3.9504562517448085,2.810858212279278
-3.9498252398628577,2.8117049650172046
-3.949192957255244,2.8125507227403044
-3.948562770489329,2.8133980541288666
-3.947934090666967,2.8142465266413224
-3.947303482587107,2.8150935708391884
-3.946670939671701,2.815939174366528
-3.946036489544694,2.8167833501450024
-3.945400155040457,2.8176261080180898
-3.944761955049853,2.8184674552093147
-3.9441224830543953,2.8193077915830935
-3.9434850866875544,2.8201497139907894
-3.942849182791719,2.820992785090941
-3.942211358414056,2.821834408185305
-3.9415716080030876,2.8226745714962953
-3.940929959808047,2.823513288693079
-3.940286437167994,2.824350570227311
-3.9396410593824367,2.825186423816885
-3.9389944166025317,2.8260212549402954
-3.9383498347177546,2.8268576889054193
-3.9377067347583545,2.8276952833836293
-3.937061726073646,2.8285314129284527
-3.936414803365412,2.8293660658244186
-3.935765994884599,2.8301992560687004
-3.935115323974927,2.831030994381865
-3.934462809944151,2.8318612887021977
-3.9338090393783345,2.832690549689019
-3.9331573157450594,2.833521430979981
-3.9325070640387287,2.8343534852513175
-3.931854916120197,2.835184058213931
-3.93120086681495,2.8360131381251636
-3.930544944270332,2.836840739236964
-3.9298871717511266,2.8376668724802427
-3.929227568507081,2.838491545966912
-3.9285661505532974,2.8393147655175035
-3.927903498534138,2.8401369447517473
-3.927242883718284,2.840960772946841
-3.9265837337640703,2.841785796141952
-3.9259227088245376,2.842609321789812
-3.9252598027729064,2.8434313373036675
-3.9245950427390217,2.844251856599315
-3.923928451180521,2.845070890343992
-3.923260046710174,2.8458884464436225
-3.922589844842829,2.846704530559483
-3.921918421456122,2.8475195620846834
-3.9212490184629556,2.848336265184476
-3.920581068227226,2.8491541797007716
-3.9199112597837265,2.8499705771879444
-3.9192395870028767,2.8507854448892407
-3.918566076754061,2.8515987969255776
-3.917890751293088,2.8524106441371364
-3.9172136290790704,2.8532209945755835
-3.916535283555622,2.8540302757488205
-3.915858936799031,2.8548412391247715
-3.9151840273589538,2.855653420183557
-3.9145072678311292,2.8564640644718367
-3.9138286532057225,2.8572731599509713
-3.9131482110376568,2.858080721591319
-3.9124659641341415,2.8588867609226125
-3.911781931399055,2.8596912865558304
-3.9110961285918804,2.8604943047300546
-3.910409123425714,2.861296246178101
-3.9097241052575535,2.8620998970844114
-3.9090405157910633,2.862904786569715
-3.9083550971458005,2.8637081230596326
-3.9076678435546235,2.864509893773444
-3.906979328473573,2.865310548848614
-3.9062922156815048,2.8661124358160706
-3.9056032964781484,2.8669127746734833
-3.9049125621075937,2.86771155036
-3.9042200366454587,2.8685087757305148
-3.903525740096692,2.8693044605964713
-3.9028302372493293,2.870099046372885
-3.9021366926534835,2.870895352907134
-3.901445089538675,2.8716933552592407
-3.9007548570998507,2.8724925489617252
-3.9000632944869644,2.8732905882266966
-3.8993730640971496,2.874089784193816
-3.898680970021091,2.8748873726432924
-3.897987016410888,2.8756833485418527
-3.897291237610358,2.8764777329945135
-3.896594203380977,2.8772709842454507
-3.8958990894132017,2.8780659276389264
-3.8952058858005714,2.878862544912713
-3.894514555455825,2.8796607938970427
-3.893825068946006,2.8804606400379114
-3.89313688457282,2.881261586857467
-3.892446764690357,2.8820608756021664
-3.891754727134815,2.882858511752377
-3.891060817368859,2.8836545249736076
-3.890365072552735,2.884448938672602
-3.8896675230817928,2.885241771047104
-3.8889681939056597,2.886033036065764
-3.8882671055972637,2.886822744270169
-3.887564275217377,2.8876109034290245
-3.8868602619534074,2.888397957329772
-3.886157659510164,2.8891863128398305
-3.885453313354893,2.8899731130158677
-3.884747748055345,2.8907587817602547
-3.884044100560748,2.8915461786530643
-3.883341832322046,2.89233482229232
-3.882637752455068,2.893121853934893
-3.881931859459278,2.8939072638861383
-3.8812241828384577,2.8946910700737156
-3.8805147469756416,2.895473286433943
-3.8798035720545347,2.8962539235348723
-3.8790906748774945,2.8970329892090816
-3.8783760695288536,2.8978104890723118
-3.8776597679115903,2.898586426946636
-3.8769417801808452,2.8993608052051734
-3.8762221150935834,2.9001336250524616
-3.8755007802901935,2.9009048867521687
-3.874777782520935,2.9016745898117486
-3.8740531278277754,2.902442733131978
-3.873326821690192,2.9032093151278833
-3.872598869141912,2.903974333826389
-3.871869274864251,2.904737786945063
-3.871138577899013,2.9055001232584403
-3.8704097942625615,2.9062643030400115
-3.8696823847290243,2.907029823295884
-3.868953252015429,2.9077937064428423
-3.868222387568006,2.9085559362894937
-3.867489814415293,2.9093165265104397
-3.8667555517917718,2.9100754876481894
-3.8660196158003535,2.910832827568238
-3.8652825458377498,2.9115890128157416
-3.864546829593746,2.91234655948196
-3.863809437732185,2.9131024776068286
-3.8630703560938393,2.9138567459417124
-3.862330124014324,2.91460983999574
-3.86159174082469,2.9153647581809747
-3.8608546865579534,2.916120994679417
-3.860115902302405,2.9168755460805387
-3.8593753854706274,2.9176284012645337
-3.8586331635132334,2.9183795783676394
-3.857889775967221,2.919129561962806
-3.8571482163474404,2.919881363310394
-3.856407971002596,2.9206344757987455
-3.8556659939377123,2.921385887395237
-3.8549222844943887,2.9221355886774525
-3.8541768715407883,2.922883599266488
-3.853429778969246,2.923629934493016
-3.852681026596414,2.9243746060737927
-3.8519306309588757,2.925117622792534
-3.851178605957938,2.9258589910574977
-3.8504249633810335,2.9265987153561226
-3.8496702302688712,2.9273372696267765
-3.848917334583559,2.9280777099872597
-3.848165758489544,2.928819518443408
-3.847412501988718,2.9295596247447664
-3.846657559329734,2.9302980145990674
-3.845900954893092,2.9310347041398073
-3.8451427089923924,2.931769705900054
-3.844382838597671,2.9325030293564858
-3.843621357986539,2.9332346815037487
-3.842858279272329,2.9339646673253785
-3.8420936128314596,2.9346929901780228
-3.8413273676487134,2.93541965210442
-3.840560061564478,2.9361451327450436
-3.839794566357852,2.9368725377714315
-3.8390303712183216,2.9376013396107856
-3.8382645292193067,2.938328414914093
-3.8374970339793184,2.9390537484331873
-3.8367279089034314,2.939777356029759
-3.835957173538321,2.9404992500360345
-3.8351848442556955,2.9412194397828095
-3.8344109348696236,2.9419379321625634
-3.833635457137478,2.9426547320913987
-3.8328584211654713,2.9433698428861006
-3.8320798357364336,2.9440832665713947
-3.831299708574327,2.944795004129942
-3.830518547652508,2.9455055436385678
-3.8297391628887008,2.9462180453951574
-3.828961052963836,2.946931971656486
-3.828181331642219,2.947644141914786
-3.8273999924442106,2.9483545404007656
-3.82661705815112,2.949063183102381
-3.8258325478206245,2.949770082470256
-3.8250464774458535,2.9504752479451977
-3.8242588605510526,2.9511786865226997
-3.823469708674996,2.9518804032160846
-3.82267903176237,2.95258040143457
-3.821886838480146,2.953278683291378
-3.8210931364729093,2.953975249854445
-3.8202984240045796,2.9546705989033053
-3.819505449651707,2.9553679442183376
-3.8187137227038668,2.956066738396681
-3.81792041859391,2.956763745927031
-3.8171255311314995,2.9574589509016143
-3.816329082771309,2.9581523697297953
-3.815531092316945,2.9588440152164264
-3.814731575568385,2.959533897100579
-3.813930545906123,2.9602220226308726
-3.813128014765162,2.960908397037409
-3.812323992018718,2.9615930239169757
-3.811535251079029,2.962262933497982
-3.8107286333188153,2.9629444311568864
-3.809920913128744,2.9636246257122685
-3.8091148097153686,2.964306751656456
-3.8083098578951207,2.9649902471327505
-3.8075033099000524,2.9656718690351265
-3.8066951711989927,2.9663516126607528
-3.8058854729472924,2.967029503959577
-3.805074240861186,2.9677055634187233
-3.8042619691347404,2.9683803299221867
-3.803451341976463,2.969057083464386
-3.8026418947519636,2.969735266936993
-3.8018308891089054,2.970411591987149
-3.801018325195732,2.971086048959672
-3.800204229737231,2.9717586599709165
-3.7993886249272983,2.972429442415708
-3.7985719970390743,2.9730989303926934
-3.7977570087029187,2.973770425452884
-3.796943198467578,2.9744433689171563
-3.7961278467343296,2.9751144492350243
-3.795310952639756,2.9757836556737747
-3.7944925419184745,2.9764510096581622
-3.793672635985381,2.977116528036507
-3.7928512527231697,2.9777802238059223
-3.7920284071752266,2.9784421068414395
-3.7912041121064504,2.979102184492364
-3.7903788436931234,2.979760983715534
-3.789555210000879,2.980421839825907
-3.788732750051213,2.9810841855606554
-3.787908787383391,2.981744665787703
-3.7870833182136243,2.9824032662867297
-3.786256365560555,2.983060006018241
-3.7854284055550496,2.9837154281479368
-3.784602047054473,2.984372880529933
-3.783776840143975,2.9850317976911858
-3.78295012126059,2.985688822563205
-3.7821218902044023,2.986343944941846
-3.781292172733002,2.9869971871363292
-3.7804609902938244,2.987648566729115
-3.779628360810354,2.9882980973267474
-3.7787947546553853,2.9889463190765087
-3.777962744570929,2.9895966015084388
-3.7771318813329313,2.990248373565918
-3.776299530945274,2.9908982506855444
-3.7754656915687295,2.9915462206628782
-3.7746303873811526,2.9921923044096648
-3.77379363856675,2.9928365183851127
-3.7729554620420847,2.9934788752949184
-3.7721163232878707,2.9941199180094356
-3.771278764859836,2.9947630378535495
-3.770442341764796,2.9954076596552404
-3.769604449185837,2.9960503755633634
-3.7687650850981953,2.996691173010535
-3.767924273268374,2.9973300728358883
-3.767082033555761,2.997967091448214
-3.76623838262259,2.998602241519881
-3.7653933345604953,2.999235532693436
-3.764547348444373,2.9998675088960005
-3.763702926437224,3.000501588044861
-3.7628596275207262,3.0011371892510255
-3.762014883940109,3.0017708743906155
-3.76116869290895,3.002402629782082
-3.760321077253287,3.0030324756387694
-3.7594720560862287,3.0036604278760937
-3.758621645480874,3.0042864987790963
-3.7577698590657698,3.0049106976884996
-3.756917150007988,3.0055335728114896
-3.7560655519450497,3.0061580200314126
-3.7552125751416923,3.0067805853253056
-3.7543582087626075,3.007401244893859
-3.7535024687096685,3.008020010935272
-3.7526630745870544,3.0086252218282383
-3.7518053363515587,3.0092411198393907
-3.750949028388887,3.00985904454234
-3.750093746156071,3.010478394228125
-3.7492370028518653,3.0110957356208634
-3.74837880726171,3.011711067798758
-3.7475191907988346,3.0123244217461136
-3.746658179401971,3.0129358220641054
-3.74579579456575,3.0135452880323332
-3.744932054220735,3.0141528346182715
-3.7440669734438052,3.014758473302224
-3.7432005650305533,3.015362212749021
-3.7423328399557785,3.015964059354014
-3.741463807743397,3.016564017686176
-3.7405939068400356,3.0171626440107264
-3.739725077994491,3.017762887589284
-3.7388549318355864,3.0183612224953023
-3.737983456577604,3.0189576224343404
-3.7371106664672364,3.0195520982664936
-3.7362365737502223,3.020144658374438
-3.7353611890190375,3.020735308990187
-3.734484521539289,3.0213240546036055
-3.733606579513621,3.0219108982970164
-3.7327273702946133,3.0224958420175154
-3.731846900556256,3.023078886798232
-3.7309655963645363,3.023660591486495
-3.7300857464500896,3.0242445114531016
-3.7292069381827297,3.024830038233544
-3.7283268094652233,3.025413583586875
-3.727445356081573,3.025995130589292
-3.726562597872211,3.0265746982567028
-3.7256785515911797,3.0271523016010353
-3.7247932314621006,3.0277279522351734
-3.723906649672671,3.028301659012942
-3.723018816775356,3.0288734285535828
-3.722129742011406,3.029443265669512
-3.7212394335724515,3.0300111737146165
-3.7203478988113687,3.0305771548674056
-3.719455144411977,3.0311412103608566
-3.7185611765254083,3.0317033406687135
-3.7176664078943613,3.032264113448695
-3.7167726467388307,3.032826562084352
-3.715877656851272,3.033387055947039
-3.7149814263543117,3.033945566462692
-3.714083968046445,3.034502103658448
-3.713185293044631,3.0350566752993786
-3.712285411071751,3.035609287168058
-3.711384330729947,3.036159943438366
-3.710482059722047,3.0367086469824174
-3.709578605030537,3.037255399620806
-3.708673973061981,3.0378002023263
-3.707768169763384,3.0383430553893875
-3.706861200715795,3.0388839585526135
-3.705953071209486,3.0394229111194266
-3.70504378630424,3.039959912042255
-3.70413335087763,3.0404949599936675
-3.7032217696636196,3.041028053423784
-3.7023090472833733,3.0415591906065376
-3.701395188269827,3.0420883696768977
-3.700480197087239,3.0426155886607757
-3.6995640781467296,3.043140845499027
-3.6986468358186144,3.0436641380666822
-3.697728474442175,3.0441854641883404
-3.69680899833339,3.0447048216504697
-3.6958884117910378,3.045222208211226
-3.6949667191015108,3.0457376216082785
-3.694043924542603,3.046251059565042
-3.693120032386487,3.0467625197956267
-3.692195046902046,3.0472720000087716
-3.6912689723566996,3.0477794979109607
-3.6903418130178265,3.048285011208891
-3.6894135731538737,3.048788537611426
-3.6884842570352174,3.0492900748311347
-3.6875538689348275,3.0497896205855075
-3.6866224131287795,3.0502871725979164
-3.6856898938966474,3.050782728598364
-3.6847563155218035,3.05127628632408
-3.6838216822916428,3.0517678435199826
-3.6828859984977544,3.052257397939046
-3.681949268436045,3.052744947342586
-3.681011496406832,3.053230489500484
-3.680072686714906,3.053714022191362
-3.679132843669575,3.054195543202725
-3.678191971584696,3.0546750503310633
-3.6772500747786863,3.055152541381945
-3.6763075116348034,3.055628616172275
-3.6753661417165544,3.056107069189039
-3.674425623765482,3.0565872471604623
-3.673484026122694,3.0570653107418297
-3.67254134587454,3.0575412413791723
-3.6715975999891497,3.058015059240271
-3.670652802951305,3.058486780373031
-3.6697069672164373,3.05895641732377
-3.6687601036084514,3.059423979795994
-3.667812221641782,3.0598894751904204
-3.6668633297816657,3.0603529090455295
-3.6659134356541343,3.0608142853963596
-3.6649628869520208,3.061274216377749
-3.6640134840118668,3.061736529912538
-3.663064900043698,3.062200569406372
-3.662115267938465,3.062662466774432
-3.6611645861493005,3.0631222054145084
-3.6602128721219707,3.0635798073714966
-3.659260140714487,3.0640352902035315
-3.658306404676469,3.064488667672595
-3.6573520057899227,3.0649405648718897
-3.656398721351713,3.065394828319366
-3.655446235377618,3.065850802505432
-3.6544927115116104,3.0663046096557687
-3.6535381500609914,3.0667562364009764
-3.6525825696423317,3.067205707535801
-3.651645577340673,3.0676448245367003
-3.6506881662441284,3.068090284547983
-3.6497297104618203,3.068533543786694
-3.648770244166559,3.068974627946185
-3.647809785769341,3.0694135591867293
-3.6468486743167974,3.0698509908771237
-3.6458883176469596,3.0702901442202797
-3.6449269803542896,3.0707271547576176
-3.643964659251624,3.0711620013330054
-3.64300136946385,3.0715947025540955
-3.6420371239509794,3.0720252731665565
-3.6410722511194806,3.072454350625979
-3.64010843518657,3.0728858183900485
-3.639145375396301,3.0733190115884774
-3.638181628685817,3.0737506447622276
-3.6372189044259096,3.074184566859878
-3.6362569199098886,3.074620129097959
-3.635293913822598,3.075053439760372
-3.6343298931196015,3.075484497912362
-3.633364880954991,3.0759133387569952
-3.632398896730861,3.0763399904599047
-3.631431956814007,3.0767644753265464
-3.6304640751388377,3.0771868109176315
-3.6294952636936157,3.0776070109595697
-3.628525532912012,3.078025086085021
-3.627554891987913,3.0784410444343018
-3.6265833491281194,3.078854892143046
-3.6256109117548783,3.0792666337370576
-3.6246375866679497,3.079676272451546
-3.6236633801740985,3.080083810488858
-3.6226886048754556,3.080489876066147
-3.621714548689468,3.080897758744603
-3.6207396014687565,3.0813035103710043
-3.6197637563282616,3.0817071011101107
-3.618787024326671,3.0821085431672874
-3.617809415219966,3.0825078461988724
-3.6168309376984453,3.0829050176391966
-3.6158515995986136,3.0833000631223295
-3.6148714080740754,3.0836929868276477
-3.613890369733212,3.084083791761148
-3.612908490749919,3.084472479984068
-3.6119257769525324,3.0848590527984046
-3.610942233895129,3.0852435108972274
-3.609957866914596,3.0856258544862936
-3.608972681176243,3.086006083382299
-3.607986681710201,3.0863841970921473
-3.6069998734404227,3.0867601948768066
-3.6060125488276142,3.087134711442114
-3.6050261604382747,3.0875117158811642
-3.6040404387159226,3.087890523461039
-3.60305386469798,3.0882671138241813
-3.6020664375656857,3.0886414685389356
-3.6010781721679797,3.089013609686086
-3.600089081298504,3.0893835549399844
-3.599099176083361,3.0897513182380916
-3.5981084663113054,3.090116910486566
-3.5971169607002835,3.090480340138064
-3.5961246671123375,3.090841613662689
-3.5951315927265837,3.091200735931215
-3.5941377441782225,3.0915577105264345
-3.593143127670057,3.0919125399957266
-3.5921477490618203,3.0922652260556327
-3.591151613941607,3.0926157697573275
-3.590154727682907,3.0929641716202556
-3.5891570954900747,3.0933104317399143
-3.5881587224345126,3.093654549874661
-3.5871596134834314,3.0939965255155277
-3.586159773522666,3.094336357942299
-3.5851592073747516,3.0946740462684845
-3.5841579198132205,3.0950095894773484
-3.5831559155738892,3.0953429864507234
-3.5821531993637574,3.095674235992032
-3.5811497758680115,3.096003336844651
-3.580145649755526,3.096330287706539
-3.5791408256831776,3.096655087241875
-3.5781353082992173,3.0969777340903044
-3.5771293560642277,3.097298876560905
-3.57612396570738,3.097621901611183
-3.5751178723743515,3.097942734950759
-3.574111071214486,3.098261344661436
-3.5731035717668065,3.0985777425690113
-3.5720953825893575,3.098891938120353
-3.571086511443708,3.099203938670961
-3.570076965453583,3.099513749879059
-3.569066751232688,3.0998213760292694
-3.568055874987688,3.1001268202965977
-3.567044342601044,3.1004300849613573
-3.5660321596975217,3.1007311715838837
-3.565019331697503,3.1010300811463307
-3.564005863859651,3.101326814167588
-3.562991761314985,3.1016213707962677
-3.561977029094071,3.1019137508858456
-3.5609616721486574,3.1022039540552884
-3.559945695368884,3.102491979737905
-3.5589291035969346,3.102777827220655
-3.557911901637853,3.103061495675735
-3.556894094268101,3.103342984185921
-3.555875686242313,3.1036222917648812
-3.5548566822986194,3.1038994173734307
-3.5538370871628335,3.104174359932519
-3.5528169055517425,3.104447118333598
-3.5517961421756796,3.1047176914468873
-3.5507748017405407,3.1049860781279484
-3.549752888949354,3.105252277222914
-3.548730408503499,3.1055162875726388
-3.547707365103656,3.105778108015986
-3.546683763450536,3.1060377373924335
-3.545659608245443,3.1062951745441314
-3.5446349041907075,3.106550418317525
-3.5436096559900103,3.1068034675646397
-3.542583868348633,3.1070543211440826
-3.541557545973643,3.1073029779218415
-3.5405306935740284,3.1075494367719014
-3.5395033158608,3.107793696576735
-3.53847541754706,3.108035756227684
-3.5374470033480496,3.1082756146252564
-3.53641807798118,3.10851327067936
-3.535388646166051,3.1087487233094855
-3.534358712624455,3.1089819714448454
-3.5333282820803813,3.109213014024487
-3.5322973592600055,3.1094418499973786
-3.5312659488916798,3.109668478322475
-3.530234055705921,3.1098928979687703
-3.52920168443539,3.1101151079153406
-3.5281688398148763,3.1103351071513727
-3.5271355265812763,3.110552894676194
-3.526101749473572,3.110768469499288
-3.5250675132328086,3.110981830640314
-3.524032822602074,3.111192977129118
-3.5229976823264746,3.111401908005743
-3.5219620971531103,3.1116086223204387
-3.5209260718310533,3.1118131191336706
-3.5198896111113243,3.1120153975161218
-3.518852719746868,3.112215456548702
-3.51781540249253,3.1124132953225527
-3.5167776641050317,3.1126089129390473
-3.515739509342949,3.112802308509801
-3.514700942966686,3.11299348115667
-3.5136619697384526,3.113182430011757
-3.5126225944222402,3.1133691542174127
-3.5115828217838,3.113553652926242
-3.5105426565906157,3.1137359253011034
-3.5095021036118843,3.113915970515115
-3.508461167618489,3.1140937877516546
-3.507419853382978,3.114269376204365
-3.5063781656795396,3.1144427350771537
-3.5053361092839808,3.1146138635841987
-3.5042936889737017,3.1147827609499465
-3.503250909527675,3.1149494264091193
-3.5022077757264207,3.1151138592067142
-3.5011642923519832,3.115276058598007
-3.5001204641879107,3.1154360238485532
-3.499076296019229,3.11559375423419
-3.498031792632422,3.1157492490410386
-3.496986958815406,3.1159025075655076
-3.4959417993575084,3.116053529114294
-3.4948963190494453,3.116202313004383
-3.493850522683299,3.116348858563053
-3.492804415052495,3.116493165127874
-3.4917580009517803,3.116635232046714
-3.4907112851772,3.1167750586777343
-3.4896642725260762,3.1169126443893975
-3.488616967796986,3.117047988560464
-3.4875693757897386,3.117181090579997
-3.486521501305354,3.11731194984736
-3.48547334914604,3.1174405657722226
-3.4844249241151712,3.1175669377745594
-3.483376231017269,3.117691065284651
-3.482327274657976,3.117812947743086
-3.4812780598440383,3.1179325846007626
-3.4802285913832804,3.1180499753188884
-3.479178874084588,3.1181651193689834
-3.4781289127578816,3.118278016232879
-3.4770787122141007,3.1183886654027217
-3.476028277265177,3.1184970663809715
-3.4749776127240186,3.118603218680404
-3.473926723404484,3.118707121824112
-3.472875614121364,3.1188087753455056
-3.4718242896903613,3.1189081787883137
-3.470772754928067,3.1190053317065853
-3.469721014651941,3.119100233664689
-3.468669073680292,3.1191928842373153
-3.467616936832256,3.119283283009477
-3.4665646089277753,3.1193714295765096
-3.4655120947875786,3.119457323544073
-3.46445939923316,3.119540964528153
-3.4634065270867582,3.1196223521550595
-3.4623534831713365,3.1197014860614303
-3.4613002723105626,3.1197783658942297
-3.4602468993287867,3.1198529913107507
-3.4591933690510235,3.1199253619786154
-3.4581396863029297,3.119995477575776
-3.4570858559107838,3.120063337790516
-3.4560318827014678,3.120128942321449
-3.454977771502444,3.1201922908775224
-3.4539235271417383,3.1202533831780164
-3.452869154447917,3.1203122189525447
-3.4518146582500666,3.1203687979410564
-3.450760043377776,3.1204231198938364
-3.4497053146611134,3.120475184571505
-3.448650476930609,3.1205249917450213
-3.447595535017232,3.120572541195682
-3.446540493752373,3.120617832715123
-3.4454853579678213,3.120660866105318
-3.444430132495747,3.120701641178584
-3.4433748221686784,3.1207401577575777
-3.4423194318194827,3.120776415675299
-3.4412639662813485,3.1208104147750895
-3.4402084303877603,3.120842154910636
-3.4391528289724826,3.12087163594597
-3.4380971668695373,3.120898857755466
-3.4370414489131833,3.1209238202238483
-3.4359856799378985,3.120946523246186
-3.4349298647783564,3.1209669667278965
-3.4338740082694064,3.120985150584746
-3.4328181152460546,3.1210010747428507
-3.4317621905434423,3.121014739138676
-3.4307062389967005,3.1210261422013277
-3.429650265440991,3.1210352854066694
-3.4285942747117075,3.1210421687264867
-3.427538271644294,3.1210467921407625
-3.426482261074237,3.1210491556377415
-3.4254262478370503,3.1210492592136894
-3.424370236768272,3.121047102872695
-3.4233142327034543,3.121042686626514
-3.4222582404781705,3.1210360104944357
-3.42120226492801,3.121027074503185
-3.420146310888583,3.1210158786868303
-3.4190903831955284,3.1210024230867184
-3.418034486684516,3.1209867077514155
-3.416978626191251,3.1209687327366638
-3.415922806551485,3.120948498105339
-3.414867032600889,3.1209260024663075
-3.4138113091747724,3.120901247363456
-3.4127556411089603,3.120874232894418
-3.411721375039971,3.120845927210749
-3.410665859466895,3.1208149847368043
-3.409610396372929,3.120781608136327
-3.4085550048167983,3.120745835489454
-3.407499691317028,3.1207076948638286
-3.4064444616313763,3.1206672087650835
-3.4053893212119024,3.12062439524524
-3.4043342753015113,3.120579268774438
-3.403279328993443,3.1205318409458322
-3.4022244872748795,3.1204821210456193
-3.4011697550591187,3.120430116513307
-3.400115137209143,3.1203758333127847
-3.399060638554706,3.120319276231021
-3.398006263904567,3.120260449118136
-3.3969520180551225,3.1201993550800693
-3.395897905796372,3.120135996632968
-3.3948439319159376,3.120070375826722
-3.3937901012016765,3.120002494343656
-3.3927364184432807,3.119932353577269
-3.391682888433172,3.1198599546949457
-3.3906295159669075,3.1197852986878383
-3.389576305843258,3.119708386410479
-3.3885232628640773,3.1196292186121846
-3.3874703918340363,3.1195477959619202
-3.386417697560296,3.119464119067947
-3.3853651848521427,3.119378188493326
-3.384312858520623,3.1192900047681302
-3.3832607233781906,3.1191995683990448
-3.3822087842383746,3.119106879876903
-3.38115704591548,3.11901193968259
-3.380105513224313,3.1189147482916555
-3.3790541909799434,3.118815306177916
-3.378003083997489,3.118713613816253
-3.3769521970919327,3.1186096716847933
-3.375901535077959,3.118503480266592
-3.374851102769819,3.118395040050936
-3.3738009049812026,3.118284351534346
-3.37275094652514,3.118171415221348
-3.371701232213907,3.1180562316250615
-3.37065176685895,3.1179388012676497
-3.3696025552708133,3.1178191246806595
-3.36855360225908,3.1176972024052794
-3.367504912632319,3.117573034992534
-3.3664564911980364,3.117446623003425
-3.3654083427626325,3.1173179670090403
-3.3643604721313616,3.117187067590632
-3.3633128841082973,3.1170539253396714
-3.362265583496296,3.1169185408578906
-3.361218575096967,3.1167809147573085
-3.360171863710644,3.1166410476602504
-3.3591254541363518,3.116498940199362
-3.3580793511717832,3.1163545930176126
-3.357033559613269,3.1162080067683005
-3.3559880842557535,3.1160591821150554
-3.354942929892767,3.1159081197318326
-3.353898101316403,3.115754820302915
-3.3528536033172904,3.1155992845229066
-3.3518094406845713,3.1154415130967306
-3.350765618205875,3.1152815067396236
-3.349722140667294,3.1151192661771305
-3.348679012853361,3.114954792145101
-3.3476362395470214,3.1147880853896828
-3.346593825529614,3.114619146667318
-3.3455517755808444,3.1144479767447377
-3.3445100944787614,3.114274576398956
-3.343468786999733,3.1140989464172653
-3.342427857918424,3.1139210875972325
-3.3413873120077726,3.113741000746692
-3.3403471540389646,3.1135586866837417
-3.3393073887814118,3.113374146236738
-3.3382680210027287,3.1131873802442898
-3.337229055468709,3.112998389555253
-3.336190496943302,3.112807175028729
-3.3351523501885896,3.1126137375340535
-3.334114619964763,3.1124180779507977
-3.3330773110301015,3.1122201971687575
-3.332040428140946,3.1120200960879516
-3.33100397605168,3.1118177756186167
-3.329967959514704,3.111613236681198
-3.3289323832804154,3.111406480206349
-3.3278972520971832,3.111197507134923
-3.3268625707113273,3.110986318417969
-3.3258283438670966,3.1107729150167236
-3.324794576306644,3.1105572979026097
-3.323761272770007,3.1103394680572283
-3.3227284379950848,3.1101194264723517
-3.3216960767176147,3.1098971741499213
-3.3206641936711527,3.1096727121020398
-3.3196327935870493,3.109446041350965
-3.31860188119443,3.1092171629291054
-3.317571461220171,3.108986077879014
-3.3165415383888797,3.108752787253382
-3.315512117422872,3.1085172921150335
-3.314483203042152,3.1082795935369196
-3.3134547999643895,3.1080396926021123
-3.3124269129049,3.107797590403799
-3.311399546576622,3.107553288045275
-3.310372705690097,3.107306786639941
-3.309346394953449,3.107058087311294
-3.308320619072362,3.106807191192922
-3.3072953827500604,3.1065540994284984
-3.3062706906872883,3.106298813171776
-3.305246547582288,3.1060413335865804
-3.3042229581307803,3.105781661846806
-3.3031999270259433,3.1055197991364083
-3.3021774589583925,3.105255746649396
-3.3011555586161596,3.1049895055898284
-3.3001342306846744,3.104721077171809
-3.2991134798467416,3.104450462619476
-3.298093310782523,3.1041776631670004
-3.2970737281695155,3.1039026800585776
-3.296054736682533,3.103625514548422
-3.295036340993685,3.103346167900761
-3.2940185457723574,3.103064641389829
-3.2930013556851923,3.1027809362998604
-3.2919847753960685,3.1024950539250846
-3.2909688095660807,3.1022069955697207
-3.289953462853522,3.1019167625479693
-3.2889387399138608,3.1016243561840082
-3.2879246453997255,3.1013297778119857
-3.286911183960881,3.101033028776014
-3.285898360244212,3.1007341104301656
-3.284886178893701,3.1004330241384634
-3.28387464455041,3.1001297712748785
-3.2828637618524614,3.0998243532233216
-3.2818535354350185,3.099516771377638
-3.280843969930265,3.099207027141603
-3.279835069967386,3.0988951219289125
-3.2788268401725493,3.0985810571631793
-3.277819285168886,3.0982648342779284
-3.2768124095764684,3.0979464547165874
-3.275806218012295,3.097625919932484
-3.2748007150902683,3.0973032313888376
-3.2737959054211756,3.096978390558755
-3.272791793612669,3.096651398925224
-3.271788384269249,3.0963222579811065
-3.270785681992241,3.095990969229132
-3.269783691379778,3.095657534181896
-3.2687824170267827,3.0953219543618475
-3.2677818635249447,3.094984231301289
-3.2667820354627026,3.0946443665423646
-3.265782937425224,3.094302361637061
-3.264784573994387,3.0939582181471947
-3.2637869497487597,3.0936119376444107
-3.262790069263581,3.0932635217101727
-3.2617939371107396,3.0929129719357618
-3.2607985578587573,3.092560289922265
-3.2598039360727653,3.092205477280573
-3.2588100763144876,3.091848535631373
-3.25781698314222,3.0914894666051413
-3.2568246611108096,3.091128271842139
-3.2558331147716357,3.0907649529924046
-3.2548423486725904,3.0903995117157486
-3.253852367358056,3.090031949681746
-3.252863175368889,3.089662268569731
-3.2518747772423953,3.08929047006879
-3.2508871775123147,3.088916555877758
-3.2499003807087963,3.088540527705206
-3.248914391358382,3.0881623872694415
-3.247929213983982,3.087782136298497
-3.2469448531048597,3.0873997765301273
-3.2459613132366063,3.087015309711798
-3.2449785988911217,3.0866287376006847
-3.2439967145765967,3.086240061963662
-3.2430156647974875,3.085849284577298
-3.2420354540544993,3.0854564072278476
-3.241056086844563,3.0850614317112464
-3.2400775676608147,3.0846643598331025
-3.2390999009925756,3.08426519340869
-3.238123091325331,3.083863934262942
-3.237147143140708,3.083460584230444
-3.2361720609164553,3.083055145155425
-3.2351978491264224,3.0826476188917513
-3.2342245122405373,3.0822380073029207
-3.233252054724787,3.0818263122620526
-3.232280481041194,3.0814125356518813
-3.2313097956477956,3.0809966793647487
-3.2303400029986244,3.0805787453025966
-3.229371107543684,3.080158735376959
-3.228403113728928,3.0797366515089535
-3.227436025996241,3.0793124956292752
-3.2264698487834136,3.0788862696781867
-3.225504586524122,3.0784579756055113
-3.224540243647907,3.078027615370624
-3.223576824580151,3.077595190942443
-3.2226143337420563,3.077160704299423
-3.221652775550625,3.076724157429545
-3.2206921544186344,3.0762855523303085
-3.2197324747546174,3.0758448910087233
-3.2187737409628387,3.075402175481299
-3.217815957443274,3.0749574077740385
-3.216859128591586,3.074510589922427
-3.215903258799108,3.0740617239714245
-3.214948352452813,3.0736108119754557
-3.213994413935298,3.0731578559984007
-3.2130414476247613,3.072702858113587
-3.212089457894978,3.072245820403778
-3.2111384491152792,3.0717867449611647
-3.21018842565053,3.0713256338873562
-3.2092393918611073,3.070862489293369
-3.208291352102876,3.0703973132996194
-3.2073443107271697,3.0699301080359094
-3.206398272080767,3.069460875641422
-3.205453240505868,3.0689896182647054
-3.204509220340075,3.0685163380636666
-3.203566215916368,3.068041037205561
-3.2026242315630835,3.06756371786698
-3.201683271603894,3.0670843822338405
-3.2007433403577825,3.066603032501377
-3.199804442139022,3.0661196708741283
-3.198866581257156,3.065634299565926
-3.197929762016972,3.0651469207998874
-3.1969937047990986,3.0646581775640542
-3.196056409758813,3.0641717896356253
-3.195117902948577,3.0636877253575343
-3.1941782249885655,3.0632059244949765
-3.193237409190589,3.0627263388540573
-3.192295482961767,3.062248930128459
-3.1913524689815747,3.0617736680014027
-3.190408386150601,3.061300528601362
-3.1894632503535503,3.0608294932486384
-3.1885170750718914,3.060360547439537
-3.187569871875031,3.059893680024308
-3.1866216508135103,3.059428882542854
-3.1856724207333,3.058966148688676
-3.184722189526651,3.058505473876918
-3.183770964332016,3.058046854896767
-3.1828187516931443,3.0575902896321248
-3.181865557685508,3.0571357768374483
-3.1809310604424135,3.056691329027308
-3.1799954411859197,3.0562490855227136
-3.1790398401173197,3.0557997735240603
-3.1780852745806945,3.0553482105560077
-3.177131762499611,3.054894406703304
-3.1761792929097483,3.0544384043840176
-3.175227857330279,3.053980237984401
-3.174277449664043,3.0535199354508156
-3.1733280657800664,3.0530575195522194
-3.172379703154703,3.052593008897243
-3.1714323605750394,3.052126418756534
-3.170486037894861,3.051657761726868
-3.169540735834332,3.051187048266638
-3.1685964558159023,3.050714287126986
-3.167653199830144,3.0502394856983868
-3.166710970326278,3.0497626502888533
-3.1657697701229903,3.0492837863469147
-3.1648296023359213,3.0488028986400857
-3.163890470318799,3.0483199913974817
-3.162952377615733,3.047835068423633
-3.1620153279226217,3.047348133189171
-3.1610793250559683,3.0468591889029804
-3.16014437292774,3.0463682385695225
-3.1592104755251214,3.0458752850343056
-3.1582776368942342,3.045380331019898
-3.157345861127076,3.044883379154408
-3.1564151523510455,3.0443844319939672
-3.1554855147205676,3.043883492040454
-3.154556952410399,3.0433805617554364
-3.153629469610287,3.042875643571129
-3.1527030705207206,3.0423687398989765
-3.1517777593495486,3.041859853136379
-3.150853540309292,3.0413489856719362
-3.1499304176150202,3.0408361398895414
-3.1490080936976192,3.040321950789233
-3.1480844679788955,3.0398100821905634
-3.14715956735053,3.039300503185215
-3.1462334340557425,3.0387931546882805
-3.1453061027042635,3.0382879894483117
-3.1443776017347784,3.037784969933134
-3.143447954642991,3.037284066465419
-3.142517180971914,3.0367852557054884
-3.1415852971085982,3.0362885194196547
-3.1406523169241263,3.035793843481873
-3.1397182522869382,3.0353012170656815
-3.1387831134739317,3.034810631991106
-3.137846909499212,3.0343220821975616
-3.136909648376601,3.033835563319028
-3.1359713373289426,3.0333510723421417
-3.1350323343799453,3.0328680015611678
-3.134094536379969,3.032382573566638
-3.1331579340118236,3.0318948253579165
-3.1322225023916417,3.0314048227681294
-3.1312882220701455,3.03091261913156
-3.1303550781230074,3.0304182576148033
-3.129423059309423,3.029921773198135
-3.1284921573814986,3.0294231942811427
-3.1275623665193604,3.028922543981287
-3.126633682869864,3.028419841182529
-3.1257061041704817,3.0279151013808847
-3.1247796294431014,3.0274083373652325
-3.1238542587451206,3.026899559764687
-3.122929992967397,3.0263887774880702
-3.1220068336704805,3.0258759980762524
-3.1210847829520576,3.025361227984237
-3.1201638433398133,3.0248444728066937
-3.1192440177049545,3.0243257374580126
-3.1183253091925147,3.0238050263158653
-3.1174077211652547,3.0232823433354956
-3.116491257158576,3.0227576921405848
-3.1155759208443325,3.0222310760953928
-3.1146617160018266,3.0217024983619467
-3.1137486464945967,3.0211719619453077
-3.1128367162518673,3.0206394697293555
-3.1119259292537413,3.0201050245050287
-3.1110162895194073,3.0195686289925727
-3.1101078010977465,3.0190302858590488
-3.1092004680598824,3.01848999773208
-3.108294294493258,3.0179477672106327
-3.1073892844969526,3.017403596873453
-3.1064854421779744,3.0168574892856554
-3.105582771648336,3.0163094470038607
-3.1046812770227428,3.0157594725801937
-3.1037809624167805,3.0152075685653847
-3.1028818319454845,3.014653737511173
-3.101983889722219,3.0140979819721623
-3.101087139857801,3.0135403045072477
-3.100191586459807,3.012980707680716
-3.099297233632041,3.012419194063082
-3.098404085474107,3.011855766231729
-3.097512146081085,3.0112904267713945
-3.096621419543272,3.0107231782745343
-3.0957319099459797,3.0101540233415993
-3.0948436213693786,3.0095829645812366
-3.09395655788837,3.009010004610441
-3.0930707235724912,3.0084351460546643
-3.0921861224858347,3.0078583915478934
-3.0913027586869855,3.007279743732703
-3.090420636228968,3.006699205260295
-3.089539759159207,3.0061167787905214
-3.088660131519487,3.0055324669918955
-3.087781757345923,3.0049462725416003
-3.086904640668935,3.0043581981254897
-3.08602878551322,3.0037682464380833
-3.085154195897733,3.003176420182562
-3.0842808758356623,3.00258272207076
-3.0834088293344135,3.0019871548231536
-3.0825380603955863,3.001389721168852
-3.081668573014959,3.000790423845586
-3.0808003711824687,3.0001892655996962
-3.0799334588821914,2.999586249186121
-3.079067840092328,2.998981377368384
-3.078203518785182,2.998374652918583
-3.0773404989271445,2.997766078617375
-3.0764787844786725,2.9971556572539675
-3.075618379394275,2.9965433916261026
-3.074759287622491,2.9959292845400474
-3.0739015131058736,2.995313338810578
-3.0730450597809704,2.9946955572609726
-3.0721899315783063,2.9940759427229926
-3.071336132422361,2.993454498036875
-3.070483666231557,2.9928312260513197
-3.0696325369182333,2.992206129623472
-3.068782748388633,2.991579211618915
-3.06793430454288,2.990950474911657
-3.067087209274964,2.990319922384115
-3.0662414664727162,2.9896875569271044
-3.0653970800177976,2.9890533814398275
-3.064554053785672,2.9884173988298572
-3.063712391645593,2.987779612013127
-3.062872097460582,2.987140023913916
-3.062033175087409,2.986498637464837
-3.0611956283765744,2.9858554556068224
-3.06035946117229,2.9852104812891116
-3.0595246773124583,2.984563717469236
-3.0586912806286537,2.983915167113009
-3.0578592749461055,2.9832648331945064
-3.0570286640836746,2.9826127186960596
-3.056199451853838,2.9819588266082366
-3.055371642062666,2.9813031599298303
-3.054545238509807,2.980645721667844
-3.0537202449884644,2.9799865148374782
-3.0528966652853784,2.9793255424621132
-3.0520745031808088,2.9786628075733
-3.051253762448512,2.9779983132107417
-3.050434446855726,2.977332062422279
-3.0496165601631464,2.9766640582638786
-3.0488001061249124,2.9759943037996157
-3.0479850884885824,2.9753228021016604
-3.047171510995119,2.974649556250263
-3.0463593773788675,2.973974569333737
-3.0455486913675367,2.9732978444484477
-3.044739456682182,2.9726193846987927
-3.0439316770371834,2.9719391931971892
-3.043125356140228,2.971257273064059
-3.0423204976922915,2.9705736274278105
-3.041517105387619,2.9698882594248266
-3.0407151829137042,2.9692011721994453
-3.0399147339512735,2.968512368903947
-3.0391157621742653,2.9678218526985374
-3.0383182712498122,2.9671296267513307
-3.0375222648382207,2.9664356942383354
-3.036727746592956,2.965740058343437
-3.0359347201606184,2.9650427222583824
-3.0351431891809297,2.9643436891827637
-3.034353157286713,2.963642962324002
-3.033564628103872,2.962940544897329
-3.032777605251377,2.9622364401257744
-3.0319920923412425,2.9615306512401465
-3.0312080929785132,2.9608231814790167
-3.0304256107612426,2.960114034088702
-3.0296446492804767,2.9594032123232505
-3.028865212120235,2.958690719444421
-3.0280873028574935,2.957976558721671
-3.0273109250621686,2.9572607334321352
-3.0265360822970955,2.956543246860612
-3.0257627781180148,2.955824102299544
-3.024991016073552,2.955103303049005
-3.0242207997052017,2.9543808524166764
-3.02345213254731,2.953656753717838
-3.022685018127058,2.9529310102753454
-3.021919459964444,2.9522036254196142
-3.021155461572266,2.9514746024886045
-3.020393026456106,2.950743944827801
-3.019632158114313,2.950011655790199
-3.0188728600379853,2.9492777387362845
-3.0181151357109552,2.948542197034019
-3.017358988609773,2.9478050340588213
-3.0166044222036876,2.947066253193549
-3.015851439954635,2.9463258578284854
-3.015100045317218,2.9455838513613175
-3.014350241738691,2.944840237197121
-3.0136020326589468,2.9440950187483432
-3.0128554215104972,2.9433481994347854
-3.0121104117184596,2.942599782683586
-3.011367006700539,2.9418497719292027
-3.010625209867016,2.9410981706133965
-3.0098850246207283,2.9403449821852115
-3.009146454357056,2.9395902101009614
-3.008409502463908,2.9388338578242106
-3.007674172321704,2.938075928825756
-3.0069404673033633,2.937316426583613
-3.006208390774285,2.9365553545829948
-3.0054779460923373,2.935792716316297
-3.0047491366078405,2.935028515283081
-3.0040219656635543,2.934262754990056
-3.0032964365946606,2.933495438951063
-3.0025725527287506,2.932726570687055
-3.00185031738581,2.931956153726085
-3.0011297338782064,2.9311841916032852
-3.0004108055106715,2.9304106878608507
-2.9996935355802887,2.9296356460480224
-2.998977927376482,2.9288590697210726
-2.9982639841809955,2.9280809624432855
-2.9975517092678863,2.927301327784941
-2.9968411059035063,2.9265201693232994
-2.9961321773464897,2.9257374906425824
-2.9954249268477398,2.9249532953339585
-2.994719357650414,2.9241675869955253
-2.9940154729899118,2.9233803692322944
-2.9933132760938608,2.9225916456561705
-2.9926127701821024,2.921801419885942
-2.991913958466679,2.9210096955472578
-2.9912168441518223,2.920216476272614
-2.990521430433936,2.9194217657013386
-2.989827720501587,2.9186255674795714
-2.9891357175354893,2.917827885260252
-2.988445424708492,2.9170287227031007
-2.9877568451855656,2.916228083474602
-2.9870699821237907,2.9154259712479917
-2.986384838672342,2.914622389703235
-2.9857014179724777,2.913817342527017
-2.9850197231575266,2.913010833412721
-2.9843397573528723,2.9122028660604156
-2.9836615236759454,2.9113934441768374
-2.9829850252362045,2.910582571475375
-2.982310265135129,2.909770251676053
-2.981637246466203,2.9089564885055172
-2.980965972314903,2.908141285697017
-2.980296445758686,2.9073246469903884
-2.979628669866975,2.9065065761320414
-2.9789626477011497,2.905687076874942
-2.978298382314529,2.9048661529785957
-2.9776358767523625,2.904043808209033
-2.976975134051815,2.903220046338793
-2.976316157241956,2.902394871146906
-2.975658949343744,2.90156828641888
-2.9750035133700177,2.9007402959466835
-2.9743498523254788,2.89991090352873
-2.973697969206684,2.8990801129698602
-2.9730478670020273,2.89824792808133
-2.9724116963146368,2.897431728730671
-2.971764723368638,2.896597165428691
-2.9711196643933766,2.8957610945652315
-2.9704765019676174,2.894923555115978
-2.969835218582649,2.894084569948198
-2.9691958005363386,2.8932441578113894
-2.9685582373656727,2.892402334391869
-2.967922521236202,2.8915591129404232
-2.9672886464365136,2.8907145047655782
-2.9666566089665447,2.889868519629049
-2.966026406203217,2.8890211660627334
-2.9653980366293493,2.8881724516224625
-2.964771499614233,2.887322383090819
-2.964146795236315,2.886470966639011
-2.9635239241401257,2.8856182079558725
-2.9629028874210275,2.884764112350507
-2.9622836865325146,2.8839086848338464
-2.961666323211757,2.8830519301833495
-2.9610507994199033,2.8821938529942512
-2.9604371172942794,2.8813344577200932
-2.959825279110175,2.880473748704727
-2.9592152872503386,2.879611730207542
-2.9586071441806694,2.8787484064233237
-2.95800085243087,2.877883781497848
-2.957396414579079,2.8770178595401203
-2.956793833239676,2.8761506446319496
-2.9561931110536284,2.875282140835431
-2.9555942506808575,2.8744123521987817
-2.9549972547942116,2.873541282760877
-2.954402126074719,2.872668936554775
-2.9538088672078526,2.8717953176104465
-2.953217480880596,2.8709204299568776
-2.9526279697791473,2.8700442776236947
-2.9520403365871166,2.869166864642408
-2.951454583984125,2.8682881950473638
-2.9508707146447066,2.8674082728764647
-2.950288731237457,2.866527102171723
-2.9497086364243703,2.8656446869796697
-2.949130432860327,2.864761031351665
-2.9485541231926953,2.863876139344123
-2.947979710061022,2.862990015018683
-2.947407196096795,2.862102662442325
-2.946836583923259,2.861214085687457
-2.946267876155273,2.86032428883197
-2.9457010753992,2.8594332759592773
-2.945136184252819,2.858541051158333
-2.94457320530526,2.8576476185236452
-2.94401214113695,2.8567529821552755
-2.94345299431957,2.855857146158835
-2.94289576741602,2.8549601146454746
-2.942340462980393,2.854061891731872
-2.9417870835579496,2.8531624815402177
-2.9412356316850983,2.852261888198195
-2.940686109889376,2.8513601158389656
-2.9401385206894357,2.850457168601147
-2.9395928665950275,2.849553050628794
-2.939049150106986,2.848647766071378
-2.9385073737172185,2.847741319083768
-2.93796753990869,2.846833713826207
-2.937429651155412,2.8459249544642944
-2.9368937099224293,2.845015045168961
-2.9363597186658086,2.8441039901164515
-2.935827679832627,2.8431917934883018
-2.9352975958609555,2.842278459471318
-2.9347694691798534,2.8413639922575564
-2.934243302209352,2.8404483960443
-2.9337190973604437,2.8395316750340385
-2.933196857035069,2.838613833434448
-2.9326765836261064,2.837694875458369
-2.932158279517359,2.836774805323784
-2.9316419470835426,2.835853627253797
-2.9311275886902743,2.834931345476613
-2.930615206694061,2.834007964225516
-2.930104803442286,2.833083487738847
-2.9295963812731984,2.832157920259981
-2.929089942515902,2.8312312660373102
-2.928585489490341,2.8303035293242176
-2.9280830245072926,2.8293747143790573
-2.927582549868351,2.8284448254651333
-2.9270840678659193,2.8275138668506763
-2.9265875807831967,2.8265818428088236
-2.9260930908941662,2.825648757617596
-2.9256006004635866,2.8247146155598766
-2.9251101117469775,2.823779420923389
-2.9246216269906116,2.822843178000675
-2.9241351484315006,2.821905891089073
-2.9236506782973883,2.8209675644906955
-2.923168218806736,2.820028202512409
-2.9226877721687132,2.819087809465808
-2.9222093405831893,2.8181463896671985
-2.921732926240719,2.8172039474375716
-2.9212585313225348,2.816260487102583
-2.9207861580005363,2.8153160129925308
-2.9203158084372802,2.8143705294423347
-2.919847484785968,2.8134240407915123
-2.91938118919044,2.8124765513841576
-2.9189169237851624,2.811528065568919
-2.9184546906952176,2.8105785876989784
-2.917994492036296,2.8096281221320267
-2.917536329914686,2.808676673230245
-2.9170802064272636,2.8077242453602795
-2.9166261236614845,2.8067708428932225
-2.916174083695374,2.805816470204587
-2.915724088597517,2.804861131674289
-2.91527614042705,2.803904831686622
-2.914830241233653,2.8029475746302377
-2.914386393057539,2.8019893648981227
-2.9139445979294445,2.8010302068875768
-2.9135048578706244,2.8000701050001924
-2.913067174892839,2.799109063641831
-2.9126315509983485,2.798147087222604
-2.9121979881799036,2.7971841801568496
-2.9117658708802345,2.7962206725957937
-2.911331322931328,2.795258247328084
-2.910895012509011,2.794296593775478
-2.910460863923229,2.7933339591859734
-2.9100282704014355,2.7923706496314944
-2.9095933434742554,2.791408383668125
-2.909156103730702,2.790447159995044
-2.9087166047743205,2.7894869624755403
-2.9082748900509774,2.788527778791299
-2.9078309947260066,2.7875695998109435
-2.9073849473053834,2.786612418997005
-2.906936770948363,2.7856562319195426
-2.906486484527789,2.7847010358582973
-2.9060341034853026,2.783746829477771
-2.9055796405201186,2.782793612562275
-2.9051231061429617,2.781841385800201
-2.9046645091209276,2.780890150608639
-2.9042038568342474,2.7799399089909937
-2.9037411555619976,2.778990663421566
-2.9032764107105904,2.7780424167521245
-2.902809626996251,2.7770951721363835
-2.90234080859054,2.776148932969047
-2.901869959236248,2.7752037028366705
-2.9013970823395647,2.7742594854781144
-2.900922181043266,2.7733162847527573
-2.900445258284761,2.7723741046149835
-2.8999663168420446,2.7714329490937346
-2.899485359370037,2.7704928222761467
-2.899002388429272,2.7695537282944738
-2.8985174065085033,2.76861567131565
-2.8980304160425012,2.7676786555329764
-2.89754141942603,2.7667426851595054
-2.8970504190248123,2.7658077644227848
-2.8965574171841113,2.764873897560687
-2.8960624162354396,2.7639410888181084
-2.8955654185017874,2.7630093424443576
-2.895066426301694,2.7620786626910916
-2.8945660739198606,2.7611487567436175
-2.8940680610223666,2.7602175834450082
-2.8935723564748312,2.7592851695999725
-2.8930782854499344,2.7583518845972868
-2.8925820643866103,2.7574197367764057
-2.8920836904049154,2.7564887344066067
-2.891583197386177,2.755558866689911
-2.8910806131439126,2.754630125562252
-2.8905759604848633,2.753702505277989
-2.8900692581707768,2.7527760019841634
-2.8895605217015636,2.751850613369888
-2.8890497639510615,2.7509263383786187
-2.8885369956822946,2.750003176972426
-2.8880222259644137,2.7490811299391713
-2.8875054625095595,2.7481601987350346
-2.8869867119446266,2.7472403853561094
-2.8864659800301777,2.7463216922338507
-2.885943271836537,2.7454041221500787
-2.8854185918852266,2.7444876781679732
-2.884891944262419,2.743572363576136
-2.8843633327098006,2.7426581818433062
-2.8838327606972514,2.7417451365817516
-2.8833002314808946,2.740833231517719
-2.8827657481493945,2.7399224704676084
-2.8822299337075963,2.739012535941798
-2.8816957940649686,2.738101579109204
-2.8811596684496545,2.7371917886357315
-2.8806215318312027,2.7362831846968017
-2.8800813993698893,2.735375764720827
-2.879539283853378,2.7344695273061386
-2.8789951960555302,2.7335644720950647
-2.8784491451228282,2.73266059958181
-2.8779011388898517,2.731757910953878
-2.8773511841355215,2.7308564079619706
-2.876799286790886,2.729956092813432
-2.876245452107332,2.7290569680851076
-2.875690297272522,2.7281587011099764
-2.875137395651728,2.72725903311873
-2.8745867190456873,2.7263579918094147
-2.8740382113510634,2.725455621332759
-2.873491827730085,2.724551957812626
-2.872947532612555,2.7236470308905543
-2.872405297921514,2.722740865012656
-2.871864517105899,2.7218338614244777
-2.8713215257341242,2.720928171120825
-2.870776940750726,2.720023425663019
-2.8702344376136066,2.7191174259338076
-2.8696940247458707,2.7182101742217233
-2.8691556753305134,2.71730169398591
-2.868618782007371,2.716392383266307
-2.868079671678782,2.7154843769149966
-2.867538963303517,2.71457730895504
-2.8670003420352277,2.713668995765517
-2.866463816470102,2.712759439540062
-2.8659293598050852,2.7118486635402097
-2.8653969507556885,2.7109366872336587
-2.8648665726576947,2.7100235270030915
-2.864338212586512,2.7091091967567476
-2.863811274610191,2.7081940875270596
-2.86328206683885,2.707280279165111
-2.8627512173975873,2.706367403950556
-2.862222444505188,2.7054533206871194
-2.8616957615379754,2.704538028574984
-2.8611711452990454,2.703621548130682
-2.860648577383535,2.702703896642654
-2.860128043422264,2.701785088768055
-2.859609532315362,2.7008651370519297
-2.8590930356058832,2.6999440523467575
-2.8585785469700276,2.699021844150872
-2.8580654720391396,2.6980988944149638
-2.8575500901086968,2.6971772202532494
-2.8570324356467847,2.696256811750426
-2.8565125720331976,2.695337642665908
-2.8559905506546315,2.6944196924674273
-2.8554670247037715,2.693502610633291
-2.8549456889616938,2.6925842747624675
-2.8544265365438495,2.6916646971138856
-2.853909527696592,2.6907439083890905
-2.8533946306410702,2.689821934029985
-2.852881820219153,2.68889879521283
-2.852371076638037,2.6879745096882974
-2.8518623844448507,2.6870490924604873
-2.851355731691838,2.68612255633482
-2.8508511092577815,2.685194912359438
-2.850348510297262,2.6842661701802513
-2.849847929794337,2.683336338326083
-2.849349364201368,2.6824054244373245
-2.8488522160050183,2.6814738004908008
-2.8483527312570605,2.6805434162011594
-2.8478515530640296,2.6796139185420276
-2.847351868003709,2.678683635595641
-2.8468499589868275,2.6777545438996566
-2.8463458405408524,2.6768266434132673
-2.845839560133761,2.6758999165459088
-2.8453317743849307,2.674974027180843
-2.844826209981853,2.674046915572532
-2.844322857810541,2.6731185951024794
-2.843821675978472,2.6721890967737463
-2.8433226309781188,2.6712584462644733
-2.8428256962540925,2.670326664938892
-2.84233085088285,2.6693937706986506
-2.841838078494799,2.6684597786705444
-2.841347366397081,2.6675247017611534
-2.8408587048607936,2.6665885511034384
-2.840372086542714,2.6656513364157752
-2.8398869054784868,2.664713422185557
-2.8393993816731102,2.6637767131546877
-2.838909549526394,2.6628412005960893
-2.838418088565579,2.661906533598438
-2.8379287911849946,2.6609707273601133
-2.8374416635396464,2.6600337859420295
-2.8369566757111984,2.659095732290688
-2.836473803825445,2.6581565856520135
-2.835993029064344,2.657216362265558
-2.8355137310572043,2.656275422404635
-2.8350321140186696,2.6553356583920493
-2.8345488217012482,2.6543967376412514
-2.8340676742188564,2.65345671219668
-2.8335886831763646,2.6525155829785416
-2.833111822912851,2.6515733701040793
-2.8326364641059687,2.6506304308941173
-2.8321588007125666,2.6496886487784543
-2.831678857024613,2.6487480198119644
-2.831197310439984,2.64780820852528
-2.8307179645698395,2.6468672674770755
-2.8302408204918943,2.6459252036609606
-2.829765844000764,2.6449820419859047
-2.8292930077721943,2.64403780325755
-2.8288216796186485,2.6430928422027793
-2.828348044959229,2.6421490270621417
-2.8278721274107155,2.6412063542834288
-2.827394605386283,2.640264491758243
-2.8269192902138682,2.63932150822628
-2.8264455658114915,2.63837773563716
-2.8259702336650556,2.6374347615369933
-2.8254970772208545,2.63649068969226
-2.825026103479971,2.6355455236123646
-2.824556669350622,2.6345996162032193
-2.8240849531501677,2.633654837753816
-2.823610973099143,2.632711187079867
-2.8231354052463287,2.631768337881375
-2.8226620598377092,2.630824365216354
-2.8221909349375793,2.629879277755529
-2.821721993807384,2.6289331015123025
-2.8212552070926624,2.6279858581650237
-2.820790551575567,2.6270375658826763
-2.8203273965742923,2.6260885741221114
-2.8198619130927094,2.625140713867834
-2.819394748922064,2.6241936657721405
-2.818929754400767,2.6232455466950957
-2.8184669397983737,2.6222963584667207
-2.818006278069326,2.621346121319233
-2.817547747668113,2.6203948523132534
-2.8170907174039397,2.619442896671632
-2.8166313473058735,2.618492059290179
-2.816170287941285,2.617542024321003
-2.8157114026182555,2.616590933582288
-2.815254702132623,2.6156387886851444
-2.814800159732283,2.6146856094655684
-2.8143477540934208,2.6137314126735243
-2.8138968521088166,2.6127765393235514
-2.8134436024667355,2.6118227694555043
-2.8129886579067707,2.610869791405621
-2.812535893718969,2.6099157717778696
-2.81208532078086,2.6089607122054264
-2.811636912285448,2.608004632315167
-2.8111906468569714,2.607047548691771
-2.8107458892395907,2.60608979813708
-2.8102987768318104,2.6051331359933947
-2.8098499644052937,2.6041772549117277
-2.80940333893108,2.603220346313301
-2.8089589112887614,2.6022624118946696
-2.808516654556138,2.6013034711045626
-2.8080759261245554,2.600343857471323
-2.807632853982102,2.5993853157000926
-2.807188091932504,2.5984275443915363
-2.8067455309543186,2.5974687500576756
-2.8063051799768606,2.596508935452935
-2.80586701043136,2.59554812071744
-2.8054309995158184,2.5945863228446577
-2.8049965071162823,2.593623871511724
-2.804559651666559,2.592662482017393
-2.804121090711118,2.591701854890546
-2.8036841006555706,2.5907405231086993
-2.80324547025052,2.5897799289599472
-2.8028090540260493,2.5888183227732546
-2.8023742317255733,2.5878560110431184
-2.801937744799731,2.586894438983039
-2.8015028281823757,2.585932167366911
-2.80106563472089,2.584970922654979
-2.800626809499165,2.584010421995996
-2.800189605157811,2.5830491820236516
-2.799750172700782,2.5820889546597243
-2.799308512404681,2.5811297463727025
-2.7988646614150428,2.5801715472387157
-2.7984186500000385,2.57921434997345
-2.7979705027902844,2.578258149518244
-2.797520239882381,2.577302942625537
-2.79706852026258,2.576348455950389
-2.796619160272207,2.5753928463803346
-2.7961721360441443,2.5744361342789843
-2.795727392704123,2.5734783540872184
-2.7952848862885205,2.572519534196553
-2.794844581823891,2.571559698120116
-2.7944058282907203,2.570599177783669
-2.7939647471129105,2.569639716754292
-2.793521989645959,2.5686810188211995
-2.7930814462309783,2.5677212971595145
-2.792643123411489,2.5667605557727606
-2.7922069907059224,2.56579881569753
-2.79177239996808,2.564836405908473
-2.7913354668446146,2.563875049629085
-2.7908968457157144,2.562914451589181
-2.7904604369891937,2.5619528423041444
-2.7900262485199776,2.5609902251197303
-2.789594250779674,2.560026620407973
-2.7891637952265493,2.5590623542715925
-2.7887309905637827,2.558099132494187
-2.7882964928260456,2.557136662234469
-2.7878642105142837,2.556173190834908
-2.787434151766978,2.555208721524472
-2.7870062872001506,2.5542432744326384
-2.786580593355267,2.553276866539924
-2.7861564261988394,2.5523098203014682
-2.7857298858569974,2.5513438101092336
-2.7853016328111893,2.550378544066219
-2.784875590785547,2.549412296309011
-2.78445113995429,2.548445366624974
-2.784024373362788,2.5474794504030376
-2.783595306058293,2.5465145485405993
-2.7831639873662755,2.5455506469845695
-2.7827310987569027,2.544587462801665
-2.782300518797739,2.543623237385827
-2.781872237692859,2.5426579831497373
-2.781445579807159,2.541692021384806
-2.781016637466726,2.5407270664911743
-2.780585419673629,2.5397631216276877
-2.7801526109548536,2.538799899161091
-2.7797220954752992,2.537835643119544
-2.7792938663363693,2.5368703644168527
-2.778867882001154,2.5359040892449225
-2.7784434799397304,2.5349371388735538
-2.778016753524829,2.533971205428805
-2.7775883556693293,2.533006006055343
-2.7771621988678326,2.5320398105089508
-2.7767463513453476,2.5310922890179994
-2.7763246720276125,2.5301241686726956
-2.7759045578591914,2.529155364785264
-2.775482130184581,2.5281875560398603
-2.775058059561871,2.5272204587513007
-2.774636241102325,2.526252369411244
-2.7742166776958435,2.5252832946334163
-2.773799335547571,2.5243132568228037
-2.773383549852157,2.5233425756219745
-2.7729654110696624,2.522372897643649
-2.7725455823735423,2.521403940038162
-2.7721279904039386,2.52043401168487
-2.771712641931664,2.5194631167053547
-2.771299506219794,2.51849127537998
-2.770888558716688,2.517518504799505
-2.77047914838959,2.5165451185855687
-2.7700673516621253,2.515572731259674
-2.7696538337741323,2.5146010606356235
-2.7692425427766088,2.513628441468804
-2.7688334886521253,2.5126548762566396
-2.7684266431331204,2.511680383760384
-2.768021351091603,2.5107052738555145
-2.76761367926635,2.509731148650026
-2.7672042917395836,2.508757731055417
-2.76679714208721,2.50778337131058
-2.7663922389277116,2.506808072591311
-2.765989552818336,2.505831854048506
-2.7655884265483026,2.5048550225905286
-2.765184919233421,2.5038791645726906
-2.7647796954557347,2.5029040062840697
-2.7643767154044836,2.5019279146138853
-2.76397598731359,2.5009508929477553
-2.763577481361149,2.4999729604477805
-2.7631805388476733,2.498994421231001
-2.7627812119018125,2.498016844977853
-2.7623801660672482,2.497039960902442
-2.7619813683978647,2.4960621528618465
-2.761584827015521,2.4950834243221425
-2.761190511939298,2.4941037943528634
-2.76079776314737,2.493123564308667
-2.760402626012609,2.492144286940741
-2.7600057671615055,2.491165694283289
-2.7596111605200115,2.490186187255126
-2.7592188141700995,2.4892057693687817
-2.758828698030186,2.4882244595739467
-2.758440150802865,2.4872425564551444
-2.758049211225189,2.4862615957587417
-2.757656547034108,2.4852813123271447
-2.757266138969042,2.484300124175801
-2.7568779950902043,2.4833180348551163
-2.756491445858297,2.4823353405134854
-2.7561025237186834,2.4813535759912
-2.755711893696423,2.480372481411219
-2.7553235351195497,2.4793904811196277
-2.7549374533797937,2.478407579891748
-2.75455297567479,2.4774240721878824
-2.7541661301140197,2.4764414867980182
-2.753777581153513,2.475459566495435
-2.753391309906135,2.4744767434870902
-2.7530073208684325,2.4734930229568928
-2.7526255809396756,2.472508424872145
-2.752246063632696,2.4715229660815012
-2.7518681085686323,2.4705369388030696
-2.751487739847017,2.4695518321366783
-2.7511049828257237,2.4685676443410474
-2.750720545394806,2.467584109443866
-2.7503384087312135,2.466599673276973
-2.7499585736058747,2.4656143427207198
-2.749581003825182,2.464628138949434
-2.749205028509641,2.4636413513972752
-2.748826664656057,2.462655470184229
-2.7484459322145756,2.461670495351067
-2.748063536273376,2.4606861663249
-2.747683456481199,2.4597009352229304
-2.7473056908914844,2.4587148101292904
-2.746930201094074,2.4577278130975477
-2.7465569563104557,2.456739962642641
-2.7461852901540875,2.4557515461849753
-2.745811215582155,2.4547640311538435
-2.7454354047223344,2.453777163745757
-2.7450618648105523,2.4527894306000926
-2.7446906038511063,2.451800835397659
-2.7443209473539434,2.450811662801456
-2.7439489021271295,2.449823379335115
-2.743575137586154,2.448835736546099
-2.7432036594340796,2.447847227230446
-2.7428344730013032,2.4468578562445518
-2.742466900538221,2.445867906387176
-2.742096944656245,2.4448788381925897
-2.7417246227814043,2.4438906526559236
-2.741350640668167,2.4429030972274375
-2.7409789887397418,2.4419146569428594
-2.740609663705371,2.4409253404243945
-2.7402426259411485,2.4399351698379004
-2.739877843684831,2.4389441637860605
-2.7395146472639236,2.437952603676151
-2.7391490369498435,2.4369619236464914
-2.7387816867163,2.4359718762377147
-2.7384166160590864,2.4349809820661767
-2.73805383267715,2.4339892449957072
-2.7376926593600612,2.432996943641851
-2.7373290904709737,2.432005510711318
-2.736963144741464,2.4310149469140008
-2.7365955304010243,2.430025003512687
-2.736230248611678,2.4290341915871663
-2.735867296680477,2.4280425194590323
-2.7355066353671984,2.4270500088162374
-2.735147586232313,2.426056936812019
-2.734786140369154,2.4250647278984476
-2.7344223162922456,2.4240733828874395
-2.7340568226324895,2.423082654727385
-2.7336936635754343,2.4220910629738794
-2.733332836330187,2.4210986159732664
-2.7329743015538597,2.4201053353500903
-2.7326180277083654,2.419111239272223
-2.7322633430689742,2.4181166031350485
-2.73190623601944,2.4171228267024367
-2.7315467294550775,2.4161299095667754
-2.7311855358577746,2.4151376047808846
-2.73082666954067,2.4141444508307064
-2.7304701298756524,2.4131504551268823
-2.7301158791958136,2.41215563838916
-2.7297632389406514,2.411160273386194
-2.729408191915633,2.4101657574655633
-2.729051412206722,2.409171853711182
-2.7286969312463567,2.408177123597115
-2.7283447546513684,2.4071815719118135
-2.7279948497465614,2.406185217113972
-2.727646541781612,2.4051883297327117
-2.7272958097774986,2.404192285291272
-2.726943331024224,2.4031968475229784
-2.726593146032789,2.4022005965595046
-2.72624526211207,2.4012035365152955
-2.725898997575,2.4002059351801166
-2.72555032574281,2.3992091659471413
-2.725199921523167,2.398212997293041
-2.7248518244495465,2.397216015823456
-2.7245060395219527,2.3962182266035996
-2.724161882247537,2.3952198955409854
-2.723815322042059,2.3942223895791233
-2.7234663761939055,2.393225710155074
-2.723115756206302,2.3922296222994945
-2.722767486800222,2.3912327046259487
-2.7224215644202787,2.390234965699939
-2.722077948884768,2.389236426763544
-2.7217359565475014,2.3882373526366054
-2.721391554537556,2.387239099968322
-2.721045418428365,2.3862414404132783
-2.720701593478352,2.385242977726616
-2.720359430918653,2.384243957706223
-2.7200148929400174,2.383245748832383
-2.7196679909954824,2.382248354236098
-2.719319433334119,2.381251544601875
-2.7189732426244624,2.3802539044875304
-2.718629412365267,2.379255443641817
-2.7182878999764566,2.378256184168543
-2.7179480190088356,2.3772563890370924
-2.7176057326724146,2.3762574084015564
-2.7172610579094445,2.3752592438663855
-2.716914706951872,2.3742616637153504
-2.716570710388129,2.373263263703908
-2.7162290645026568,2.3722640524282963
-2.7158890752928406,2.3712642914065696
-2.715546702615764,2.3702653383399186
-2.7152019590753884,2.369267196055832
-2.7148555541061357,2.368269635865755
-2.7145115145109764,2.367271251557279
-2.7141698343871763,2.3662720526118366
-2.7138298176344375,2.3652723002405422
-2.7134874231575217,2.36427335410709
-2.713142662386229,2.3632752173706244
-2.7127955829211268,2.362277881033925
-2.712446223400449,2.3612813385525597
-2.712095278712393,2.3602853733295093
-2.7117467506231994,2.359288552195916
-2.711400622428709,2.3582908891377534
-2.711056188614178,2.3572926468286717
-2.7107094093426922,2.3562952121040333
-2.7103602901993504,2.355298589773451
-2.710008874052559,2.35430277201512
-2.709655195758552,2.353307753238497
-2.7092992835999765,2.352313529745137
-2.7089411605589455,2.3513200993852146
-2.7085808453510105,2.3503274612739533
-2.7082183532627147,2.3493356155582608
-2.7078536968290026,2.348344563224993
-2.707486886380273,2.3473543059436865
-2.7071179304835185,2.3463648459377753
-2.7067468362975386,2.345376185879294
-2.706373609858561,2.3443883288029226
-2.705998256309572,2.343401278035926
-2.7056214438924155,2.34241482270012
-2.7052471066501833,2.3414274142445333
-2.704874557268521,2.340439312762342
-2.7044997820001777,2.3394520507843115
-2.7041227670180175,2.338465639349437
-2.7037441973874112,2.3374798453732164
-2.703368029416355,2.3364931240344573
-2.7029935937578586,2.3355057390689886
-2.7026168867580993,2.3345192148064076
-2.7022379041656075,2.3335335591558044
-2.7018566806045223,2.3325487656638377
-2.701473244362542,2.331564829842762
-2.7010876185026307,2.3305817488827207
-2.7006998218705554,2.329599521346752
-2.7003098699144013,2.328618146918987
-2.699917775349168,2.3276376261974914
-2.6995235486948723,2.326657960524118
-2.699127198711573,2.3256791518449895
-2.698728732750531,2.3247012025962777
-2.698328157037266,2.323724115610847
-2.6979254768993757,2.32274789404206
-2.6975206969496455,2.321772541301692
-2.697113821233012,2.320798061009408
-2.6967048533443463,2.3198244569517197
-2.6962937965227285,2.3188517330486835
-2.695880653726789,2.3178798933269222
-2.6954654276948484,2.3169089418978
-2.6950481209928423,2.3159388829397893
-2.6946287360524708,2.3149697206842497
-2.6942072752015145,2.314001459403967
-2.693783740687896,2.3130341034039366
-2.6933581346987485,2.3120676570139547
-2.6929304593755012,2.31110212458268
-2.6925007168258044,2.3101375104728725
-2.6920689091329275,2.3091738190575812
-2.6916350383631715,2.3082110547171033
-2.6911991065716885,2.307249221836553
-2.6907611158070535,2.306288324803925
-2.6903210681148457,2.3053283680085515
-2.6898789655404496,2.3043693558398766
-2.6894348101312375,2.303411292686481
-2.6889886039382738,2.3024541829353042
-2.688540349017635,2.3014980309710356
-2.688090047431435,2.30054284117562
-2.687637701248615,2.299588617927875
-2.687183312545554,2.29863536560318
-2.686726883406535,2.297683088573233
-2.6862684159241033,2.296731791205854
-2.6858079121993366,2.2957814778648276
-2.685345374342051,2.2948321529097795
-2.684881447029249,2.2938835478917774
-2.6844199065858443,2.2929337670971432
-2.6839607208384915,2.291982836121289
-2.6835038285135306,2.291030794002657
-2.683049180557235,2.290077672772611
-2.6825967379550586,2.2891234988195106
-2.6821458499222586,2.2881686132202885
-2.6816926583072593,2.287214811551861
-2.681237180907629,2.286262093227861
-2.6807800994897426,2.2853101451422044
-2.6803252611621957,2.284357117415185
-2.679872663771052,2.283403018728957
-2.6794216480422977,2.2824481889924977
-2.678968353324803,2.2814944328983846
-2.6785134219341664,2.280541452071547
-2.6780607134683443,2.2795874082490117
-2.677610230232197,2.2786323076619603
-2.6771613168359334,2.2776764889763386
-2.676710110300363,2.276721744141697
-2.676257255377989,2.275767773821871
-2.6758066184193114,2.2748127490451386
-2.6753582031956444,2.2738566752480533
-2.6749119771575103,2.272899574998634
-2.6744672935514937,2.2719417848202834
-2.6740202851451476,2.2709850699983245
-2.6735709730107757,2.2700294286911085
-2.6731200429363913,2.269074550008239
-2.6726713565489773,2.2681186094992682
-2.6722242871850646,2.2671619216090626
-2.671775592579234,2.2662059856466827
-2.6713291067202998,2.265249011859065
-2.670884835849432,2.2642910042967666
-2.6704421267024006,2.2633322976381236
-2.669997106335829,2.2623746547705132
-2.6695504231149547,2.2614177783355767
-2.669105957680278,2.260459865248559
-2.6686637151641097,2.259500920233027
-2.668223040179382,2.258541276374177
-2.6677800556161695,2.2575826897300924
-2.667334778635579,2.256625160097672
-2.6668878940858347,2.2556683826591666
-2.6664432676024803,2.2547105480162557
-2.666000268645073,2.253751967739615
-2.6655550173915463,2.252794426631741
-2.6651081537363255,2.25183763886511
-2.6646635444483118,2.2508797958193134
-2.6642205598335984,2.249921209212243
-2.6637759509667713,2.248963366554347
-2.663333558212292,2.248004494099342
-2.6628933871450737,2.2470445962588816
-2.662454782390992,2.246084004815402
-2.6620138633167616,2.245124466681218
-2.661570647505691,2.2441659815214012
-2.6611258207413475,2.2432082456787206
-2.660683252934063,2.242249458188189
-2.6602429415535065,2.241289627816122
-2.6598042225245466,2.240329085593936
-2.659363212408176,2.2393695871044086
-2.658919924167929,2.2384111338347394
-2.6584750409014366,2.237453425812987
-2.6580324281132888,2.236494660291514
-2.657592080977519,2.23553484724723
-2.6571539598421468,2.2345740125810347
-2.656717407856775,2.233612486544091
-2.6562785405393106,2.2326520083444743
-2.6558373752035114,2.2316925777926113
-2.6553945981831997,2.230733893057098
-2.654954082926588,2.229774161234055
-2.6545158267592313,2.2288133911499806
-2.654079164713491,2.2278519122331435
-2.6536402096285063,2.226891472024862
-2.6531989744016844,2.2259320720654068
-2.652756142798944,2.2249734140783906
-2.652324357870467,2.224033065319362
-2.651886377850034,2.2230722089591572
-2.6514499511423115,2.2221106430829427
-2.6510112280613463,2.2211501113333485
-2.650570222329921,2.2201906165455454
-2.650127632806547,2.2192318543360376
-2.6496873125287306,2.2182720397754476
-2.649249257398049,2.2173111829806484
-2.648812793287699,2.2163496165865717
-2.6483740410500536,2.2153890854104414
-2.6479330125569653,2.214429591622693
-2.647490394878491,2.213470836459198
-2.6470500522240057,2.2125110278220137
-2.646611979316069,2.2115501759960043
-2.646176136099652,2.210588307035251
-2.6457418629254046,2.2096257499705745
-2.645305273015327,2.2086642347271113
-2.644866383461876,2.2077037612691965
-2.644425882075647,2.20674402958493
-2.64398764531453,2.2057832559689206
-2.6435516703944386,2.2048214492952636
-2.6431179192313055,2.203858634418733
-2.6426857347556085,2.202895138375797
-2.6422512258052504,2.2019326814877083
-2.641814410603507,2.2009712632949276
-2.6413759776721824,2.200010584801785
-2.640939809006457,2.1990488705335824
-2.6405059023364714,2.1980861290736713
-2.640074219950653,2.1971223849706223
-2.639644104751592,2.1961579636528987
-2.6392116617813905,2.1951945769375336
-2.638776909493784,2.1942322243146566
-2.63834053706476,2.1932706082490516
-2.6379064306174307,2.1923079614942926
-2.6374745879688244,2.1913442925746933
-2.6370443423971013,2.190379925953161
-2.6366117955636166,2.189416583289731
-2.6361769606462753,2.188454266099162
-2.63574052366462,2.187492680984312
-2.6353063658163913,2.1865300586412917
-2.6348738504800617,2.1855667027132
-2.6344390779615043,2.1846043586695068
-2.6340020530890236,2.1836430312386756
-2.6335628168788294,2.1826827091683723
-2.6331220436709786,2.1817231101125056
-2.6326829533682705,2.1807627245175087
-2.6322416928387464,2.1798033317891354
-2.6317982509880324,2.178844942948954
-2.631352655816747,2.1778875516989085
-2.630904930272398,2.176931153690757
-2.630455093133799,2.1759757462400686
-2.630003159826665,2.1750213280163124
-2.629549143084728,2.174067898788458
-2.629093053483925,2.1731154592169157
-2.62863489987338,2.1721640106836424
-2.6281746897226044,2.1712135551536154
-2.6277124294008,2.170264095062055
-2.6272481244012234,2.16931563322275
-2.626781779521163,2.1683681727536315
-2.626313399006111,2.1674217170164543
-2.6258429866650856,2.166476269567965
-2.625370545962758,2.165531834120436
-2.6248960800929355,2.1645884145098053
-2.6244195920371043,2.163646014670004
-2.6239410846109887,2.1627046386122806
-2.6234605605015453,2.161764290408592
-2.6229780222962975,2.160824974178265
-2.622493472506574,2.1598866940773074
-2.622006913585885,2.15894945428985
-2.621518347944433,2.1580132590213066
-2.6210277779605535,2.157078112492913
-2.62053520598972,2.1561440189373764
-2.62004063437162,2.155210982595405
-2.6195440654357065,2.1542790077129577
-2.6190455015055423,2.153348098539052
-2.6185449449021982,2.1524182593240306
-2.6180423979469,2.151489494318188
-2.6175378629630917,2.1505618077706794
-2.6170313422780347,2.149635203928665
-2.6165228382240455,2.148709687036626
-2.616012353139454,2.147785261335832
-2.61549988936934,2.1468619310639143
-2.6149854492660953,2.1459397004545333
-2.614469035189857,2.1450185737371124
-2.613950649508834,2.1440985551366287
-2.613430294599555,2.1431796488734456
-2.6129079728470535,2.1422618591631815
-2.612383686645006,2.1413451902166023
-2.611857438395834,2.140429646239534
-2.611329230510775,2.139515231432794
-2.610799065409937,2.1386019499921334
-2.6102669455223335,2.1376898061081864
-2.6097328732859046,2.1367788039664317
-2.6091968511475336,2.1358689477471535
-2.6086588815630534,2.1349602416254148
-2.6081189669972464,2.134052689771025
-2.607577109923845,2.133146296348515
-2.6070333128255236,2.132241065517117
-2.606487578193894,2.131337001430738
-2.605939908529495,2.130434108237939
-2.6053903063417825,2.1295323900819167
-2.60483877414912,2.1286318511004825
-2.604285314478767,2.1277324954260397
-2.6037299298668666,2.1268343271855694
-2.603172622858433,2.1259373505006085
-2.602613396007343,2.12504156948723
-2.6020522518763203,2.1241469882560264
-2.6014891930369233,2.1232536109120876
-2.6009242220695343,2.1223614415549874
-2.6003573415633485,2.121470484278759
-2.5997885541163575,2.1205807431718786
-2.59921786233534,2.119692222317249
-2.5986452688358503,2.118804925792178
-2.598070776242203,2.11791885766836
-2.5974943871874614,2.117034022011858
-2.596916104313429,2.116150422883085
-2.5963359302706293,2.115268064336786
-2.595753867718302,2.114386950422018
-2.595169919324385,2.1135070851821305
-2.594584087765503,2.1126284726547504
-2.5939963757269573,2.1117511168717606
-2.5934067859027103,2.1108750218592807
-2.5928153209953746,2.1100001916376523
-2.5922219837162004,2.1091266302214153
-2.5916267767850623,2.1082543416192943
-2.5910297029304483,2.107383329834176
-2.5904307648894442,2.106513598863093
-2.5898299654077235,2.105645152697205
-2.589227307239534,2.10477799532178
-2.5886227931476857,2.1039121307161754
-2.5880164259035356,2.103047562853821
-2.587408208286978,2.1021842957021977
-2.586798143086429,2.1013223332228237
-2.586186233098815,2.100461679371232
-2.585572481129561,2.099602338096952
-2.584956889992575,2.0987443133434964
-2.584339462510235,2.0978876090483367
-2.5837202015133793,2.097032229142887
-2.5830991098412897,2.0961781775524875
-2.5824761903416813,2.0953254581963847
-2.5818514458706865,2.094474074987712
-2.5812248792928445,2.093624031833475
-2.5805964934810848,2.0927753326345298
-2.5799662913167185,2.0919279812855662
-2.5793342756894204,2.091081981675091
-2.5787004494972185,2.0902373376854064
-2.578064815646479,2.0893940531925956
-2.5774273770518943,2.088552132066503
-2.5767881366364676,2.0877115781707154
-2.5761470973315017,2.0868723953625454
-2.5755042620765836,2.086034587493014
-2.574859633819572,2.085198158406829
-2.5742132155165813,2.084363111942373
-2.5735650101319734,2.0835294519316783
-2.572915020638336,2.0826971822004166
-2.572263250016477,2.0818663065678735
-2.571609701255404,2.0810368288469374
-2.5709543773523147,2.080208752844077
-2.570297281312581,2.0793820823593268
-2.569638416149736,2.0785568211862655
-2.56897778488546,2.0777329731120022
-2.568315390549565,2.076910541917156
-2.567651236179982,2.07608953137584
-2.5669853248227485,2.075269945255642
-2.5663176595319896,2.074451787317608
-2.565648243369909,2.073635061316225
-2.564977079406771,2.072819770999401
-2.5643041707208893,2.072005920108451
-2.5636295203986093,2.0711935123780756
-2.5629531315342975,2.0703825515363468
-2.562275007230323,2.0695730413046878
-2.5615951505970473,2.0687649853978582
-2.560913564752807,2.0679583875239342
-2.5602302528238994,2.0671532513842923
-2.55954521794457,2.066349580673591
-2.5588584632569944,2.0655473790797556
-2.5581699919112686,2.064746650283958
-2.5574798070653895,2.063947397960602
-2.5567879118852423,2.063149625777304
-2.5560943095445863,2.062353337394877
-2.5553990032250393,2.061558536467312
-2.554701996116063,2.0607652266417635
-2.554003291414947,2.0599734115585284
-2.5533028923267964,2.059183094851033
-2.552600802064515,2.0583942801458117
-2.5518970238487895,2.0576069710624947
-2.5511915609080766,2.056821171213787
-2.5504844164785867,2.0560368842054526
-2.549775593804269,2.055254113636298
-2.5490650961367978,2.0544728630981557
-2.5483529267355527,2.0536931361758657
-2.5476390888676095,2.0529149364472583
-2.5469235858077197,2.052138267483141
-2.5462064208383,2.0513631328472783
-2.545487597249412,2.050589536096374
-2.5447671183387506,2.0498174807800575
-2.544044987411626,2.0490469704408665
-2.5433212077809517,2.048278008614228
-2.5425957827672234,2.047510598828443
-2.54186871569851,2.046744744604673
-2.5411400099104324,2.0459804494569167
-2.5404096687461517,2.045217716892
-2.5396776955563514,2.0444565504095555
-2.5389440936992234,2.0436969535020078
-2.5382088665404496,2.0429389296545555
-2.5374720174531897,2.0421824823451584
-2.5367335498180625,2.0414276150445163
-2.535993467023131,2.040674331216055
-2.535251772463887,2.0399226343159125
-2.534508469543236,2.0391725277929176
-2.5337635616714778,2.038424015088577
-2.533017052266294,2.0376770996370595
-2.5322689447527313,2.0369317848651787
-2.531519242563184,2.036188074192376
-2.5307679491373793,2.0354459710307067
-2.5300150679223616,2.034705478784823
-2.529260602372474,2.0339666008519584
-2.5285045559493446,2.0332293406219097
-2.52774693212187,2.0324937014770246
-2.5269877343661964,2.031759686792183
-2.526226966165707,2.031027299934783
-2.5254646310110034,2.0302965442647243
-2.5247007323998902,2.029567423134392
-2.523935273837358,2.0288399398886425
-2.523168258835567,2.028114097864786
-2.5223996909138315,2.0273899003925724
-2.5216295735986027,2.0266673507941753
-2.520857910423452,2.0259464523841757
-2.5200847049290553,2.0252272084695475
-2.5193099606631746,2.024509622349643
-2.5185336811806436,2.023793697316174
-2.517755870043351,2.0230794366532017
-2.5169765308202217,2.0223668436371156
-2.516195667087202,2.0216559215366234
-2.5154132824272426,2.020946673612732
-2.5146293804302817,2.0202391031187363
-2.513843964693228,2.0195332133001993
-2.513057038819944,2.0188290073949404
-2.512268606421229,2.0181264886330195
-2.5114786711148027,2.0174256602367224
-2.5106872365252895,2.0167265254205446
-2.5098943062841976,2.0160290873911784
-2.5090998840299075,2.015333349347496
-2.5083039734076507,2.0146393144805352
-2.5075065780694947,2.0139469859734866
-2.5067077016743258,2.013256367001677
-2.5059073478878315,2.0125674607325545
-2.5051055203824846,2.011880270325675
-2.504302222837524,2.0111947989326873
-2.5034974589389414,2.0105110496973175
-2.5026912323794592,2.0098290257553564
-2.501884026076414,2.0091482203766446
-2.5010785295824487,2.0084653760556512
-2.500274723822635,2.0077805291389623
-2.49947211626117,2.007094272581808
-2.4986679272438845,2.006409864223098
-2.497862157145353,2.00572731279104
-2.497054833488737,2.0050465958084818
-2.496246444638292,2.0043671741476583
-2.4954392488064006,2.0036863102549813
-2.4946309821898702,2.00300673584902
-2.4938243418524473,2.0023252219908096
-2.493018877563388,2.0016423215112695
-2.4922118231076804,2.000961294876444
-2.4914036385879337,2.0002816176787293
-2.4905970634893424,1.9996000227311486
-2.4897920976748913,1.9989165211049087
-2.488988716189213,1.9982311530313146
-2.4881868994783534,1.9975439514175928
-2.487386632491371,1.996854943204967
-2.4865879038270218,1.9961641505408114
-2.485790705036476,1.9954715917267443
-2.4849950300556043,1.994777281983904
-2.4842008747434763,1.9940812340697402
-2.4834082365077537,1.9933834587743917
-2.4826171140010618,1.9926839653195743
-2.4818275068752382,1.991982761678667
-2.4810394155827113,1.9912798548331976
-2.480252841216189,1.9905752509780712
-2.47946778537945,1.9898689556855547
-2.478684250083344,1.9891609740361218
-2.477902237662204,1.9884513107227093
-2.477121750706742,1.987739970133666
-2.476342792010273,1.9870269564186613
-2.475565364525656,1.986312273540974
-2.474789471330881,1.985595925318917
-2.4740151156015977,1.9848779154586087
-2.4732423005892152,1.9841582475798543
-2.4724710296034718,1.9834369252365613
-2.471701305998578,1.9827139519328114
-2.4709331331622186,1.9819893311354988
-2.470166514506839,1.9812630662842443
-2.4694014534627486,1.9805351607991661
-2.4686379534726663,1.9798056180869539
-2.467876017987426,1.9790744415456107
-2.467115650462589,1.9783416345681466
-2.466356854355777,1.977607200545448
-2.465599633124584,1.9768711428685029
-2.4648439902249364,1.9761334649301228
-2.4640899291098046,1.975394170126269
-2.463337453228205,1.9746532618570727
-2.4625865660244126,1.973910743527617
-2.461837270937352,1.9731666185485326
-2.4610895714001204,1.9724208903364497
-2.460343470839618,1.9716735623143413
-2.459598972676258,1.970924637911778
-2.4588556157131474,1.970174643572116
-2.4581108382384698,1.9694260044336724
-2.4573672195575815,1.9686762559278992
-2.456621759301819,1.96792832696513
-2.4558744812743205,1.9671822046303824
-2.455125433872142,1.9664378515289838
-2.454375154770165,1.96569474890326
-2.453626639063499,1.9649498616390104
-2.4528793985793858,1.9642037014119444
-2.452130411443119,1.9634592882521458
-2.451379683526375,1.9627166251863313
-2.4506272488322245,1.9619756874252294
-2.449873637483725,1.9612359701351876
-2.4491218141447044,1.9604944255395975
-2.448371771092024,1.9597510723007596
-2.4476234748574655,1.9590059547895773
-2.446876418796336,1.9582596164359112
-2.446127579474592,1.9575150594052255
-2.445376969855334,1.956772280291552
-2.444624629698735,1.9560312490495289
-2.4438705916273644,1.9552919419471895
-2.443115384005747,1.9545538544602352
-2.4423619634297564,1.953813932640912
-2.441609833894208,1.9530726954445925
-2.4408559927778666,1.952333194114106
-2.4401009365368327,1.9515949444200325
-2.4393476376392607,1.9508548931792435
-2.438595609586062,1.950113556613172
-2.4378418491815026,1.94937397562207
-2.4370863614275105,1.9486361539756598
-2.4363291795107096,1.94790006724642
-2.4355703307855814,1.9471656962390824
-2.434810338481947,1.9464325389572887
-2.4340521331539815,1.9456975227116509
-2.433295704258936,1.9449606696598694
-2.4325410163221166,1.9442220271878459
-2.431787564540279,1.9434821443679793
-2.4310323511080214,1.942744052135212
-2.4302753876153615,1.9420077482077323
-2.4295172047282914,1.9412727079727403
-2.4287607653601375,1.9405358654606322
-2.428005587295771,1.9397977383931475
-2.4272486802878577,1.9390613782607924
-2.42649005023383,1.9383267879943447
-2.425730224811915,1.9375934487130277
-2.424972152904218,1.936858287995842
-2.4242158305276864,1.9361213204179417
-2.4234607503002397,1.9353830971372508
-2.4227039212053683,1.9346466597776557
-2.421945353107746,1.9339120076047371
-2.4211855749718785,1.9331786169093628
-2.420427540867514,1.9324434153758996
-2.4196712486715772,1.931706415437908
-2.4189161934702144,1.9309681674981398
-2.4181593841424913,1.9302317104939872
-2.4174008316341475,1.929497042691294
-2.416641065281137,1.9287636390815786
-2.415883040518299,1.9280284273683037
-2.4151262757006244,1.9272919265472932
-2.414367787132795,1.9265571950472575
-2.41360758046249,1.9258242360186102
-2.4128461821393206,1.9250925296665367
-2.412086534147499,1.9243589973532154
-2.4113286324070087,1.9236236538090068
-2.410571970565622,1.9228870514274345
-2.4098135641039877,1.9221522383229253
-2.4090534228063047,1.921419213811882
-2.408292074472342,1.9206874530576936
-2.4075324665049145,1.9199538775199583
-2.4067745967694067,1.9192184996807606
-2.4060179614772146,1.9184818711162825
-2.4052595760186724,1.9177470371360412
-2.404499451313105,1.9170139960032326
-2.4037381155789914,1.9162822215384498
-2.4029785176278837,1.915548635195136
-2.402220655846525,1.914813248853427
-2.401464027090075,1.9140766138550545
-2.4007056467630896,1.9133417747875994
-2.3999455260816895,1.9126087296386105
-2.399184193404936,1.911876951891749
-2.3984245978756498,1.911143362988465
-2.3976667380137044,1.910407974655237
-2.3969101108051896,1.90967133816185
-2.396151731689214,1.9089364979251793
-2.3953916119558403,1.9082034518640285
-2.3946302800319366,1.9074716733922712
-2.3938706851095795,1.9067380839371586
-2.3931128257408565,1.9060026951878597
-2.3923566738582887,1.905265546191882
-2.3916017353385617,1.904527184098701
-2.3908450186409125,1.903790635787054
-2.390086539572247,1.9030558950476386
-2.389326339874558,1.9023229292643486
-2.3885649466372163,1.9015912177443943
-2.3878053024629535,1.9008576817110086
-2.3870474035908273,1.9001223355319805
-2.386291220073963,1.8993852204166946
-2.3855362552035118,1.8986468842465136
-2.3847795176222264,1.897910356665264
-2.384021507566197,1.8971751305854125
-2.3832652064725552,1.8964381405998343
-2.3825101430512685,1.8956999009455024
-2.3817538094422526,1.8949629463404867
-2.3809986900326705,1.8942247615536107
-2.3802418290073466,1.8934883558882263
-2.3794832350136774,1.8927537296650774
-2.378722943940005,1.89202085569365
-2.3779614810868455,1.89128922045026
-2.3772017812991346,1.8905557449977581
-2.3764438380729773,1.8898204468761985
-2.3756876192446104,1.8890833698414529
-2.374932625064278,1.8883450626206368
-2.374175864390834,1.8876085580860373
-2.3734173506421525,1.8868738522308472
-2.3726571236482985,1.8861409142133898
-2.3718957100349334,1.8854092257391506
-2.3711360498044955,1.884675707921827
-2.3703781383209166,1.88394037613931
-2.3696214680351564,1.8832037827627344
-2.3688630549023095,1.8824689769767806
-2.368103396067614,1.8817354585609207
-2.367344975345704,1.8810006604318612
-2.3665848509125524,1.8802676197628232
-2.36582302528607,1.879536342556259
-2.365060023232141,1.878806312088964
-2.3642987754216986,1.8780744431537426
-2.363539276284833,1.8773407522571433
-2.362781018131226,1.876605793221915
-2.362021023556597,1.8758726230192537
-2.361259301454764,1.875141241774757
-2.360495887903866,1.8744116218637454
-2.35973130622898,1.8736832471892386
-2.3589684784391647,1.8729530262171314
-2.3582073982944447,1.8722209762920332
-2.3574475582952137,1.871487652577939
-2.35668598769786,1.8707561194824356
-2.355922694986379,1.8700263774980148
-2.355158205835444,1.869297901459204
-2.3543954522170605,1.868567599896688
-2.35363443145368,1.8678354859946662
-2.3528746407587278,1.8671021133186279
-2.352113109208733,1.866370541168043
-2.351349847377239,1.8656407680771367
-2.3505848926291506,1.8649127650752446
-2.349818767751594,1.8641860134591126
-2.349054389717376,1.8634574152946073
-2.348291273966124,1.8627274954640447
-2.347526464139135,1.8619993455535528
-2.3467599629692617,1.8612729714538943
-2.3459918013951717,1.860548350028523
-2.345222497929573,1.8598249679962762
-2.3444549480586336,1.8590997150487636
-2.3437045925950075,1.858387130562421
-2.3429552718547284,1.8576733098789981
-2.3421888496966923,1.8569469076453182
-2.341420739926169,1.856222258742883
-2.3406509826193433,1.8554993500573307
-2.3398801189903793,1.8547776462643728
-2.339111006563509,1.8540540619347832
-2.33834314304498,1.8533291434150796
-2.337573611262914,1.8526059893290492
-2.3368029070007754,1.8518840969181127
-2.3360339228621907,1.8511603625345945
-2.3352666561697375,1.8504347998526163
-2.3345006035961164,1.8497079721010783
-2.3337328266578496,1.848982958282423
-2.3329638197788145,1.8482592474513586
-2.332196507033683,1.8475337335542037
-2.3314304184822197,1.8468069409235606
-2.3306626126002765,1.8460819556900732
-2.329893581498448,1.8453582709554481
-2.329126249137158,1.8446327781030836
-2.328360617805364,1.8439054845916627
-2.327596662785845,1.8431764263444996
-2.3268338986662753,1.8424461544834672
-2.3260698406223614,1.8417172088750762
-2.3253074319414475,1.8409865346285466
-2.3245462192164075,1.8402546453451738
-2.3237832381047374,1.8395245905756077
-2.323018986229396,1.8387958558977062
-2.322256421560884,1.8380653500197013
-2.3214955509501802,1.8373330750657018
-2.320736353159689,1.8365990625261572
-2.3199788115752633,1.8358633383724068
-2.3192229134635034,1.835125924063612
-2.318468649238718,1.834386837429828
-2.317716011863162,1.8336460933871348
-2.3169649963583177,1.8329037045155125
-2.316215599407306,1.8321596815250845
-2.315467354730116,1.8314145566198063
-2.3147172449026,1.8306712961279106
-2.313965781969934,1.8299293752258479
-2.3132159974748365,1.8291857539321623
-2.3124679059852378,1.8284404259210238
-2.3117214919672255,1.8276934154677877
-2.3109767433799724,1.82694474279619
-2.310233651151001,1.8261944247970208
-2.3094922086187584,1.8254424756768444
-2.308752411075477,1.8246889074842716
-2.3080142553941227,1.8239337305358692
-2.307277739724483,1.823176953760309
-2.3065428632459484,1.8224185849760186
-2.305809625966719,1.821658631114842
-2.3050780285609545,1.8208970984019415
-2.3043480722368908,1.8201339925002862
-2.3036197586301785,1.819369318626532
-2.3028930897177537,1.8186030816438241
-2.302168067748368,1.8178352861360065
-2.3014446951866465,1.817065936466887
-2.3007229746680946,1.816295036827494
-2.3000029089629566,1.8155225912737039
-2.2992845009472314,1.814748603756164
-2.298567753579452,1.8139730781440486
-2.2978526698821153,1.8131960182438924
-2.297139252926841,1.8124174278145018
-2.296427505822536,1.811637310578739
-2.2957174317059637,1.8108556702328231
-2.2950090337342415,1.8100725104536597
-2.294302315078879,1.8092878349046033
-2.2935972789210464,1.8085016472399844
-2.292893928447828,1.8077139511086573
-2.2921922668492556,1.8069247501567745
-2.2914922973159637,1.8061340480299521
-2.290794023037341,1.8053418483749586
-2.2900974472000706,1.804548154841023
-2.289402572986982,1.8037529710808513
-2.2887094035761475,1.8029563007514096
-2.2880179421401734,1.802158147514527
-2.287328191845643,1.801358515037358
-2.2866401558526754,1.8005574069927341
-2.2859538373145867,1.79975482705943
-2.2852692393776164,1.7989507789223635
-2.284586365180718,1.798145266272746
-2.2839052178553896,1.7973382928081894
-2.2832252955571155,1.7965303459719588
-2.282543332707342,1.7957241070160206
-2.2818593653894577,1.7949195566031877
-2.2814916435490282,1.795021927416912
