step,x,y,z,speed_3d,speed_xy,command_v,command_w,outcome
0,-2.7380316257476807,-4.503206729888916,-0.009736845269799232,0.0,0.0,0.0,0.0,collision
1,-2.7380404472351074,-4.503237247467041,-0.004923027940094471,0.15043506026268005,0.0009927181527018547,1.0,-3.0,collision
2,-2.73779559135437,-4.502231597900391,-0.00396590493619442,0.04405440390110016,0.03234466165304184,1.0,-3.0,collision
3,-2.7375431060791016,-4.501205921173096,-0.0032212568912655115,0.04038706794381142,0.033009253442287445,1.0,-3.0,collision
4,-2.7372891902923584,-4.500180721282959,-0.002625836292281747,0.03788904473185539,0.033005502074956894,1.0,3.0,collision
5,-2.737036943435669,-4.499154567718506,-0.0021496235858649015,0.03622032701969147,0.033021941781044006,1.0,-3.0,collision
6,-2.7367825508117676,-4.498129844665527,-0.0017687795916572213,0.035075463354587555,0.032994624227285385,1.0,-3.0,collision
7,-2.736525774002075,-4.497105121612549,-0.0014641982270404696,0.034357402473688126,0.03301265463232994,1.0,-3.0,collision
8,-2.736266613006592,-4.496081352233887,-0.0012206080136820674,0.03386848419904709,0.03300195187330246,1.0,-3.0,collision
9,-2.7362608909606934,-4.496060848236084,-0.0010306762997061014,0.005972529295831919,0.0006652329466305673,0.0,-3.0,collision
10,-2.7360026836395264,-4.495058536529541,-0.0008693368290551007,0.03273547813296318,0.03234487399458885,1.0,3.0,collision
11,-2.7357425689697266,-4.494034767150879,-0.0007445651572197676,0.033238764852285385,0.033009279519319534,1.0,3.0,collision
12,-2.7354846000671387,-4.493010520935059,-0.0006450625951401889,0.03315341845154762,0.03300728276371956,1.0,3.0,collision
13,-2.7352285385131836,-4.491986274719238,-0.0005654889973811805,0.03308635205030441,0.03299277275800705,1.0,-3.0,collision
14,-2.7352235317230225,-4.4919657707214355,-0.0005067410529591143,0.0019507616525515914,0.0006595762679353356,0.0,-3.0,collision
15,-2.7349681854248047,-4.490962505340576,-0.00045031856279820204,0.032399583607912064,0.03235156834125519,1.0,3.0,collision
16,-2.7347097396850586,-4.489938735961914,-0.00040944264037534595,0.033021192997694016,0.03299647569656372,1.0,-3.0,collision
17,-2.7347047328948975,-4.489918231964111,-0.00038192799547687173,0.0010836757719516754,0.0006595762679353356,0.0,-3.0,collision
18,-2.7344472408294678,-4.48891544342041,-0.0003504973428789526,0.032368648797273636,0.03235374018549919,1.0,3.0,collision
19,-2.734187364578247,-4.487892150878906,-0.00032962061231955886,0.03299945220351219,0.032993003726005554,1.0,3.0,collision
20,-2.7341833114624023,-4.487871170043945,-0.0003180920029990375,0.0007587587460875511,0.0006677731871604919,0.0,3.0,collision
21,-2.7339322566986084,-4.486867427825928,-0.00029942268156446517,0.032338473945856094,0.03233320638537407,1.0,-3.0,collision
22,-2.7339277267456055,-4.486846923828125,-0.00029366606031544507,0.0006804130971431732,0.0006562011549249291,0.0,3.0,collision
23,-2.7339274883270264,-4.486846923828125,-0.0002847595023922622,0.00027842962299473584,7.450580142176477e-06,0.0,-3.0,collision
24,-2.7339274883270264,-4.486846923828125,-0.0002773650048766285,0.00023107804008759558,0.0,0.0,0.0,collision
25,-2.7339279651641846,-4.486846446990967,-0.0002714387665037066,0.00018639005429577082,2.1073423340567388e-05,0.0,3.0,collision
26,-2.7336764335632324,-4.485842704772949,-0.00026179695851169527,0.032338231801986694,0.032336827367544174,1.0,-3.0,collision
27,-2.7334177494049072,-4.484818935394287,-0.0002586659393273294,0.03299844637513161,0.03299830108880997,1.0,-3.0,collision
28,-2.7331573963165283,-4.483795642852783,-0.0002564720925875008,0.03299674764275551,0.03299667313694954,1.0,3.0,collision
29,-2.732898712158203,-4.482771873474121,-0.00025471270782873034,0.03299834579229355,0.03299830108880997,1.0,-3.0,collision
30,-2.7326436042785645,-4.48176908493042,-0.0002492907806299627,0.032335735857486725,0.03233529254794121,1.0,3.0,collision
31,-2.7323861122131348,-4.4807448387146,-0.00024865841260179877,0.03300365060567856,0.03300364315509796,1.0,0.0,collision
32,-2.7321279048919678,-4.479720592498779,-0.00024845352163538337,0.03300910070538521,0.03300910070538521,1.0,-3.0,collision
33,-2.731867551803589,-4.478697299957275,-0.00024830905022099614,0.03299667313694954,0.03299667313694954,1.0,-3.0,collision
34,-2.73160457611084,-4.477674961090088,-0.00024819461395964026,0.03298811614513397,0.032988112419843674,1.0,-3.0,collision
35,-2.731339454650879,-4.4766526222229,-0.0002481032570358366,0.03300488367676735,0.03300488367676735,1.0,-3.0,collision
36,-2.7313342094421387,-4.476632118225098,-0.0002529230550862849,0.0006783169228583574,0.0006613832665607333,0.0,3.0,collision
37,-2.7313342094421387,-4.476632118225098,-0.00025219900999218225,2.2626407371717505e-05,0.0,0.0,3.0,collision
38,-2.7310760021209717,-4.475630283355713,-0.0002464253921061754,0.0323309525847435,0.03233044594526291,1.0,-3.0,collision
39,-2.7310702800750732,-4.47560977935791,-0.00025125592947006226,0.0006821451825089753,0.0006652329466305673,0.0,-3.0,collision
40,-2.7308082580566406,-4.474608421325684,-0.00024597643641754985,0.03234640881419182,0.03234598785638809,1.0,3.0,collision
41,-2.730543851852417,-4.473586082458496,-0.00024602338089607656,0.032999277114868164,0.032999277114868164,1.0,0.0,collision
42,-2.7302794456481934,-4.472563743591309,-0.0002463573182467371,0.032999277114868164,0.032999277114868164,1.0,3.0,collision
43,-2.7302744388580322,-4.472543239593506,-0.0002515048545319587,0.0006789086619392037,0.0006595762679353356,0.0,-3.0,collision
44,-2.730015277862549,-4.471541404724121,-0.00024619189207442105,0.032338324934244156,0.03233789652585983,1.0,3.0,collision
45,-2.7297534942626953,-4.470518112182617,-0.00024620111798867583,0.033007726073265076,0.033007726073265076,1.0,3.0,collision
46,-2.729494333267212,-4.469494342803955,-0.00024649425176903605,0.03300195559859276,0.03300195187330246,1.0,3.0,collision
47,-2.729489803314209,-4.469473838806152,-0.0002516137028578669,0.0006754216738045216,0.0006562011549249291,0.0,-3.0,collision
48,-2.7292351722717285,-4.468471050262451,-0.00024627920356579125,0.032332051545381546,0.03233162313699722,1.0,3.0,collision
49,-2.728977680206299,-4.467446804046631,-0.0002462656411807984,0.03300364315509796,0.03300364315509796,1.0,0.0,collision
50,-2.728973865509033,-4.46742582321167,-0.00025143439415842295,0.0006856959662400186,0.0006664001266472042,0.0,3.0,collision
51,-2.7287232875823975,-4.466421604156494,-0.00024611304979771376,0.03234448283910751,0.03234405443072319,1.0,-3.0,collision
52,-2.7284657955169678,-4.465397834777832,-0.0002461482654325664,0.03298919275403023,0.03298919275403023,1.0,3.0,collision
53,-2.728461742401123,-4.465376853942871,-0.00025133517920039594,0.000687164138071239,0.0006677731871604919,0.0,3.0,collision
54,-2.728212833404541,-4.464372158050537,-0.0002460335672367364,0.03234635666012764,0.032345931977033615,1.0,-3.0,collision
55,-2.72820782661438,-4.464352130889893,-0.0002509562764316797,0.0006631984724663198,0.0006451101507991552,0.0,-3.0,collision
56,-2.727954864501953,-4.463348388671875,-0.00024573886184953153,0.032348133623600006,0.032347723841667175,1.0,3.0,collision
57,-2.7276992797851562,-4.4623236656188965,-0.0002458326634950936,0.03300362080335617,0.03300362080335617,1.0,0.0,collision
58,-2.727443218231201,-4.461299419403076,-0.0002461945405229926,0.03299277648329735,0.03299277275800705,1.0,-3.0,collision
59,-2.727185010910034,-4.460275173187256,-0.0002465023717377335,0.03300910070538521,0.03300910070538521,1.0,-3.0,collision
60,-2.726924180984497,-4.459251880645752,-0.0002467496378812939,0.03300034999847412,0.03300034999847412,1.0,-3.0,collision
61,-2.7269186973571777,-4.459231853485107,-0.00025182910030707717,0.0006680181249976158,0.0006488852086476982,0.0,-3.0,collision
62,-2.7266581058502197,-4.458230018615723,-0.0002464407298248261,0.03234956040978432,0.0323491208255291,1.0,-3.0,collision
63,-2.7263901233673096,-4.457208633422852,-0.0002464009157847613,0.03299861401319504,0.03299861401319504,1.0,-3.0,collision
64,-2.7261204719543457,-4.456187725067139,-0.0002466636069584638,0.032997481524944305,0.03299747779965401,1.0,3.0,collision
65,-2.7258527278900146,-4.455166339874268,-0.0002468684106133878,0.03299672529101372,0.03299672156572342,1.0,-3.0,collision
66,-2.7258477210998535,-4.455145835876465,-0.00025193460169248283,0.0006783108110539615,0.0006595762679353356,0.0,3.0,collision
67,-2.725847005844116,-4.455145835876465,-0.00025139941135421395,2.7916228646063246e-05,2.235173997178208e-05,0.0,-3.0,collision
68,-2.7255821228027344,-4.454145431518555,-0.00024579581804573536,0.0323403999209404,0.032339926809072495,1.0,-3.0,collision
69,-2.7253098487854004,-4.453125,-0.00024587035295553505,0.03300410509109497,0.03300410509109497,1.0,-3.0,collision
70,-2.7250359058380127,-4.4521050453186035,-0.00024623857461847365,0.033003199845552444,0.033003196120262146,1.0,3.0,collision
71,-2.724764585494995,-4.451084613800049,-0.0002465378784108907,0.032996438443660736,0.032996438443660736,1.0,3.0,collision
72,-2.724764347076416,-4.451084613800049,-0.00025175121845677495,0.00016308714111801237,7.450580142176477e-06,0.0,0.0,collision
73,-2.7245004177093506,-4.4500837326049805,-0.0002462922711856663,0.032347172498703,0.03234671801328659,1.0,3.0,collision
74,-2.724234104156494,-4.449061870574951,-0.0002462769334670156,0.03299983590841293,0.03299983590841293,1.0,3.0,collision
75,-2.7239694595336914,-4.448039531707764,-0.000246544077526778,0.03300114721059799,0.033001143485307693,1.0,-3.0,collision
76,-2.7237026691436768,-4.447017669677734,-0.00024678659974597394,0.03300359845161438,0.03300359472632408,1.0,0.0,collision
77,-2.723698139190674,-4.446997165679932,-0.00025186556740663946,0.0006751231849193573,0.0006562011549249291,0.0,3.0,collision
78,-2.723698139190674,-4.446997165679932,-0.0002513486542738974,1.615353539818898e-05,0.0,0.0,0.0,collision
79,-2.723698616027832,-4.446997165679932,-0.00025064634974114597,2.652764851518441e-05,1.4901160284352954e-05,0.0,3.0,collision
80,-2.7234408855438232,-4.445994853973389,-0.00024516915436834097,0.0323416143655777,0.032341159880161285,1.0,-3.0,collision
81,-2.723175525665283,-4.444972515106201,-0.00024536772980354726,0.03300675377249718,0.03300675377249718,1.0,-3.0,collision
82,-2.7229087352752686,-4.44395112991333,-0.0002458367380313575,0.032989177852869034,0.032989174127578735,1.0,3.0,collision
83,-2.722644329071045,-4.442928791046143,-0.0002462166885379702,0.03299928084015846,0.032999277114868164,1.0,3.0,collision
84,-2.722381591796875,-4.441905975341797,-0.0002465109864715487,0.03300069272518158,0.03300068899989128,1.0,-3.0,collision
85,-2.7221169471740723,-4.440883636474609,-0.00024676622706465423,0.03300114721059799,0.033001143485307693,1.0,3.0,collision
86,-2.7218589782714844,-4.439881324768066,-0.00024292974558193237,0.032343242317438126,0.03234301880002022,1.0,-3.0,collision
87,-2.7218587398529053,-4.439881324768066,-0.00024856289383023977,0.00017619346908759326,7.450580142176477e-06,0.0,0.0,collision
88,-2.7215981483459473,-4.43887996673584,-0.0002437147923046723,0.032335057854652405,0.03233470022678375,1.0,-3.0,collision
89,-2.7213308811187744,-4.4378581047058105,-0.0002442254626657814,0.033007364720106125,0.033007360994815826,1.0,3.0,collision
90,-2.7210655212402344,-4.436835765838623,-0.00024490905343554914,0.033006761223077774,0.03300675377249718,1.0,0.0,collision
91,-2.7208001613616943,-4.435813903808594,-0.0002454750065226108,0.03299233689904213,0.03299232944846153,1.0,0.0,collision
92,-2.7205352783203125,-4.434791564941406,-0.00024593365378677845,0.03300301358103752,0.03300300985574722,1.0,3.0,collision
93,-2.7205302715301514,-4.4347710609436035,-0.0002511667844373733,0.0006795474328100681,0.0006595762679353356,0.0,-3.0,collision
94,-2.7205300331115723,-4.434771537780762,-0.00025079495389945805,2.0311897969804704e-05,1.6660003893775865e-05,0.0,-3.0,collision
95,-2.7205305099487305,-4.4347710609436035,-0.0002502082788851112,2.793223575281445e-05,2.1073423340567388e-05,0.0,3.0,collision
96,-2.7205302715301514,-4.434771537780762,-0.0002497045206837356,2.292117460456211e-05,1.6660003893775865e-05,0.0,-3.0,collision
97,-2.7202680110931396,-4.433770179748535,-0.00024443547590635717,0.03234829381108284,0.03234787657856941,1.0,3.0,collision
98,-2.7200028896331787,-4.432747840881348,-0.00024477060651406646,0.03300488367676735,0.03300488367676735,1.0,-3.0,collision
99,-2.7197351455688477,-4.431726455688477,-0.00024534857948310673,0.032996729016304016,0.03299672156572342,1.0,-3.0,collision
100,-2.7194650173187256,-4.430705547332764,-0.0002458261151332408,0.03300129249691963,0.033001285046339035,1.0,-3.0,collision
101,-2.7191929817199707,-4.429685115814209,-0.00024621374905109406,0.03300219029188156,0.03300218656659126,1.0,0.0,collision
102,-2.718921184539795,-4.428664684295654,-0.0002465244906488806,0.033000268042087555,0.033000268042087555,1.0,3.0,collision
103,-2.718651294708252,-4.427643775939941,-0.00024675752501934767,0.03299938514828682,0.03299938514828682,1.0,-3.0,collision
104,-2.718379020690918,-4.426623821258545,-0.00024695327738299966,0.032989710569381714,0.032989710569381714,1.0,-3.0,collision
105,-2.718104839324951,-4.425603866577148,-0.0002471201296430081,0.033005133271217346,0.033005133271217346,1.0,3.0,collision
106,-2.7178328037261963,-4.424583435058594,-0.00024723412934690714,0.03300218656659126,0.03300218656659126,1.0,-3.0,collision
107,-2.717827081680298,-4.424563407897949,-0.0002522158611100167,0.0006692511378787458,0.0006508924998342991,0.0,-3.0,collision
108,-2.7175559997558594,-4.4235639572143555,-0.00024675935856066644,0.03236173838376999,0.032361287623643875,1.0,3.0,collision
109,-2.71755051612854,-4.423543930053711,-0.0002515282540116459,0.0006657788180746138,0.0006488852086476982,0.0,-3.0,collision
110,-2.7175509929656982,-4.423543453216553,-0.0002510800550226122,2.530342317186296e-05,2.1073423340567388e-05,0.0,3.0,collision
111,-2.717282295227051,-4.422544002532959,-0.00024554121773689985,0.032342325896024704,0.032341863960027695,1.0,3.0,collision
112,-2.717010736465454,-4.421523571014404,-0.0002456601650919765,0.03299834951758385,0.03299834951758385,1.0,0.0,collision
113,-2.717006206512451,-4.421503067016602,-0.0002509493788238615,0.0006766978767700493,0.0006562011549249291,0.0,3.0,collision
114,-2.7167415618896484,-4.420502662658691,-0.0002457250375300646,0.03233843296766281,0.03233801946043968,1.0,-3.0,collision
115,-2.716470241546631,-4.4194817543029785,-0.00024583793128840625,0.03301083669066429,0.03301083669066429,1.0,3.0,collision
116,-2.716201066970825,-4.418460845947266,-0.0002462039701640606,0.032993678003549576,0.03299367427825928,1.0,3.0,collision
117,-2.7159342765808105,-4.417438983917236,-0.00024651034618727863,0.03300359845161438,0.03300359472632408,1.0,3.0,collision
118,-2.715669870376587,-4.416416645050049,-0.0002467562153469771,0.032999277114868164,0.032999277114868164,1.0,3.0,collision
119,-2.7156660556793213,-4.416396141052246,-0.0002518356777727604,0.0006707962020300329,0.0006517447764053941,0.0,3.0,collision
120,-2.7154109477996826,-4.415392875671387,-0.0002464460558257997,0.032350171357393265,0.032349731773138046,1.0,3.0,collision
121,-2.715407133102417,-4.415371894836426,-0.0002512871287763119,0.0006833563093096018,0.0006664001266472042,0.0,3.0,collision
122,-2.7151570320129395,-4.41436767578125,-0.0002459925599396229,0.032340873032808304,0.03234044834971428,1.0,3.0,collision
123,-2.7151527404785156,-4.4143476486206055,-0.00025091273710131645,0.0006582651985809207,0.0006400564452633262,0.0,-3.0,collision
124,-2.714901924133301,-4.41334342956543,-0.00024569081142544746,0.03234626725316048,0.032345857471227646,1.0,-3.0,collision
125,-2.7148969173431396,-4.413322925567627,-0.00025068168179132044,0.0006777652888558805,0.0006595762679353356,0.0,-3.0,collision
126,-2.7148969173431396,-4.413322925567627,-0.00025039794854819775,8.866663847584277e-06,0.0,0.0,0.0,collision
127,-2.7146410942077637,-4.412320137023926,-0.0002449899911880493,0.03234125301241875,0.03234080970287323,1.0,-3.0,collision
128,-2.7146356105804443,-4.412299633026123,-0.0002501077251508832,0.0006822779541835189,0.0006632690201513469,0.0,-3.0,collision
129,-2.7146358489990234,-4.412299633026123,-0.0002499435213394463,9.046661944012158e-06,7.450580142176477e-06,0.0,3.0,collision
130,-2.714376926422119,-4.411297798156738,-0.0002446211292408407,0.032336462289094925,0.0323360338807106,1.0,-3.0,collision
131,-2.7141106128692627,-4.410275936126709,-0.000244930328335613,0.03299983590841293,0.03299983590841293,1.0,-3.0,collision
132,-2.7138419151306152,-4.409254550933838,-0.0002454772766213864,0.03300429508090019,0.033004291355609894,1.0,-3.0,collision
133,-2.713836669921875,-4.409234046936035,-0.0002508221659809351,0.0006821481510996819,0.0006613832665607333,0.0,3.0,collision
134,-2.713836669921875,-4.409234046936035,-0.0002505187876522541,9.480572771281004e-06,0.0,0.0,3.0,collision
135,-2.7135753631591797,-4.408232688903809,-0.0002450817555654794,0.03234078735113144,0.032340340316295624,1.0,-3.0,collision
136,-2.7133073806762695,-4.4072113037109375,-0.0002453085617162287,0.03299861401319504,0.03299861401319504,1.0,3.0,collision
137,-2.7133069038391113,-4.4072113037109375,-0.00025075359735637903,0.0001708085765130818,1.4901160284352954e-05,0.0,0.0,collision
138,-2.713306427001953,-4.4072113037109375,-0.00025036762235686183,1.917106237669941e-05,1.4901160284352954e-05,0.0,-3.0,collision
139,-2.713043212890625,-4.406210422515869,-0.00024496635887771845,0.03234146907925606,0.03234102949500084,1.0,-3.0,collision
140,-2.7127721309661865,-4.4051899909973145,-0.00024520658189430833,0.03299452364444733,0.03299451991915703,1.0,-3.0,collision
141,-2.7124991416931152,-4.40416955947876,-0.000245702889515087,0.03300987929105759,0.03300987556576729,1.0,0.0,collision
142,-2.712225914001465,-4.403149604797363,-0.0002461056283209473,0.032997407019138336,0.032997407019138336,1.0,-3.0,collision
143,-2.7122199535369873,-4.403129577636719,-0.00025131410802714527,0.0006729587912559509,0.0006529786041937768,0.0,-3.0,collision
144,-2.711947202682495,-4.402131080627441,-0.0002460287942085415,0.03234665095806122,0.03234623000025749,1.0,-3.0,collision
145,-2.711667537689209,-4.4011125564575195,-0.0002460810064803809,0.03300692141056061,0.03300692141056061,1.0,3.0,collision
146,-2.7113897800445557,-4.400094032287598,-0.0002463885466568172,0.0329911895096302,0.0329911895096302,1.0,-3.0,collision
147,-2.711383819580078,-4.400073528289795,-0.0002515391679480672,0.0006864124443382025,0.0006672742310911417,0.0,-3.0,collision
148,-2.711383819580078,-4.400073528289795,-0.00025110362912528217,1.361058730253717e-05,0.0,0.0,3.0,collision
149,-2.711108446121216,-4.399075984954834,-0.00024555015261285007,0.032339658588171005,0.0323391929268837,1.0,-3.0,collision
150,-2.7111024856567383,-4.3990559577941895,-0.00025055560399778187,0.0006714524934068322,0.0006529786041937768,0.0,-3.0,collision
151,-2.7111024856567383,-4.3990559577941895,-0.00025030161486938596,7.937160262372345e-06,0.0,0.0,3.0,collision
152,-2.710824728012085,-4.398058891296387,-0.00024490771465934813,0.032345179468393326,0.032344743609428406,1.0,-3.0,collision
153,-2.7105398178100586,-4.397042274475098,-0.00024516935809515417,0.03299330547451973,0.03299330174922943,1.0,3.0,collision
154,-2.7102572917938232,-4.396024703979492,-0.00024566828506067395,0.03300199657678604,0.033001989126205444,1.0,3.0,collision
155,-2.709977388381958,-4.39500617980957,-0.00024608170497231185,0.03300889953970909,0.03300889581441879,1.0,3.0,collision
156,-2.7096991539001465,-4.393987655639648,-0.0002464079880155623,0.03299511596560478,0.032995112240314484,1.0,0.0,collision
157,-2.709420919418335,-4.392969131469727,-0.00024666928220540285,0.03299511596560478,0.032995112240314484,1.0,-3.0,collision
158,-2.7094151973724365,-4.392948627471924,-0.0002517642278689891,0.0006840211572125554,0.0006652329466305673,0.0,-3.0,collision
159,-2.709137439727783,-4.391951560974121,-0.0002463885466568172,0.032345179468393326,0.032344743609428406,1.0,-3.0,collision
160,-2.7088515758514404,-4.390934944152832,-0.00024635883164592087,0.033001359552145004,0.033001359552145004,1.0,-3.0,collision
161,-2.7085633277893066,-4.389919281005859,-0.0002466203586664051,0.03299293294548988,0.03299293294548988,1.0,-3.0,collision
162,-2.708273410797119,-4.388903617858887,-0.0002468530728947371,0.03300720825791359,0.03300720825791359,1.0,3.0,collision
163,-2.7082674503326416,-4.388883590698242,-0.00025190209271386266,0.0006717709475196898,0.0006529786041937768,0.0,-3.0,collision
164,-2.7079825401306152,-4.3878889083862305,-0.000246498646447435,0.03233424946665764,0.03233380988240242,1.0,-3.0,collision
165,-2.7079763412475586,-4.387868404388428,-0.0002513288054615259,0.0006861994042992592,0.0006693922332488,0.0,-3.0,collision
166,-2.7076873779296875,-4.386874675750732,-0.00024603644851595163,0.03234072029590607,0.03234029933810234,1.0,3.0,collision
167,-2.70768141746521,-4.386854648590088,-0.0002509485057089478,0.0006707785651087761,0.0006529786041937768,0.0,-3.0,collision
168,-2.70768141746521,-4.386854648590088,-0.0002506107266526669,1.0555594599281903e-05,0.0,0.0,0.0,collision
169,-2.7073919773101807,-4.385860919952393,-0.00024516027770005167,0.03234490752220154,0.03234446048736572,1.0,-3.0,collision
170,-2.70709490776062,-4.384847640991211,-0.0002453716879244894,0.03299775719642639,0.03299775719642639,1.0,3.0,collision
171,-2.7067997455596924,-4.383833885192871,-0.0002458203525748104,0.032995350658893585,0.03299534693360329,1.0,-3.0,collision
172,-2.7065019607543945,-4.3828206062316895,-0.0002462030097376555,0.03300405666232109,0.03300405293703079,1.0,-3.0,collision
173,-2.7062020301818848,-4.381807804107666,-0.00024651031708344817,0.03300873562693596,0.03300873190164566,1.0,-3.0,collision
174,-2.705899715423584,-4.380795955657959,-0.00024675627355463803,0.03300141543149948,0.03300141170620918,1.0,-3.0,collision
175,-2.7058932781219482,-4.3807759284973145,-0.00025183463003486395,0.0006762688281014562,0.000657384458463639,0.0,-3.0,collision
176,-2.7055866718292236,-4.379765510559082,-0.0002463540295138955,0.03299771621823311,0.03299727290868759,1.0,0.0,collision
177,-2.705280065536499,-4.37875509262085,-0.0002464190765749663,0.03299727290868759,0.03299727290868759,1.0,-3.0,collision
178,-2.7049717903137207,-4.377745151519775,-0.0002466820878908038,0.03299820423126221,0.03299820050597191,1.0,3.0,collision
179,-2.704665184020996,-4.376734733581543,-0.00024688331177458167,0.03299727290868759,0.03299727290868759,1.0,-3.0,collision
180,-2.7043561935424805,-4.375724792480469,-0.00024705397663637996,0.03300473466515541,0.03300473466515541,1.0,-3.0,collision
181,-2.704045057296753,-4.374715805053711,-0.0002471910265740007,0.032995935529470444,0.032995935529470444,1.0,-3.0,collision
182,-2.7040390968322754,-4.374695777893066,-0.0002521931892260909,0.0006714285118505359,0.0006529786041937768,0.0,3.0,collision
183,-2.7037336826324463,-4.373706817626953,-0.00024672088329680264,0.03234563767910004,0.032345183193683624,1.0,-3.0,collision
184,-2.703732967376709,-4.373706817626953,-0.0002516081149224192,0.00015435292152687907,2.235173997178208e-05,0.0,0.0,collision
185,-2.703425407409668,-4.372718334197998,-0.00024615266011096537,0.03235125541687012,0.0323508083820343,1.0,-3.0,collision
186,-2.7031097412109375,-4.371710777282715,-0.00024616572773084044,0.03299526497721672,0.03299526497721672,1.0,-3.0,collision
187,-2.702791929244995,-4.37070369720459,-0.00024647044483572245,0.033001162111759186,0.033001162111759186,1.0,0.0,collision
188,-2.702785015106201,-4.370683670043945,-0.00025160121731460094,0.0006812337087467313,0.0006620963104069233,0.0,-3.0,collision
189,-2.7024707794189453,-4.369697570800781,-0.00024625821970403194,0.032342828810214996,0.03234240040183067,1.0,-3.0,collision
190,-2.702148675918579,-4.368691921234131,-0.0002462645061314106,0.0329991951584816,0.0329991951584816,1.0,3.0,collision
191,-2.7018284797668457,-4.367685794830322,-0.00024653528816998005,0.03299526125192642,0.03299526125192642,1.0,-3.0,collision
192,-2.7015058994293213,-4.366680145263672,-0.0002467749873176217,0.03300374746322632,0.03300374373793602,1.0,-3.0,collision
193,-2.701181411743164,-4.365675449371338,-0.00024697251501493156,0.03299363702535629,0.03299363702535629,1.0,0.0,collision
194,-2.70117449760437,-4.365655422210693,-0.0002520032285246998,0.0006805045413784683,0.0006620963104069233,0.0,-3.0,collision
195,-2.701173782348633,-4.365655899047852,-0.0002514646912459284,3.1699684768682346e-05,2.6863448510994203e-05,0.0,-3.0,collision
196,-2.7008516788482666,-4.36467170715332,-0.00024585818755440414,0.0323617197573185,0.03236124664545059,1.0,3.0,collision
197,-2.7005257606506348,-4.3636674880981445,-0.00024592041154392064,0.03299323096871376,0.03299322724342346,1.0,3.0,collision
198,-2.7002017498016357,-4.362662315368652,-0.0002462585980538279,0.033003244549036026,0.03300324082374573,1.0,-3.0,collision
199,-2.700195789337158,-4.362642288208008,-0.0002514466759748757,0.0006728048902004957,0.0006529786041937768,0.0,3.0,collision
200,-2.699878692626953,-4.36165714263916,-0.00024613458663225174,0.032341714948415756,0.03234128654003143,1.0,3.0,collision
201,-2.6995577812194824,-4.360651016235352,-0.0002461547264829278,0.03300204873085022,0.03300204873085022,1.0,3.0,collision
202,-2.6992392539978027,-4.359643936157227,-0.0002464570861775428,0.0330079011619091,0.033007897436618805,1.0,3.0,collision
203,-2.698922872543335,-4.358636379241943,-0.0002467074664309621,0.03300195559859276,0.03300195187330246,1.0,0.0,collision
204,-2.698606491088867,-4.357629299163818,-0.00024691945873200893,0.03298773989081383,0.03298773616552353,1.0,3.0,collision
205,-2.698291778564453,-4.356621265411377,-0.00024707295233383775,0.03300059214234352,0.03300059214234352,1.0,-3.0,collision
206,-2.698286533355713,-4.356600761413574,-0.0002520985435694456,0.0006797738024033606,0.0006613832665607333,0.0,3.0,collision
207,-2.698286294937134,-4.356600761413574,-0.00025153017486445606,1.926091317727696e-05,7.450580142176477e-06,0.0,-3.0,collision
208,-2.6979753971099854,-4.355613708496094,-0.00024589995155110955,0.03233978897333145,0.03233930841088295,1.0,-3.0,collision
209,-2.6976563930511475,-4.354607105255127,-0.00024596357252448797,0.032998185604810715,0.032998185604810715,1.0,3.0,collision
210,-2.6973397731781006,-4.353599548339844,-0.0002463037089910358,0.033004190772771835,0.03300418704748154,1.0,3.0,collision
211,-2.697333812713623,-4.353579521179199,-0.0002514615189284086,0.0006725775310769677,0.0006529786041937768,0.0,-3.0,collision
212,-2.6970224380493164,-4.352592468261719,-0.0002461454423610121,0.03234421834349632,0.0323437862098217,1.0,-3.0,collision
213,-2.696702241897583,-4.35158634185791,-0.00024616418522782624,0.03299526125192642,0.03299526125192642,1.0,-3.0,collision
214,-2.6963798999786377,-4.35058069229126,-0.00024646450765430927,0.03300147131085396,0.03300146758556366,1.0,-3.0,collision
215,-2.6963729858398438,-4.350560665130615,-0.00025160046061500907,0.0006812718347646296,0.0006620963104069233,0.0,-3.0,collision
216,-2.696052312850952,-4.349576473236084,-0.0002462576376274228,0.032347798347473145,0.03234736621379852,1.0,-3.0,collision
217,-2.6957225799560547,-4.348573207855225,-0.0002462544944137335,0.03300191089510918,0.03300190716981888,1.0,-3.0,collision
218,-2.6953916549682617,-4.347570896148682,-0.00024654652224853635,0.03298526257276535,0.03298526257276535,1.0,3.0,collision
219,-2.6950621604919434,-4.346567153930664,-0.0002467747835908085,0.03301374241709709,0.03301374241709709,1.0,-3.0,collision
220,-2.695061683654785,-4.346567153930664,-0.0002519503468647599,0.00016242133278865367,1.4901160284352954e-05,0.0,0.0,collision
221,-2.694737195968628,-4.345584392547607,-0.00024645167286507785,0.03234250098466873,0.03234204649925232,1.0,3.0,collision
222,-2.694408893585205,-4.34458065032959,-0.0002464042336214334,0.03300214186310768,0.03300214186310768,1.0,3.0,collision
223,-2.694082260131836,-4.343576431274414,-0.00024664599914103746,0.03300013765692711,0.03300013765692711,1.0,-3.0,collision
224,-2.693754196166992,-4.3425726890563965,-0.00024687344557605684,0.032999828457832336,0.032999828457832336,1.0,3.0,collision
225,-2.693754196166992,-4.3425726890563965,-0.00025201993412338197,0.00016082775255199522,0.0,0.0,0.0,collision
226,-2.6934337615966797,-4.341588497161865,-0.00024649599799886346,0.032345522195100784,0.032345060259103775,1.0,-3.0,collision
227,-2.6934335231781006,-4.341588020324707,-0.0002514241496101022,0.00015490324585698545,1.6660003893775865e-05,0.0,0.0,collision
228,-2.6931114196777344,-4.340604782104492,-0.000246016017626971,0.032333362847566605,0.03233291953802109,1.0,3.0,collision
229,-2.6931049823760986,-4.340584754943848,-0.00025092766736634076,0.0006750653265044093,0.000657384458463639,0.0,-3.0,collision
230,-2.692782402038574,-4.339601516723633,-0.00024570320965722203,0.0323379784822464,0.03233756124973297,1.0,-3.0,collision
231,-2.6924514770507812,-4.338598728179932,-0.0002458200906403363,0.03299940750002861,0.03299940750002861,1.0,3.0,collision
232,-2.692122220993042,-4.337595462799072,-0.00024617963936179876,0.032997261732816696,0.0329972580075264,1.0,-3.0,collision
233,-2.692115306854248,-4.337575435638428,-0.00025137202464975417,0.0006816894165240228,0.0006620963104069233,0.0,-3.0,collision
234,-2.6917884349823,-4.336593151092529,-0.0002460851101204753,0.032351765781641006,0.03235134482383728,1.0,3.0,collision
235,-2.691457986831665,-4.335590362548828,-0.0002461163676343858,0.032994743436574936,0.032994743436574936,1.0,3.0,collision
236,-2.6914522647857666,-4.335569858551025,-0.0002513093932066113,0.0006847410695627332,0.0006652329466305673,0.0,3.0,collision
237,-2.6911325454711914,-4.334585666656494,-0.0002460239629726857,0.032338570803403854,0.03233814984560013,1.0,3.0,collision
238,-2.691127061843872,-4.334565162658691,-0.0002509496989659965,0.0006808964535593987,0.0006632690201513469,0.0,3.0,collision
239,-2.6908113956451416,-4.3335795402526855,-0.00024571086396463215,0.03234222158789635,0.032341811805963516,1.0,-3.0,collision
240,-2.6904876232147217,-4.332574367523193,-0.00024582602782174945,0.03300095722079277,0.03300095722079277,1.0,3.0,collision
241,-2.6901655197143555,-4.331568717956543,-0.0002461842668708414,0.032999198883771896,0.0329991951584816,1.0,-3.0,collision
242,-2.6898412704467773,-4.330564022064209,-0.0002464989374857396,0.03299134597182274,0.03299134597182274,1.0,0.0,collision
243,-2.6895172595977783,-4.329558849334717,-0.0002467527810949832,0.033003244549036026,0.03300324082374573,1.0,3.0,collision
244,-2.689511775970459,-4.329538345336914,-0.000251832912908867,0.000682003446854651,0.0006632690201513469,0.0,3.0,collision
245,-2.68951153755188,-4.329538345336914,-0.0002513173094484955,1.775182317942381e-05,7.450580142176477e-06,0.0,-3.0,collision
246,-2.6891963481903076,-4.328552722930908,-0.0002457413065712899,0.032337736338377,0.03233726695179939,1.0,3.0,collision
247,-2.688877582550049,-4.327546119689941,-0.0002458261151332408,0.03299593925476074,0.03299593925476074,1.0,3.0,collision
248,-2.6885604858398438,-4.326538562774658,-0.00024618295719847083,0.03300865739583969,0.03300865739583969,1.0,-3.0,collision
249,-2.688554286956787,-4.326518535614014,-0.00025137432385236025,0.0006749302265234292,0.0006551428814418614,0.0,-3.0,collision
250,-2.688239097595215,-4.325532913208008,-0.0002460871764924377,0.03233769163489342,0.03233726695179939,1.0,3.0,collision
251,-2.687920331954956,-4.324525833129883,-0.0002461181429680437,0.03301014378666878,0.03301014378666878,1.0,3.0,collision
252,-2.6876039505004883,-4.3235182762146,-0.00024642798234708607,0.03300195559859276,0.03300195187330246,1.0,3.0,collision
253,-2.687288999557495,-4.322510242462158,-0.0002466788864694536,0.033002812415361404,0.033002812415361404,1.0,-3.0,collision
254,-2.6869723796844482,-4.321503162384033,-0.00024690068676136434,0.032989971339702606,0.032989971339702606,1.0,3.0,collision
255,-2.6869664192199707,-4.321483135223389,-0.00025194010231643915,0.0006717005162499845,0.0006529786041937768,0.0,-3.0,collision
256,-2.6866557598114014,-4.32049560546875,-0.0002465400903020054,0.03235172480344772,0.032351285219192505,1.0,3.0,collision
257,-2.686649799346924,-4.3204755783081055,-0.00025135205942206085,0.0006700697122141719,0.0006529786041937768,0.0,-3.0,collision
258,-2.686650037765503,-4.3204755783081055,-0.000250927172601223,1.5225269635266159e-05,7.450580142176477e-06,0.0,-3.0,collision
259,-2.6863365173339844,-4.319489479064941,-0.00024541703169234097,0.03233608230948448,0.03233562037348747,1.0,-3.0,collision
260,-2.686014175415039,-4.318483829498291,-0.00024556685821153224,0.03300146758556366,0.03300146758556366,1.0,-3.0,collision
261,-2.6856894493103027,-4.317479133605957,-0.00024598604068160057,0.032995931804180145,0.03299592807888985,1.0,-3.0,collision
262,-2.6853623390197754,-4.316474914550781,-0.00024633610155433416,0.033004749566316605,0.033004749566316605,1.0,-3.0,collision
263,-2.6850335597991943,-4.315471172332764,-0.00024662649957463145,0.033006779849529266,0.03300677612423897,1.0,3.0,collision
264,-2.6847071647644043,-4.314466953277588,-0.000246844079811126,0.03299783542752266,0.03299783170223236,1.0,0.0,collision
265,-2.6847002506256104,-4.314446926116943,-0.00025189993903040886,0.0006806864985264838,0.0006620963104069233,0.0,-3.0,collision
266,-2.684377431869507,-4.3134636878967285,-0.00024649687111377716,0.03234033286571503,0.03233988583087921,1.0,-3.0,collision
267,-2.6840455532073975,-4.3124613761901855,-0.0002464456483721733,0.03299461305141449,0.03299461305141449,1.0,-3.0,collision
268,-2.683711528778076,-4.311459541320801,-0.0002466898295097053,0.0330016165971756,0.0330016165971756,1.0,-3.0,collision
269,-2.683375358581543,-4.310458660125732,-0.0002468991733621806,0.03299463540315628,0.03299463540315628,1.0,-3.0,collision
270,-2.6830365657806396,-4.309458255767822,-0.00024706742260605097,0.0330067053437233,0.0330067053437233,1.0,-3.0,collision
271,-2.6826958656311035,-4.3084588050842285,-0.0002472020569257438,0.03299766778945923,0.03299766406416893,1.0,-3.0,collision
272,-2.6823537349700928,-4.307459831237793,-0.0002473187923897058,0.032998017966747284,0.032998014241456985,1.0,3.0,collision
273,-2.682013750076294,-4.306459903717041,-0.0002474022621754557,0.03300456702709198,0.03300456702709198,1.0,3.0,collision
274,-2.682013511657715,-4.306459426879883,-0.00025244217249564826,0.00015837587125133723,1.6660003893775865e-05,0.0,0.0,collision
275,-2.681682586669922,-4.305479049682617,-0.0002468448656145483,0.0323355495929718,0.0323350764811039,1.0,3.0,collision
276,-2.6816768646240234,-4.305459022521973,-0.0002516019740141928,0.0006676531629636884,0.0006508924998342991,0.0,3.0,collision
277,-2.681349992752075,-4.304476737976074,-0.0002462324919179082,0.0323517806828022,0.03235134482383728,1.0,-3.0,collision
278,-2.6810150146484375,-4.303475379943848,-0.00024624314391985536,0.032996926456689835,0.032996926456689835,1.0,3.0,collision
279,-2.680682420730591,-4.302473068237305,-0.00024652795400470495,0.033001650124788284,0.033001646399497986,1.0,3.0,collision
280,-2.68068265914917,-4.3024725914001465,-0.0002517426328267902,0.00016380810120608658,1.6660003893775865e-05,0.0,0.0,collision
281,-2.680682420730591,-4.302473068237305,-0.0002511589846108109,2.470257277309429e-05,1.6660003893775865e-05,0.0,-3.0,collision
282,-2.680356502532959,-4.301490783691406,-0.00024561071768403053,0.03234240785241127,0.03234194591641426,1.0,3.0,collision
283,-2.680025815963745,-4.300487518310547,-0.00024571112589910626,0.03301122784614563,0.03301122412085533,1.0,-3.0,collision
284,-2.6796929836273193,-4.299485206604004,-0.00024610580294393003,0.033003997057676315,0.033003997057676315,1.0,0.0,collision
285,-2.6796865463256836,-4.299465656280518,-0.000251309247687459,0.000663449929561466,0.0006432142108678818,0.0,-3.0,collision
286,-2.6793575286865234,-4.2984843254089355,-0.0002460240211803466,0.032344743609428406,0.03234432265162468,1.0,-3.0,collision
287,-2.6790194511413574,-4.297483921051025,-0.00024606732768006623,0.03299954533576965,0.03299954533576965,1.0,-3.0,collision
288,-2.679018974304199,-4.297483444213867,-0.00025137062766589224,0.00016706256428733468,2.1073423340567388e-05,0.0,0.0,collision
289,-2.6786859035491943,-4.296504020690918,-0.0002459871466271579,0.032328806817531586,0.032328370958566666,1.0,3.0,collision
290,-2.6786797046661377,-4.296483516693115,-0.0002509160549379885,0.0006868847412988544,0.0006693922332488,0.0,3.0,collision
291,-2.6783506870269775,-4.295502662658691,-0.00024568376829847693,0.03233060613274574,0.032330192625522614,1.0,-3.0,collision
292,-2.6783437728881836,-4.295482635498047,-0.0002506764139980078,0.0006802307325415313,0.0006620963104069233,0.0,-3.0,collision
293,-2.6780099868774414,-4.294503211975098,-0.00024550347006879747,0.032335978001356125,0.03233557194471359,1.0,-3.0,collision
294,-2.6776671409606934,-4.293504238128662,-0.0002456505026202649,0.03300526738166809,0.03300526738166809,1.0,-3.0,collision
295,-2.6773221492767334,-4.292506217956543,-0.00024605399812571704,0.03299893066287041,0.03299892693758011,1.0,-3.0,collision
296,-2.677314519882202,-4.292486190795898,-0.00025127260596491396,0.0006892936071380973,0.0006697238422930241,0.0,-3.0,collision
297,-2.6769723892211914,-4.29150915145874,-0.00024600434699095786,0.03235072270035744,0.03235030174255371,1.0,3.0,collision
298,-2.676625967025757,-4.290511608123779,-0.0002460474206600338,0.03299948200583458,0.03299948200583458,1.0,0.0,collision
299,-2.676618814468384,-4.290492057800293,-0.00025124847888946533,0.0006705474806949496,0.0006505512865260243,0.0,-3.0,collision
300,-2.6766183376312256,-4.290492057800293,-0.0002508600300643593,1.9219794921809807e-05,1.4901160284352954e-05,0.0,-3.0,collision
301,-2.676273822784424,-4.289515972137451,-0.0002453644119668752,0.03234735503792763,0.03234689682722092,1.0,-3.0,collision
302,-2.6759207248687744,-4.288520812988281,-0.00024553522234782577,0.032998282462358475,0.032998278737068176,1.0,3.0,collision
303,-2.675569772720337,-4.287524700164795,-0.0002459609822835773,0.033004030585289,0.0330040268599987,1.0,3.0,collision
304,-2.6755635738372803,-4.28750467300415,-0.0002511990023776889,0.0006752820918336511,0.0006551428814418614,0.0,3.0,collision
305,-2.6752233505249023,-4.286527156829834,-0.0002459250099491328,0.03234514594078064,0.03234472498297691,1.0,-3.0,collision
306,-2.6752171516418457,-4.2865071296691895,-0.0002508815086912364,0.0006732037290930748,0.0006551428814418614,0.0,3.0,collision
307,-2.675217390060425,-4.2865071296691895,-0.0002505518787074834,1.2713002433883958e-05,7.450580142176477e-06,0.0,3.0,collision
308,-2.6752169132232666,-4.286507606506348,-0.0002499928814359009,2.7372310796636157e-05,2.1073423340567388e-05,0.0,-3.0,collision
309,-2.6752169132232666,-4.286507606506348,-0.00024954628315754235,1.3956195289210882e-05,0.0,0.0,0.0,collision
310,-2.6752171516418457,-4.2865071296691895,-0.00024918984854593873,2.0040552044520155e-05,1.6660003893775865e-05,0.0,3.0,collision
311,-2.6748788356781006,-4.285529136657715,-0.00024400297843385488,0.0323396697640419,0.03233926370739937,1.0,-3.0,collision
312,-2.674532175064087,-4.284531593322754,-0.000244445342104882,0.03300192952156067,0.03300192579627037,1.0,3.0,collision
313,-2.674187660217285,-4.283533573150635,-0.00024508943897672,0.032994065433740616,0.03299406170845032,1.0,3.0,collision
314,-2.6741809844970703,-4.28351354598999,-0.0002504918666090816,0.0006809622282162309,0.000659702520351857,0.0,-3.0,collision
315,-2.673842668533325,-4.282535552978516,-0.0002453688357491046,0.032339662313461304,0.03233926370739937,1.0,-3.0,collision
316,-2.673494815826416,-4.281538486480713,-0.0002455431967973709,0.03300010412931442,0.03300010412931442,1.0,-3.0,collision
317,-2.6731455326080322,-4.280541896820068,-0.00024597792071290314,0.033000797033309937,0.03300079330801964,1.0,3.0,collision
318,-2.6731386184692383,-4.280522346496582,-0.00025120232021436095,0.0006682787206955254,0.0006480291485786438,0.0,-3.0,collision
319,-2.672795295715332,-4.279545783996582,-0.00024593790294602513,0.03234899789094925,0.032348573207855225,1.0,-3.0,collision
320,-2.672443389892578,-4.278550148010254,-0.00024600850883871317,0.03299988806247711,0.03299988806247711,1.0,3.0,collision
321,-2.672443151473999,-4.278550148010254,-0.0002513139334041625,0.00016596182831563056,7.450580142176477e-06,0.0,0.0,collision
322,-2.67244291305542,-4.278550148010254,-0.0002508156467229128,1.726213849906344e-05,7.450580142176477e-06,0.0,-3.0,collision
323,-2.6720972061157227,-4.27757453918457,-0.0002453245688229799,0.0323457270860672,0.03234527260065079,1.0,-3.0,collision
324,-2.6720900535583496,-4.277554988861084,-0.0002503753930795938,0.0006694250041618943,0.0006505512865260243,0.0,-3.0,collision
325,-2.6717395782470703,-4.276581287384033,-0.00024526193737983704,0.03233965113759041,0.03233925625681877,1.0,-3.0,collision
326,-2.671731948852539,-4.276561260223389,-0.00025033968267962337,0.0006882653688080609,0.0006697238422930241,0.0,-3.0,collision
327,-2.6713767051696777,-4.275589466094971,-0.0002452342305332422,0.03233443200588226,0.032334037125110626,1.0,-3.0,collision
328,-2.671369791030884,-4.275569438934326,-0.00025032879784703255,0.0006809683400206268,0.0006620963104069233,0.0,3.0,collision
329,-2.6710145473480225,-4.274597644805908,-0.00024521470186300576,0.03233443573117256,0.032334037125110626,1.0,-3.0,collision
330,-2.670649766921997,-4.273606300354004,-0.0002454194473102689,0.033010244369506836,0.033010244369506836,1.0,-3.0,collision
331,-2.670283555984497,-4.272615909576416,-0.0002458786475472152,0.03299775719642639,0.03299775347113609,1.0,3.0,collision
332,-2.670275926589966,-4.27259635925293,-0.0002511227212380618,0.0006759852985851467,0.0006558204186148942,0.0,-3.0,collision
333,-2.669909715652466,-4.271605968475342,-0.0002457838854752481,0.03299817442893982,0.03299775347113609,1.0,0.0,collision
334,-2.6699020862579346,-4.2715864181518555,-0.0002508450415916741,0.0006746223079971969,0.0006558204186148942,0.0,-3.0,collision
335,-2.6695404052734375,-4.270615577697754,-0.00024564791237935424,0.032376132905483246,0.032375726848840714,1.0,3.0,collision
336,-2.6691746711730957,-4.269624710083008,-0.0002457707014400512,0.033006567507982254,0.033006567507982254,1.0,3.0,collision
337,-2.668811321258545,-4.2686333656311035,-0.0002461500989738852,0.0329948365688324,0.0329948328435421,1.0,3.0,collision
338,-2.6684494018554688,-4.267641067504883,-0.00024645679513923824,0.03300747647881508,0.03300747647881508,1.0,-3.0,collision
339,-2.668085813522339,-4.2666497230529785,-0.000246723007876426,0.03299739956855774,0.03299739584326744,1.0,3.0,collision
340,-2.667724370956421,-4.265657424926758,-0.00024692132137715816,0.03300236910581589,0.03300236910581589,1.0,0.0,collision
341,-2.667362928390503,-4.264665126800537,-0.00024709038552828133,0.03300236910581589,0.03300236910581589,1.0,3.0,collision
342,-2.667003870010376,-4.263672351837158,-0.00024722033413127065,0.0329909585416317,0.0329909585416317,1.0,3.0,collision
343,-2.666997194290161,-4.263652801513672,-0.0002521960996091366,0.0006640449282713234,0.0006455832626670599,0.0,-3.0,collision
344,-2.6669974327087402,-4.263652801513672,-0.0002516165259294212,1.9584278561524116e-05,7.450580142176477e-06,0.0,-3.0,collision
345,-2.666642189025879,-4.262680530548096,-0.0002459692186675966,0.03234851732850075,0.03234803304076195,1.0,-3.0,collision
346,-2.666278123855591,-4.261689186096191,-0.00024601907352916896,0.03300253301858902,0.03300252929329872,1.0,3.0,collision
347,-2.6662709712982178,-4.261669635772705,-0.0002512206556275487,0.0006705514970235527,0.0006505512865260243,0.0,-3.0,collision
348,-2.6662709712982178,-4.261669635772705,-0.00025083639775402844,1.200805763801327e-05,0.0,0.0,-3.0,collision
349,-2.6659116744995117,-4.260699272155762,-0.00024535678676329553,0.0323362722992897,0.03233581781387329,1.0,3.0,collision
350,-2.6655471324920654,-4.259707927703857,-0.00024550833040848374,0.0330076739192009,0.0330076701939106,1.0,-3.0,collision
351,-2.6655399799346924,-4.259688377380371,-0.0002508206234779209,0.0006713985349051654,0.0006505512865260243,0.0,-3.0,collision
352,-2.6655404567718506,-4.259687900543213,-0.00025052824639715254,2.296889215358533e-05,2.1073423340567388e-05,0.0,3.0,collision
353,-2.6651809215545654,-4.2587175369262695,-0.0002451003820169717,0.03233885020017624,0.03233840689063072,1.0,3.0,collision
354,-2.6651744842529297,-4.258697509765625,-0.00025019669556058943,0.0006764007266610861,0.000657384458463639,0.0,3.0,collision
355,-2.665174961090088,-4.258697509765625,-0.00025000335881486535,1.6079417036962695e-05,1.4901160284352954e-05,0.0,3.0,collision
356,-2.6648216247558594,-4.257724761962891,-0.0002446681319270283,0.03234206140041351,0.03234163299202919,1.0,-3.0,collision
357,-2.664459705352783,-4.25673246383667,-0.00024497811682522297,0.03300747647881508,0.03300747647881508,1.0,3.0,collision
358,-2.66409969329834,-4.255739688873291,-0.00024551566457375884,0.033001113682985306,0.03300110623240471,1.0,3.0,collision
359,-2.6637423038482666,-4.254745960235596,-0.0002459599345456809,0.03300129994750023,0.03300129622220993,1.0,3.0,collision
360,-2.663736343383789,-4.254725933074951,-0.00025119923520833254,0.0006731924368068576,0.0006529786041937768,0.0,3.0,collision
361,-2.6633894443511963,-4.253750801086426,-0.0002459248062223196,0.03234411031007767,0.03234369307756424,1.0,-3.0,collision
362,-2.6630334854125977,-4.252756595611572,-0.0002459927345626056,0.03300022333860397,0.03300022333860397,1.0,0.0,collision
363,-2.663027048110962,-4.252736568450928,-0.00025121658109128475,0.0006773502100259066,0.000657384458463639,0.0,3.0,collision
364,-2.6626806259155273,-4.251760959625244,-0.0002459495735820383,0.03235316276550293,0.0323527455329895,1.0,3.0,collision
365,-2.662329912185669,-4.250765323638916,-0.00024600676260888577,0.03298749402165413,0.03298749402165413,1.0,3.0,collision
366,-2.6619815826416016,-4.249768257141113,-0.0002463387791067362,0.033005014061927795,0.033005014061927795,1.0,3.0,collision
367,-2.661634683609009,-4.248770713806152,-0.0002466075820848346,0.03300437703728676,0.03300437331199646,1.0,-3.0,collision
368,-2.661628007888794,-4.248750686645508,-0.00025171454763039947,0.0006787320598959923,0.000659702520351857,0.0,-3.0,collision
369,-2.6612837314605713,-4.247775077819824,-0.0002463599666953087,0.03233079984784126,0.03233036771416664,1.0,3.0,collision
370,-2.6609346866607666,-4.2467780113220215,-0.00024632527492940426,0.03301239386200905,0.03301239386200905,1.0,-3.0,collision
371,-2.660583019256592,-4.245782375335693,-0.00024659253540448844,0.032997407019138336,0.032997407019138336,1.0,-3.0,collision
372,-2.660229206085205,-4.244787693023682,-0.00024682091316208243,0.03299172222614288,0.03299172222614288,1.0,-3.0,collision
373,-2.6598737239837646,-4.24379301071167,-0.00024701430811546743,0.03300923481583595,0.03300923481583595,1.0,3.0,collision
374,-2.659519910812378,-4.242798328399658,-0.0002471494663041085,0.03299172222614288,0.03299172222614288,1.0,-3.0,collision
375,-2.6591639518737793,-4.241804122924805,-0.00024726675474084914,0.03300022333860397,0.03300022333860397,1.0,-3.0,collision
376,-2.658806085586548,-4.240810394287109,-0.00024737080093473196,0.033006343990564346,0.033006343990564346,1.0,3.0,collision
377,-2.658450126647949,-4.239816188812256,-0.0002474346256349236,0.03300022333860397,0.03300022333860397,1.0,-3.0,collision
378,-2.658092498779297,-4.2388224601745605,-0.00024750473676249385,0.03300381824374199,0.03300381824374199,1.0,3.0,collision
379,-2.6577372550964355,-4.237828254699707,-0.000247551390202716,0.03299269825220108,0.03299269825220108,1.0,3.0,collision
380,-2.657383918762207,-4.236833095550537,-0.00024758331710472703,0.033000774681568146,0.033000774681568146,1.0,0.0,collision
381,-2.6570303440093994,-4.235837936401367,-0.00024760927772149444,0.03300326690077782,0.03300326690077782,1.0,-3.0,collision
382,-2.656675100326538,-4.2348432540893555,-0.0002476447552908212,0.03300672769546509,0.03300672769546509,1.0,3.0,collision
383,-2.6563215255737305,-4.233848571777344,-0.0002476534864399582,0.032989226281642914,0.032989222556352615,1.0,-3.0,collision
384,-2.655966281890869,-4.232853889465332,-0.00024767988361418247,0.03300672769546509,0.03300672769546509,1.0,3.0,collision
385,-2.6556131839752197,-4.231858730316162,-0.000247691641561687,0.032998282462358475,0.032998278737068176,1.0,3.0,collision
386,-2.6552627086639404,-4.230862617492676,-0.00024770080926828086,0.032999079674482346,0.032999079674482346,1.0,3.0,collision
387,-2.6549136638641357,-4.229866027832031,-0.0002476976369507611,0.032998327165842056,0.032998327165842056,1.0,-3.0,collision
388,-2.6549136638641357,-4.229865550994873,-0.0002526879543438554,0.00015665771206840873,1.4901160284352954e-05,0.0,0.0,collision
389,-2.654569625854492,-4.228889465332031,-0.00024704221868887544,0.032342422753572464,0.03234194219112396,1.0,3.0,collision
390,-2.6545636653900146,-4.228869438171387,-0.0002517598040867597,0.0006694140029139817,0.0006529786041937768,0.0,3.0,collision
391,-2.6542234420776367,-4.22789192199707,-0.00024635877343825996,0.03234516456723213,0.03234472498297691,1.0,-3.0,collision
392,-2.6538748741149902,-4.226895332336426,-0.0002463441633153707,0.03299340605735779,0.03299340605735779,1.0,3.0,collision
393,-2.6535279750823975,-4.225897789001465,-0.00024659864720888436,0.03300437703728676,0.03300437331199646,1.0,-3.0,collision
394,-2.653179407119751,-4.22490119934082,-0.0002468356105964631,0.03299340605735779,0.03299340605735779,1.0,3.0,collision
395,-2.6531732082366943,-4.224880695343018,-0.0002518992405384779,0.0006878410931676626,0.0006693922332488,0.0,3.0,collision
396,-2.6531736850738525,-4.224880695343018,-0.00025138043565675616,2.2020323740434833e-05,1.4901160284352954e-05,0.0,3.0,collision
397,-2.6528384685516357,-4.223901748657227,-0.00024578181910328567,0.03233639895915985,0.03233592212200165,1.0,3.0,collision
398,-2.652499198913574,-4.222901821136475,-0.0002458580129314214,0.03299738094210625,0.03299738094210625,1.0,3.0,collision
399,-2.6524927616119385,-4.22288179397583,-0.0002510913473088294,0.0006774216890335083,0.000657384458463639,0.0,-3.0,collision
400,-2.6524930000305176,-4.22288179397583,-0.00025073261349461973,1.3460494301398285e-05,7.450580142176477e-06,0.0,-3.0,collision
401,-2.6521570682525635,-4.221902847290039,-0.00024526205379515886,0.03234362229704857,0.032343167811632156,1.0,-3.0,collision
402,-2.651812791824341,-4.220904350280762,-0.00024545349879190326,0.033005718141794205,0.033005718141794205,1.0,3.0,collision
403,-2.6518068313598633,-4.220884323120117,-0.0002507791796233505,0.0006738540250808001,0.0006529786041937768,0.0,3.0,collision
404,-2.6514670848846436,-4.219884872436523,-0.00024549756199121475,0.032988473773002625,0.032988060265779495,1.0,0.0,collision
405,-2.6511266231536865,-4.2188849449157715,-0.00024573312839493155,0.0330093652009964,0.0330093652009964,1.0,-3.0,collision
406,-2.6507840156555176,-4.217885971069336,-0.0002461235271766782,0.03300284966826439,0.03300284594297409,1.0,-3.0,collision
407,-2.6504390239715576,-4.216887950897217,-0.000246446201344952,0.03299892693758011,0.03299892693758011,1.0,-3.0,collision
408,-2.650092363357544,-4.215890407562256,-0.000246714596869424,0.03300192579627037,0.03300192579627037,1.0,3.0,collision
409,-2.649747371673584,-4.214892387390137,-0.0002469098544679582,0.03299892693758011,0.03299892693758011,1.0,-3.0,collision
410,-2.6494009494781494,-4.213894844055176,-0.0002470850304234773,0.03299948200583458,0.03299948200583458,1.0,3.0,collision
411,-2.6494007110595703,-4.213894844055176,-0.00025218905648216605,0.00015967471699696034,7.450580142176477e-06,0.0,0.0,collision
412,-2.649062395095825,-4.212916851043701,-0.00024663141812197864,0.032339729368686676,0.03233926370739937,1.0,-3.0,collision
413,-2.649055242538452,-4.212896823883057,-0.0002514307852834463,0.0006812787614762783,0.0006645650137215853,0.0,-3.0,collision
414,-2.649054765701294,-4.212896823883057,-0.00025099198683165014,2.0250330635462888e-05,1.4901160284352954e-05,0.0,-3.0,collision
415,-2.648709774017334,-4.211921215057373,-0.00024546938948333263,0.03233827278017998,0.03233781084418297,1.0,-3.0,collision
416,-2.6483559608459473,-4.210926532745361,-0.0002456190704833716,0.03299172222614288,0.03299172222614288,1.0,3.0,collision
417,-2.6483559608459473,-4.210926055908203,-0.0002510018239263445,0.00016886976663954556,1.4901160284352954e-05,0.0,0.0,collision
418,-2.648010730743408,-4.2099504470825195,-0.0002456807706039399,0.032340724021196365,0.03234029933810234,1.0,-3.0,collision
419,-2.647656202316284,-4.208955764770508,-0.00024578862939961255,0.03299922123551369,0.03299921751022339,1.0,-3.0,collision
420,-2.647299289703369,-4.207961559295654,-0.00024616418522782624,0.03301028162240982,0.03301028162240982,1.0,-3.0,collision
421,-2.6469411849975586,-4.206968307495117,-0.0002464882272761315,0.03299485146999359,0.03299485146999359,1.0,3.0,collision
422,-2.6469335556030273,-4.206948757171631,-0.00025161055964417756,0.0006750730681233108,0.0006558204186148942,0.0,-3.0,collision
423,-2.6469337940216064,-4.206948757171631,-0.00025116029428318143,1.5921630620141514e-05,7.450580142176477e-06,0.0,3.0,collision
424,-2.6465837955474854,-4.205974578857422,-0.00024559529265388846,0.03234870359301567,0.03234823793172836,1.0,-3.0,collision
425,-2.6462244987487793,-4.204981803894043,-0.0002457096124999225,0.03299349546432495,0.03299349173903465,1.0,-3.0,collision
426,-2.6458630561828613,-4.203989505767822,-0.0002461005060467869,0.03300236910581589,0.03300236910581589,1.0,-3.0,collision
427,-2.6454992294311523,-4.202998161315918,-0.0002464278950355947,0.03299996629357338,0.03299996629357338,1.0,-3.0,collision
428,-2.6451339721679688,-4.202007293701172,-0.00024669975391589105,0.03300141543149948,0.03300141170620918,1.0,3.0,collision
429,-2.644771099090576,-4.201015472412109,-0.0002469073224347085,0.03300370275974274,0.03300370275974274,1.0,3.0,collision
430,-2.6444106101989746,-4.200023174285889,-0.0002470731851644814,0.032992180436849594,0.032992180436849594,1.0,3.0,collision
431,-2.644052505493164,-4.199029445648193,-0.0002472060441505164,0.033008869737386703,0.033008869737386703,1.0,3.0,collision
432,-2.6436960697174072,-4.198035717010498,-0.00024730205768719316,0.03299122303724289,0.03299122303724289,1.0,-3.0,collision
433,-2.6433372497558594,-4.197042465209961,-0.00024738837964832783,0.03300243988633156,0.03300243616104126,1.0,-3.0,collision
434,-2.6433305740356445,-4.197022438049316,-0.00025235096109099686,0.0006776853115297854,0.000659702520351857,0.0,3.0,collision
435,-2.6433305740356445,-4.197022438049316,-0.00025174178881570697,1.903663360280916e-05,0.0,0.0,3.0,collision
436,-2.6429808139801025,-4.196048259735107,-0.0002460599644109607,0.0323462039232254,0.0323457196354866,1.0,-3.0,collision
437,-2.642622232437134,-4.19505500793457,-0.0002460911055095494,0.032999906688928604,0.032999906688928604,1.0,3.0,collision
438,-2.642266035079956,-4.194061279296875,-0.0002464055141899735,0.03298870846629143,0.03298870846629143,1.0,3.0,collision
439,-2.641911506652832,-4.193066120147705,-0.0002466611913405359,0.03301325440406799,0.03301325440406799,1.0,-3.0,collision
440,-2.641555070877075,-4.19207239151001,-0.00024688104167580605,0.03299122303724289,0.03299122303724289,1.0,0.0,collision
441,-2.641547679901123,-4.192052364349365,-0.00025192988687194884,0.0006855116225779057,0.000667107873596251,0.0,-3.0,collision
442,-2.64119553565979,-4.191079616546631,-0.0002465207071509212,0.03232937306165695,0.03232893347740173,1.0,-3.0,collision
443,-2.640833616256714,-4.19008731842041,-0.0002464646240696311,0.03300747647881508,0.03300747647881508,1.0,-3.0,collision
444,-2.640469551086426,-4.189095973968506,-0.00024670499260537326,0.03300253301858902,0.03300252929329872,1.0,-3.0,collision
445,-2.640104055404663,-4.188105583190918,-0.0002469207101967186,0.03299000859260559,0.03299000859260559,1.0,3.0,collision
446,-2.6397407054901123,-4.1871137619018555,-0.00024708412820473313,0.03300882503390312,0.03300882503390312,1.0,3.0,collision
447,-2.6393792629241943,-4.186121463775635,-0.00024720479268580675,0.03300236910581589,0.03300236910581589,1.0,-3.0,collision
448,-2.6393725872039795,-4.186101913452148,-0.0002522038121242076,0.0006642154767177999,0.0006455832626670599,0.0,3.0,collision
449,-2.6393725872039795,-4.186101913452148,-0.00025162400561384857,1.8118953448720276e-05,0.0,0.0,3.0,collision
450,-2.6390209197998047,-4.185128211975098,-0.0002459764655213803,0.032352373003959656,0.032351892441511154,1.0,3.0,collision
451,-2.6386642456054688,-4.184134483337402,-0.00024600341566838324,0.03299374133348465,0.03299374133348465,1.0,-3.0,collision
452,-2.638657808303833,-4.184114456176758,-0.0002512280480004847,0.0006773560889996588,0.000657384458463639,0.0,3.0,collision
453,-2.638307809829712,-4.183140277862549,-0.0002459479437675327,0.03234865888953209,0.03234823793172836,1.0,-3.0,collision
454,-2.637949228286743,-4.182147026062012,-0.0002460162795614451,0.032999906688928604,0.032999906688928604,1.0,3.0,collision
455,-2.6375930309295654,-4.181152820587158,-0.00024634646251797676,0.033002737909555435,0.033002737909555435,1.0,3.0,collision
456,-2.6372392177581787,-4.1801581382751465,-0.00024662422947585583,0.03299172222614288,0.03299172222614288,1.0,3.0,collision
457,-2.637232542037964,-4.180138111114502,-0.00025171926245093346,0.0006786444573663175,0.000659702520351857,0.0,-3.0,collision
458,-2.6368846893310547,-4.179163455963135,-0.0002463507989887148,0.032340094447135925,0.032339658588171005,1.0,-3.0,collision
459,-2.636878252029419,-4.17914342880249,-0.0002512223436497152,0.0006747814477421343,0.000657384458463639,0.0,3.0,collision
460,-2.6365301609039307,-4.178168773651123,-0.0002459294628351927,0.032342586666345596,0.03234216570854187,1.0,-3.0,collision
461,-2.6361727714538574,-4.177175045013428,-0.0002459906099829823,0.03300129622220993,0.03300129622220993,1.0,-3.0,collision
462,-2.6361658573150635,-4.177155494689941,-0.0002512188511900604,0.0006683080573566258,0.0006480291485786438,0.0,3.0,collision
463,-2.6361653804779053,-4.177155494689941,-0.0002508305769879371,1.9216347936890088e-05,1.4901160284352954e-05,0.0,0.0,collision
464,-2.635814905166626,-4.176181793212891,-0.0002453364431858063,0.03233971446752548,0.03233925625681877,1.0,-3.0,collision
465,-2.635807991027832,-4.176161766052246,-0.0002503963478375226,0.0006807158933952451,0.0006620963104069233,0.0,3.0,collision
466,-2.63545823097229,-4.175188064575195,-0.000245278439251706,0.03233209252357483,0.032331693917512894,1.0,3.0,collision
467,-2.635103702545166,-4.174192905426025,-0.0002454639470670372,0.03301325440406799,0.03301325440406799,1.0,0.0,collision
468,-2.6350972652435303,-4.174172878265381,-0.00025079320766963065,0.0006781516131013632,0.000657384458463639,0.0,3.0,collision
469,-2.6347525119781494,-4.173197269439697,-0.0002456108632031828,0.032335732132196426,0.03233532980084419,1.0,3.0,collision
470,-2.6344027519226074,-4.172200679779053,-0.0002457256487105042,0.0330057255923748,0.0330057255923748,1.0,-3.0,collision
471,-2.6340513229370117,-4.171205043792725,-0.0002461235271766782,0.03299492970108986,0.03299492597579956,1.0,3.0,collision
472,-2.633702278137207,-4.17020845413208,-0.00024644634686410427,0.032998330891132355,0.032998327165842056,1.0,3.0,collision
473,-2.6333553791046143,-4.169210910797119,-0.00024670499260537326,0.03300437703728676,0.03300437331199646,1.0,3.0,collision
474,-2.6333556175231934,-4.169210433959961,-0.0002518849214538932,0.00016272783977910876,1.6660003893775865e-05,0.0,0.0,collision
475,-2.6333558559417725,-4.169210433959961,-0.0002512726641725749,2.0532519556581974e-05,7.450580142176477e-06,0.0,-3.0,collision
476,-2.633014678955078,-4.168233394622803,-0.0002465978905092925,0.032340798527002335,0.03234046697616577,1.0,-3.0,collision
477,-2.632664918899536,-4.167237281799316,-0.00024652390857227147,0.03299166262149811,0.03299166262149811,1.0,3.0,collision
478,-2.632317066192627,-4.166240215301514,-0.000246741488808766,0.03300010412931442,0.03300010412931442,1.0,-3.0,collision
479,-2.632309675216675,-4.166220664978027,-0.0002518213295843452,0.0006721630343236029,0.0006531486287713051,0.0,-3.0,collision
480,-2.6319637298583984,-4.165245056152344,-0.0002464338904246688,0.03234820067882538,0.03234776109457016,1.0,-3.0,collision
481,-2.6316092014312744,-4.164250373840332,-0.00024640513584017754,0.03299922123551369,0.03299921751022339,1.0,3.0,collision
482,-2.631256341934204,-4.163255214691162,-0.0002466475998517126,0.032995790243148804,0.032995790243148804,1.0,-3.0,collision
483,-2.630901336669922,-4.16226053237915,-0.00024686462711542845,0.03300422430038452,0.03300422057509422,1.0,-3.0,collision
484,-2.6305439472198486,-4.161266803741455,-0.00024703945382498205,0.03300129622220993,0.03300129622220993,1.0,-3.0,collision
485,-2.6301844120025635,-4.160274028778076,-0.000247184099862352,0.032996028661727905,0.032996028661727905,1.0,0.0,collision
486,-2.6298248767852783,-4.159280776977539,-0.00024729096912778914,0.03301003947854042,0.03301003947854042,1.0,-3.0,collision
487,-2.629824161529541,-4.159280776977539,-0.0002523633011151105,0.00016007853264454752,2.235173997178208e-05,0.0,0.0,collision
488,-2.629469394683838,-4.158308982849121,-0.00024677140754647553,0.03232939913868904,0.032328926026821136,1.0,-3.0,collision
489,-2.629105806350708,-4.157317161560059,-0.00024667076650075614,0.033011388033628464,0.033011388033628464,1.0,3.0,collision
490,-2.628744602203369,-4.156324863433838,-0.0002468693710397929,0.03299982100725174,0.03299982100725174,1.0,3.0,collision
491,-2.628385305404663,-4.155332088470459,-0.00024703226517885923,0.03299349546432495,0.03299349173903465,1.0,-3.0,collision
492,-2.6280243396759033,-4.154339790344238,-0.0002471829648129642,0.03299727290868759,0.03299727290868759,1.0,3.0,collision
493,-2.6276655197143555,-4.153346538543701,-0.00024729419965296984,0.03300243988633156,0.03300243616104126,1.0,3.0,collision
494,-2.6276657581329346,-4.153346061706543,-0.0002523558505345136,0.0001590515166753903,1.6660003893775865e-05,0.0,0.0,collision
495,-2.6276659965515137,-4.153346061706543,-0.0002516545937396586,2.3146198145695962e-05,7.450580142176477e-06,0.0,0.0,collision
496,-2.627666473388672,-4.153346061706543,-0.00025088730035349727,2.8230922907823697e-05,1.4901160284352954e-05,0.0,3.0,collision
497,-2.627666711807251,-4.153345584869385,-0.000250257202424109,2.579290230642073e-05,1.6660003893775865e-05,0.0,3.0,collision
498,-2.6273205280303955,-4.152370452880859,-0.00024485663743689656,0.03233664855360985,0.03233620896935463,1.0,-3.0,collision
499,-2.6269657611846924,-4.151375770568848,-0.0002451280306559056,0.033001724630594254,0.033001720905303955,1.0,3.0,collision
500,-2.626612663269043,-4.150380611419678,-0.0002456254151184112,0.03299828618764877,0.032998278737068176,1.0,-3.0,collision
501,-2.626605272293091,-4.150361061096191,-0.00025092900614254177,0.0006738486117683351,0.0006531486287713051,0.0,-3.0,collision
502,-2.62660551071167,-4.150361061096191,-0.00025061561609618366,1.2305387826927472e-05,7.450580142176477e-06,0.0,3.0,collision
503,-2.62660551071167,-4.150361061096191,-0.00025004983763210475,1.7680577002465725e-05,0.0,0.0,0.0,collision
504,-2.626605749130249,-4.150361061096191,-0.0002505026350263506,1.5991601685527712e-05,7.450580142176477e-06,0.0,3.0,collision
505,-2.6262590885162354,-4.149385929107666,-0.0002450570755172521,0.032341644167900085,0.03234119713306427,1.0,-3.0,collision
506,-2.625903844833374,-4.148391246795654,-0.00024528815993107855,0.03300672769546509,0.03300672769546509,1.0,3.0,collision
507,-2.6255500316619873,-4.147396564483643,-0.0002457534719724208,0.03299172595143318,0.03299172222614288,1.0,-3.0,collision
508,-2.625194787979126,-4.146401882171631,-0.0002461595868226141,0.033006731420755386,0.03300672769546509,1.0,3.0,collision
509,-2.6248416900634766,-4.145406723022461,-0.00024647577083669603,0.032998282462358475,0.032998278737068176,1.0,3.0,collision
510,-2.624490737915039,-4.144410610198975,-0.0002467231242917478,0.0330040268599987,0.0330040268599987,1.0,0.0,collision
511,-2.6241400241851807,-4.143414497375488,-0.00024693182785995305,0.033001553267240524,0.033001549541950226,1.0,3.0,collision
512,-2.6237916946411133,-4.142417907714844,-0.0002470934996381402,0.0329909473657608,0.0329909473657608,1.0,3.0,collision
513,-2.6237852573394775,-4.142397880554199,-0.0002520948473829776,0.0006757081719115376,0.000657384458463639,0.0,-3.0,collision
514,-2.623443365097046,-4.141421318054199,-0.00024666267563588917,0.03233422338962555,0.032333776354789734,1.0,3.0,collision
515,-2.6230971813201904,-4.140423774719238,-0.0002465779543854296,0.03299703821539879,0.03299703821539879,1.0,3.0,collision
516,-2.622753381729126,-4.139425277709961,-0.00024679582566022873,0.03300086408853531,0.03300086408853531,1.0,3.0,collision
517,-2.622411012649536,-4.138426303863525,-0.00024697292246855795,0.03300043195486069,0.03300043195486069,1.0,-3.0,collision
518,-2.6224045753479004,-4.138406276702881,-0.0002520064008422196,0.0006759411189705133,0.000657384458463639,0.0,-3.0,collision
519,-2.6220641136169434,-4.1374287605285645,-0.00024658162146806717,0.03234762325882912,0.032347172498703,1.0,-3.0,collision
520,-2.6217141151428223,-4.136432647705078,-0.0002465130528435111,0.03299413248896599,0.03299413248896599,1.0,-3.0,collision
521,-2.6213622093200684,-4.13543701171875,-0.00024674838641658425,0.03299988806247711,0.03299988806247711,1.0,0.0,collision
522,-2.6213619709014893,-4.135436534881592,-0.00025192476459778845,0.0001626174635021016,1.6660003893775865e-05,0.0,0.0,collision
523,-2.621016502380371,-4.134460926055908,-0.0002464202407281846,0.032343242317438126,0.032342784106731415,1.0,-3.0,collision
524,-2.6206624507904053,-4.1334662437438965,-0.0002463899727445096,0.03299421817064285,0.03299421817064285,1.0,3.0,collision
525,-2.6203107833862305,-4.132470607757568,-0.0002466450387146324,0.032997407019138336,0.032997407019138336,1.0,3.0,collision
526,-2.620304584503174,-4.132450103759766,-0.00025174580514431,0.0006881089648231864,0.0006693922332488,0.0,3.0,collision
527,-2.620304822921753,-4.132450103759766,-0.000251252407906577,1.7124435544246808e-05,7.450580142176477e-06,0.0,0.0,collision
528,-2.6199636459350586,-4.131473064422607,-0.0002456736983731389,0.03234093636274338,0.03234046697616577,1.0,-3.0,collision
529,-2.6199564933776855,-4.131453514099121,-0.00025065444060601294,0.0006689120782539248,0.0006505512865260243,0.0,-3.0,collision
530,-2.6196115016937256,-4.1304779052734375,-0.0002454962523188442,0.0323382131755352,0.03233781084418297,1.0,3.0,collision
531,-2.6192615032196045,-4.129481315612793,-0.00024563391343690455,0.03300819173455238,0.03300819173455238,1.0,-3.0,collision
532,-2.6192543506622314,-4.129461765289307,-0.00025092181749641895,0.0006712105241604149,0.0006505512865260243,0.0,-3.0,collision
533,-2.6192545890808105,-4.129461288452148,-0.0002506091841496527,1.9313325537950732e-05,1.6660003893775865e-05,0.0,3.0,collision
534,-2.618908643722534,-4.128486156463623,-0.00024515431141480803,0.032334163784980774,0.03233371675014496,1.0,-3.0,collision
535,-2.618553876876831,-4.127491474151611,-0.0002453617053106427,0.033001720905303955,0.033001720905303955,1.0,0.0,collision
536,-2.618199348449707,-4.1264967918396,-0.0002458277449477464,0.03299922123551369,0.03299921751022339,1.0,3.0,collision
537,-2.617847442626953,-4.1255011558532715,-0.00024620944168418646,0.03299989178776741,0.03299988806247711,1.0,3.0,collision
538,-2.617840528488159,-4.125481605529785,-0.0002513878862373531,0.0006679293583147228,0.0006480291485786438,0.0,-3.0,collision
539,-2.61749529838562,-4.124505519866943,-0.0002460973628330976,0.03235476836562157,0.03235434368252754,1.0,3.0,collision
540,-2.61714506149292,-4.123509407043457,-0.00024611520348116755,0.03299660608172417,0.03299660608172417,1.0,-3.0,collision
541,-2.6167924404144287,-4.122514247894287,-0.0002464245189912617,0.03299330174922943,0.03299330174922943,1.0,-3.0,collision
542,-2.6167852878570557,-4.122494220733643,-0.000251568213570863,0.000683728139847517,0.0006645650137215853,0.0,-3.0,collision
543,-2.6164348125457764,-4.121520519256592,-0.0002462315605953336,0.03233968839049339,0.03233925625681877,1.0,-3.0,collision
544,-2.616074800491333,-4.120527744293213,-0.0002462334814481437,0.03300110623240471,0.03300110623240471,1.0,-3.0,collision
545,-2.615713357925415,-4.119535446166992,-0.0002465298166498542,0.03300236910581589,0.03300236910581589,1.0,3.0,collision
546,-2.615354299545288,-4.118542671203613,-0.00024677091278135777,0.0329909585416317,0.0329909585416317,1.0,3.0,collision
547,-2.615354299545288,-4.118542194366455,-0.0002519375120755285,0.0001621423871256411,1.4901160284352954e-05,0.0,0.0,collision
548,-2.615354537963867,-4.118542194366455,-0.00025132528389804065,2.053167190751992e-05,7.450580142176477e-06,0.0,3.0,collision
549,-2.6150062084198,-4.117567539215088,-0.0002457228838466108,0.03234514594078064,0.032344672828912735,1.0,-3.0,collision
550,-2.6146483421325684,-4.116573810577393,-0.0002458111848682165,0.033006343990564346,0.033006343990564346,1.0,-3.0,collision
551,-2.614288091659546,-4.115581512451172,-0.0002461815602146089,0.03298963978886604,0.032989636063575745,1.0,-3.0,collision
552,-2.613926410675049,-4.114589214324951,-0.00024650213890708983,0.033004920929670334,0.033004920929670334,1.0,3.0,collision
553,-2.6135671138763428,-4.113596439361572,-0.00024674946325831115,0.03299349546432495,0.03299349173903465,1.0,3.0,collision
554,-2.6132102012634277,-4.112602233886719,-0.0002469470782671124,0.03301028162240982,0.03301028162240982,1.0,3.0,collision
555,-2.6128554344177246,-4.111607551574707,-0.00024710531579330564,0.033001720905303955,0.033001720905303955,1.0,3.0,collision
556,-2.6125030517578125,-4.110612392425537,-0.00024723203387111425,0.03299081325531006,0.03299081325531006,1.0,3.0,collision
557,-2.6121530532836914,-4.109615802764893,-0.00024733348982408643,0.03300819173455238,0.03300819173455238,1.0,3.0,collision
558,-2.612147331237793,-4.109595775604248,-0.00025229741004295647,0.000669121858663857,0.0006508924998342991,0.0,3.0,collision
559,-2.6118083000183105,-4.108617782592773,-0.0002468152088113129,0.03234703093767166,0.03234657645225525,1.0,3.0,collision
560,-2.6114652156829834,-4.107619285583496,-0.00024669960839673877,0.03299359232187271,0.03299359232187271,1.0,3.0,collision
561,-2.611459255218506,-4.107599258422852,-0.00025176513008773327,0.0006718922522850335,0.0006529786041937768,0.0,-3.0,collision
562,-2.6111223697662354,-4.106620788574219,-0.0002463982382323593,0.03233920410275459,0.03233876824378967,1.0,3.0,collision
563,-2.611116886138916,-4.106600284576416,-0.00025124973035417497,0.0006803757278248668,0.0006632690201513469,0.0,3.0,collision
564,-2.6107840538024902,-4.105620384216309,-0.00024595073773525655,0.032340504229068756,0.03234007954597473,1.0,-3.0,collision
565,-2.6107840538024902,-4.10561990737915,-0.0002509913465473801,0.00015822227578610182,1.4901160284352954e-05,0.0,0.0,collision
566,-2.6104485988616943,-4.104640960693359,-0.0002456586516927928,0.03233876824378967,0.03233833611011505,1.0,-3.0,collision
567,-2.6104414463043213,-4.104620933532715,-0.0002506523160263896,0.000682641111779958,0.0006645650137215853,0.0,-3.0,collision
568,-2.6101009845733643,-4.103643894195557,-0.0002454837958794087,0.032333508133888245,0.03233310207724571,1.0,-3.0,collision
569,-2.6100945472717285,-4.103623867034912,-0.00025052836281247437,0.0006760217947885394,0.000657384458463639,0.0,3.0,collision
570,-2.6097538471221924,-4.102646350860596,-0.0002453743654768914,0.032350026071071625,0.03234962746500969,1.0,-3.0,collision
571,-2.6094040870666504,-4.101650238037109,-0.00024554695119149983,0.03299166262149811,0.03299166262149811,1.0,-3.0,collision
572,-2.6090519428253174,-4.100654602050781,-0.00024597119772806764,0.033002376556396484,0.033002372831106186,1.0,-3.0,collision
573,-2.609044313430786,-4.100635051727295,-0.0002512063947506249,0.0006759181269444525,0.0006558204186148942,0.0,-3.0,collision
574,-2.608694553375244,-4.099660873413086,-0.00024594253045506775,0.03234613686800003,0.0323457196354866,1.0,-3.0,collision
575,-2.608335494995117,-4.098667621612549,-0.00024600274628028274,0.03300497308373451,0.03300497308373451,1.0,-3.0,collision
576,-2.6079742908477783,-4.097675323486328,-0.0002463359560351819,0.03299982100725174,0.03299982100725174,1.0,-3.0,collision
577,-2.607611656188965,-4.096683502197266,-0.00024662542273290455,0.033001143485307693,0.033001139760017395,1.0,3.0,collision
578,-2.6072514057159424,-4.095690727233887,-0.00024684774689376354,0.03300364688038826,0.03300364315509796,1.0,3.0,collision
579,-2.6072447299957275,-4.0956711769104,-0.00025190835003741086,0.0006646707188338041,0.0006455832626670599,0.0,3.0,collision
580,-2.606896162033081,-4.094696521759033,-0.0002465033030603081,0.03234762325882912,0.0323471762239933,1.0,3.0,collision
581,-2.6065425872802734,-4.093701362609863,-0.00024643950746394694,0.03300326690077782,0.03300326690077782,1.0,-3.0,collision
582,-2.6065361499786377,-4.093681335449219,-0.0002515773812774569,0.0006767077138647437,0.000657384458463639,0.0,3.0,collision
583,-2.6061830520629883,-4.092686653137207,-0.00024613653658889234,0.03298467397689819,0.032984234392642975,1.0,0.0,collision
584,-2.606182813644409,-4.092686176300049,-0.00025122801889665425,0.00015997866285033524,1.6660003893775865e-05,0.0,0.0,collision
585,-2.6058361530303955,-4.091711044311523,-0.0002458520757500082,0.03234163299202919,0.03234119713306427,1.0,-3.0,collision
586,-2.605480432510376,-4.09071683883667,-0.00024593001580797136,0.03299771249294281,0.03299771249294281,1.0,0.0,collision
587,-2.6051244735717773,-4.089722633361816,-0.0002462729753460735,0.03300022706389427,0.03300022333860397,1.0,-3.0,collision
588,-2.605116844177246,-4.08970308303833,-0.00025144717073999345,0.0006754592177458107,0.0006558204186148942,0.0,-3.0,collision
589,-2.6047632694244385,-4.088730335235596,-0.00024613484856672585,0.032344602048397064,0.03234417736530304,1.0,-3.0,collision
590,-2.6047561168670654,-4.088710308074951,-0.0002510494086891413,0.0006820802809670568,0.0006645650137215853,0.0,3.0,collision
591,-2.6044023036956787,-4.087738037109375,-0.00024579130695201457,0.0323331356048584,0.03233272209763527,1.0,-3.0,collision
592,-2.6040399074554443,-4.0867462158203125,-0.0002458901144564152,0.03299858793616295,0.03299858793616295,1.0,3.0,collision
593,-2.604032278060913,-4.086726188659668,-0.00025111789000220597,0.0006893614190630615,0.0006697238422930241,0.0,-3.0,collision
594,-2.6036763191223145,-4.085754871368408,-0.00024587014922872186,0.03232814371585846,0.03232772648334503,1.0,-3.0,collision
595,-2.60331130027771,-4.084763526916504,-0.00024595423019491136,0.03301281854510307,0.03301281854510307,1.0,3.0,collision
596,-2.6029489040374756,-4.083771705627441,-0.00024629675317555666,0.03299858793616295,0.03299858793616295,1.0,3.0,collision
597,-2.60294246673584,-4.083751678466797,-0.0002514674561098218,0.0006769518367946148,0.000657384458463639,0.0,3.0,collision
598,-2.6029422283172607,-4.083751678466797,-0.0002510249032638967,1.570903623360209e-05,7.450580142176477e-06,0.0,-3.0,collision
599,-2.6025891304016113,-4.0827789306640625,-0.0002455072244629264,0.03233955055475235,0.03233908861875534,1.0,3.0,collision
600,-2.6025822162628174,-4.082759380340576,-0.00025051177362911403,0.0006666335975751281,0.0006480291485786438,0.0,-3.0,collision
601,-2.602229595184326,-4.081786155700684,-0.0002453804772812873,0.03234841674566269,0.032348018139600754,1.0,3.0,collision
602,-2.601872205734253,-4.080792427062988,-0.0002455522771924734,0.03300129622220993,0.03300129622220993,1.0,3.0,collision
603,-2.6018662452697754,-4.080772399902344,-0.0002508586912881583,0.0006737055373378098,0.0006529786041937768,0.0,3.0,collision
604,-2.6018664836883545,-4.080772399902344,-0.00025053718127310276,1.2508281542977784e-05,7.450580142176477e-06,0.0,-3.0,collision
605,-2.6018669605255127,-4.0807719230651855,-0.0002500018454156816,2.690644578251522e-05,2.1073423340567388e-05,0.0,3.0,collision
606,-2.6015210151672363,-4.07979679107666,-0.0002446647558826953,0.03233414515852928,0.03233371675014496,1.0,3.0,collision
607,-2.6011698246002197,-4.078800678253174,-0.00024495352408848703,0.03300650417804718,0.03300650045275688,1.0,-3.0,collision
608,-2.6008169651031494,-4.077805519104004,-0.0002455053909216076,0.0329957939684391,0.032995790243148804,1.0,3.0,collision
609,-2.6008102893829346,-4.077785491943359,-0.00025082399952225387,0.0006803175783716142,0.000659702520351857,0.0,-3.0,collision
610,-2.600811004638672,-4.077785015106201,-0.00025053133140318096,2.837766623997595e-05,2.6863448510994203e-05,0.0,3.0,collision
611,-2.6008107662200928,-4.077785491943359,-0.00024997751461341977,2.402249265287537e-05,1.6660003893775865e-05,0.0,-3.0,collision
612,-2.6004645824432373,-4.076809883117676,-0.00024465465685352683,0.032350677996873856,0.03235025331377983,1.0,3.0,collision
613,-2.6001133918762207,-4.075814247131348,-0.0002449459570925683,0.03299244865775108,0.03299244865775108,1.0,-3.0,collision
614,-2.5997605323791504,-4.0748186111450195,-0.0002454993373248726,0.033009838312864304,0.033009834587574005,1.0,3.0,collision
615,-2.5997538566589355,-4.074798583984375,-0.0002508190809749067,0.0006803261931054294,0.000659702520351857,0.0,-3.0,collision
616,-2.59940767288208,-4.07382345199585,-0.00024564244085922837,0.03233661502599716,0.03233620896935463,1.0,3.0,collision
617,-2.5990564823150635,-4.072827339172363,-0.0002457520749885589,0.03300650417804718,0.03300650045275688,1.0,-3.0,collision
618,-2.598702907562256,-4.071832180023193,-0.00024613417917862535,0.033003270626068115,0.03300326690077782,1.0,-3.0,collision
619,-2.5983476638793945,-4.07083797454834,-0.00024646453675813973,0.03299269825220108,0.03299269825220108,1.0,3.0,collision
620,-2.598341464996338,-4.070817947387695,-0.00025160261429846287,0.0006745319114997983,0.0006551428814418614,0.0,3.0,collision
621,-2.597996711730957,-4.0698418617248535,-0.00024624800425954163,0.03234981372952461,0.03234937787055969,1.0,-3.0,collision
622,-2.5976431369781494,-4.068846702575684,-0.0002462461416143924,0.03300326690077782,0.03300326690077782,1.0,-3.0,collision
623,-2.5976362228393555,-4.068826675415039,-0.00025142310187220573,0.0006815748638473451,0.0006620963104069233,0.0,3.0,collision
624,-2.5972890853881836,-4.067852020263672,-0.00024610417312942445,0.032332584261894226,0.032332152128219604,1.0,-3.0,collision
625,-2.596933603286743,-4.06685733795166,-0.00024614116409793496,0.03300923481583595,0.03300923481583595,1.0,3.0,collision
626,-2.5965805053710938,-4.06586217880249,-0.00024644617224112153,0.032998282462358475,0.032998278737068176,1.0,3.0,collision
627,-2.5962297916412354,-4.064866065979004,-0.000246703828452155,0.033001553267240524,0.033001549541950226,1.0,3.0,collision
628,-2.595881223678589,-4.063869476318359,-0.00024691075668670237,0.03299340605735779,0.03299340605735779,1.0,3.0,collision
629,-2.595534563064575,-4.062871932983398,-0.0002470658509992063,0.03300192579627037,0.03300192579627037,1.0,-3.0,collision
630,-2.5951855182647705,-4.061875343322754,-0.00024720464716665447,0.032998327165842056,0.032998327165842056,1.0,0.0,collision
631,-2.594836711883545,-4.060878276824951,-0.00024731195298954844,0.033009935170412064,0.033009931445121765,1.0,0.0,collision
632,-2.5948305130004883,-4.060858249664307,-0.0002522855647839606,0.0006733269547112286,0.0006551428814418614,0.0,3.0,collision
633,-2.5944907665252686,-4.05988073348999,-0.00024680569185875356,0.03234028443694115,0.032339829951524734,1.0,3.0,collision
634,-2.594147205352783,-4.058882236480713,-0.0002466914302203804,0.03299843892455101,0.03299843892455101,1.0,3.0,collision
635,-2.5938057899475098,-4.057882785797119,-0.0002468863094691187,0.03300488367676735,0.03300488367676735,1.0,3.0,collision
636,-2.593465805053711,-4.056883335113525,-0.0002470454201102257,0.032990459352731705,0.032990459352731705,1.0,-3.0,collision
637,-2.5931243896484375,-4.055883884429932,-0.0002471937914378941,0.03300488367676735,0.03300488367676735,1.0,3.0,collision
638,-2.593118667602539,-4.055863380432129,-0.00025218582595698535,0.0006832797662355006,0.0006652329466305673,0.0,3.0,collision
639,-2.592787265777588,-4.054883003234863,-0.000246714596869424,0.03234029933810234,0.03233984857797623,1.0,-3.0,collision
640,-2.5924477577209473,-4.053883075714111,-0.00024662946816533804,0.03299977257847786,0.03299977257847786,1.0,3.0,collision
641,-2.5921096801757812,-4.052882671356201,-0.00024682682123966515,0.03299954533576965,0.03299954533576965,1.0,-3.0,collision
642,-2.5921037197113037,-4.052862644195557,-0.00025190101587213576,0.0006719562225043774,0.0006529786041937768,0.0,3.0,collision
643,-2.592103958129883,-4.052862644195557,-0.00025138197815977037,1.7849290088634007e-05,7.450580142176477e-06,0.0,3.0,collision
644,-2.5917744636535645,-4.051881313323975,-0.0002457720984239131,0.03234953433275223,0.032349057495594025,1.0,-3.0,collision
645,-2.5917673110961914,-4.051861763000488,-0.00025073307915590703,0.0006687686545774341,0.0006505512865260243,0.0,-3.0,collision
646,-2.591433048248291,-4.050882339477539,-0.00024554802803322673,0.03234079107642174,0.03234038129448891,1.0,-3.0,collision
647,-2.5914266109466553,-4.0508623123168945,-0.00025057964376173913,0.0006759275565855205,0.000657384458463639,0.0,3.0,collision
648,-2.591092824935913,-4.049882411956787,-0.0002454258210491389,0.0323500819504261,0.03234967589378357,1.0,3.0,collision
649,-2.5907552242279053,-4.048882007598877,-0.00024558682343922555,0.03299477696418762,0.03299477696418762,1.0,3.0,collision
650,-2.590419292449951,-4.04788064956665,-0.0002459925308357924,0.033006392419338226,0.033006392419338226,1.0,-3.0,collision
651,-2.590419292449951,-4.04788064956665,-0.00025132426526397467,0.00016661669360473752,0.0,0.0,0.0,collision
652,-2.590418815612793,-4.04788064956665,-0.0002508251054678112,2.157232847821433e-05,1.4901160284352954e-05,0.0,-3.0,collision
653,-2.590085029602051,-4.046901226043701,-0.0002453321940265596,0.032336026430130005,0.03233557194471359,1.0,-3.0,collision
654,-2.590078592300415,-4.046881198883057,-0.00025039291358552873,0.0006761397235095501,0.000657384458463639,0.0,3.0,collision
655,-2.590078353881836,-4.046881198883057,-0.0002501554263290018,1.0516151633055415e-05,7.450580142176477e-06,0.0,0.0,collision
656,-2.5897440910339355,-4.045901775360107,-0.00024479543208144605,0.03234081715345383,0.03234038129448891,1.0,-3.0,collision
657,-2.5894010066986084,-4.044902801513672,-0.00024507014313712716,0.03300768509507179,0.03300768509507179,1.0,-3.0,collision
658,-2.5893936157226562,-4.0448832511901855,-0.00025047131930477917,0.0006746051367372274,0.0006531486287713051,0.0,-3.0,collision
659,-2.5893936157226562,-4.0448832511901855,-0.0002502486458979547,6.958543508517323e-06,0.0,0.0,3.0,collision
660,-2.589392900466919,-4.0448832511901855,-0.00024975178530439734,2.721552300499752e-05,2.235173997178208e-05,0.0,-3.0,collision
661,-2.589045763015747,-4.043886184692383,-0.00024437179672531784,0.03299317881464958,0.03299274668097496,1.0,0.0,collision
662,-2.589038610458374,-4.0438666343688965,-0.00024970085360109806,0.0006715282797813416,0.0006505512865260243,0.0,-3.0,collision
663,-2.589038610458374,-4.0438666343688965,-0.0002496166853234172,2.630258450153633e-06,0.0,0.0,0.0,collision
664,-2.588696241378784,-4.0428900718688965,-0.00024437595857307315,0.03233911842107773,0.0323387049138546,1.0,3.0,collision
665,-2.5883491039276123,-4.0418925285339355,-0.00024472380755469203,0.03300682455301285,0.03300682082772255,1.0,-3.0,collision
666,-2.5879995822906494,-4.040895938873291,-0.0002453113265801221,0.03300326317548752,0.03300325945019722,1.0,-3.0,collision
667,-2.5876476764678955,-4.039900302886963,-0.00024579642922617495,0.03299989178776741,0.03299988806247711,1.0,-3.0,collision
668,-2.5876410007476807,-4.039880275726318,-0.00025107842520810664,0.0006800389382988214,0.000659702520351857,0.0,3.0,collision
669,-2.5876402854919434,-4.039880752563477,-0.0002507143944967538,2.917288657044992e-05,2.6863448510994203e-05,0.0,-3.0,collision
670,-2.587294101715088,-4.038905143737793,-0.00024525687331333756,0.032350700348615646,0.03235025331377983,1.0,3.0,collision
671,-2.5869429111480713,-4.037909030914307,-0.00024543021572753787,0.03300650417804718,0.03300650045275688,1.0,-3.0,collision
672,-2.5865895748138428,-4.036913871765137,-0.00024587640655227005,0.033000778406858444,0.033000774681568146,1.0,-3.0,collision
673,-2.5865890979766846,-4.036913871765137,-0.000251231889706105,0.00016802090976852924,1.4901160284352954e-05,0.0,0.0,collision
674,-2.5862410068511963,-4.0359392166137695,-0.0002458761737216264,0.03234259784221649,0.03234216570854187,1.0,3.0,collision
675,-2.586240768432617,-4.035938739776611,-0.0002509186160750687,0.00015845456800889224,1.6660003893775865e-05,0.0,0.0,collision
676,-2.5858945846557617,-4.034963607788086,-0.0002455998328514397,0.032336633652448654,0.03233620896935463,1.0,-3.0,collision
677,-2.5855395793914795,-4.033968925476074,-0.00024573333212174475,0.03300422430038452,0.03300422057509422,1.0,3.0,collision
678,-2.58518648147583,-4.032973766326904,-0.00024611008120700717,0.032998282462358475,0.032998278737068176,1.0,-3.0,collision
679,-2.584831714630127,-4.031979084014893,-0.00024644480436109006,0.033001724630594254,0.033001720905303955,1.0,3.0,collision
680,-2.5844786167144775,-4.030983924865723,-0.00024669390404596925,0.032998282462358475,0.032998278737068176,1.0,-3.0,collision
681,-2.5844712257385254,-4.030964374542236,-0.0002517840184736997,0.0006722389371134341,0.0006531486287713051,0.0,-3.0,collision
682,-2.584120988845825,-4.029990196228027,-0.0002464138378854841,0.03235119208693504,0.032350752502679825,1.0,3.0,collision
683,-2.583765745162964,-4.028995513916016,-0.0002463699784129858,0.03300672769546509,0.03300672769546509,1.0,-3.0,collision
684,-2.583408832550049,-4.02800178527832,-0.00024663881049491465,0.03299625962972641,0.03299625962972641,1.0,3.0,collision
685,-2.5830538272857666,-4.027007102966309,-0.0002468482998665422,0.03300422430038452,0.03300422057509422,1.0,-3.0,collision
686,-2.5826961994171143,-4.026013374328613,-0.00024702571681700647,0.03300381824374199,0.03300381824374199,1.0,-3.0,collision
687,-2.582336902618408,-4.025020599365234,-0.0002471781335771084,0.03299349546432495,0.03299349173903465,1.0,3.0,collision
688,-2.5819802284240723,-4.024026393890381,-0.0002472902415320277,0.03300776705145836,0.03300776705145836,1.0,3.0,collision
689,-2.581973075866699,-4.0240068435668945,-0.0002522510476410389,0.000668767315801233,0.0006505512865260243,0.0,-3.0,collision
690,-2.5819737911224365,-4.0240068435668945,-0.0002516726963222027,2.8744580049533397e-05,2.235173997178208e-05,0.0,3.0,collision
691,-2.5819735527038574,-4.0240068435668945,-0.0002508903853595257,2.555733772169333e-05,7.450580142176477e-06,0.0,-3.0,collision
692,-2.5816235542297363,-4.0230326652526855,-0.00024538461002521217,0.032348696142435074,0.03234823793172836,1.0,3.0,collision
693,-2.581268310546875,-4.022037982940674,-0.00024553012917749584,0.03300672769546509,0.03300672769546509,1.0,-3.0,collision
694,-2.580911636352539,-4.0210442543029785,-0.0002459664538037032,0.03299374505877495,0.03299374133348465,1.0,3.0,collision
695,-2.580904722213745,-4.021024227142334,-0.0002511924831196666,0.0006819404661655426,0.0006620963104069233,0.0,-3.0,collision
696,-2.5809051990509033,-4.021024227142334,-0.00025082609499804676,1.8791981347021647e-05,1.4901160284352954e-05,0.0,3.0,collision
697,-2.580556631088257,-4.020049571990967,-0.0002453276829328388,0.03234763815999031,0.0323471762239933,1.0,-3.0,collision
698,-2.5801985263824463,-4.01905632019043,-0.00024549535010010004,0.03299485146999359,0.03299485146999359,1.0,-3.0,collision
699,-2.580198287963867,-4.0190558433532715,-0.0002509126497898251,0.0001701083965599537,1.6660003893775865e-05,0.0,0.0,collision
700,-2.579838275909424,-4.018063545227051,-0.00024551889509893954,0.032987527549266815,0.03298709914088249,1.0,0.0,collision
701,-2.5794787406921387,-4.017070770263672,-0.00024575646966695786,0.032996028661727905,0.032996028661727905,1.0,3.0,collision
702,-2.5791208744049072,-4.016077041625977,-0.0002461324620526284,0.033006347715854645,0.033006343990564346,1.0,-3.0,collision
703,-2.578761100769043,-4.015084266662598,-0.00024645772646181285,0.03299856558442116,0.03299856558442116,1.0,0.0,collision
704,-2.5784008502960205,-4.014091491699219,-0.0002467097947373986,0.03300364688038826,0.03300364315509796,1.0,-3.0,collision
705,-2.5783934593200684,-4.014071941375732,-0.0002517970569897443,0.0006722178659401834,0.0006531486287713051,0.0,-3.0,collision
706,-2.578392744064331,-4.014071941375732,-0.0002512997598387301,2.7223308279644698e-05,2.235173997178208e-05,0.0,-3.0,collision
707,-2.578026294708252,-4.013082027435303,-0.0002456254733260721,0.0329868383705616,0.032986365258693695,1.0,0.0,collision
708,-2.578026056289673,-4.0130815505981445,-0.00025080531486310065,0.00016272511857096106,1.6660003893775865e-05,0.0,0.0,collision
709,-2.578026294708252,-4.0130815505981445,-0.00025040851323865354,1.446624992240686e-05,7.450580142176477e-06,0.0,3.0,collision
710,-2.5776686668395996,-4.012110710144043,-0.0002449887397233397,0.0323321707546711,0.03233172744512558,1.0,-3.0,collision
711,-2.577301502227783,-4.011120319366455,-0.00024522433523088694,0.03300810232758522,0.03300810232758522,1.0,-3.0,collision
712,-2.57729434967041,-4.011100769042969,-0.0002506054879631847,0.0006719338707625866,0.0006505512865260243,0.0,3.0,collision
713,-2.576935052871704,-4.010130405426025,-0.00024546036729589105,0.032336216419935226,0.03233581781387329,1.0,3.0,collision
714,-2.576570510864258,-4.009139060974121,-0.0002456054789945483,0.0330076739192009,0.0330076701939106,1.0,-3.0,collision
715,-2.5765631198883057,-4.009119510650635,-0.00025089934933930635,0.000673773989547044,0.0006531486287713051,0.0,-3.0,collision
716,-2.5762012004852295,-4.00814962387085,-0.0002456956426613033,0.0323508121073246,0.03235040605068207,1.0,-3.0,collision
717,-2.57582950592041,-4.0071611404418945,-0.0002458050148561597,0.03300178050994873,0.03300177678465843,1.0,-3.0,collision
718,-2.5758216381073,-4.007141590118408,-0.0002510596241336316,0.0006787284510210156,0.0006585655501112342,0.0,-3.0,collision
719,-2.5758211612701416,-4.007142066955566,-0.0002507141325622797,2.3678174329688773e-05,2.1073423340567388e-05,0.0,0.0,collision
720,-2.5758211612701416,-4.007142066955566,-0.0002501390117686242,1.7972524801734835e-05,0.0,0.0,3.0,collision
721,-2.5754544734954834,-4.006174087524414,-0.00024476321414113045,0.03234748914837837,0.03234705328941345,1.0,-3.0,collision
722,-2.5750784873962402,-4.005187034606934,-0.00024504834436811507,0.03300744295120239,0.033007439225912094,1.0,0.0,collision
723,-2.574702501296997,-4.004200458526611,-0.0002455674693919718,0.03299351781606674,0.032993514090776443,1.0,-3.0,collision
724,-2.5743248462677,-4.003214359283447,-0.00024601086624898016,0.032998211681842804,0.032998207956552505,1.0,3.0,collision
725,-2.573948621749878,-4.002227783203125,-0.00024634707369841635,0.03299617022275925,0.03299616649746895,1.0,-3.0,collision
726,-2.573941469192505,-4.0022077560424805,-0.00025151806767098606,0.0006839291891083121,0.0006645650137215853,0.0,3.0,collision
727,-2.573941469192505,-4.0022077560424805,-0.00025107539840973914,1.3833413504471537e-05,0.0,0.0,3.0,collision
728,-2.573941469192505,-4.0022077560424805,-0.0002504218427930027,2.0423611204023473e-05,0.0,0.0,3.0,collision
729,-2.573570489883423,-4.001219272613525,-0.00024489808129146695,0.03299437090754509,0.032993920147418976,1.0,0.0,collision
730,-2.5731990337371826,-4.00023078918457,-0.0002452385670039803,0.03299915790557861,0.03299915790557861,1.0,-3.0,collision
731,-2.5728251934051514,-3.9992432594299316,-0.00024572748225182295,0.03299756720662117,0.03299756348133087,1.0,-3.0,collision
732,-2.5724494457244873,-3.998256206512451,-0.00024613429559394717,0.03300479054450989,0.03300479054450989,1.0,0.0,collision
733,-2.5724422931671143,-3.998236656188965,-0.00025134399766102433,0.0006706130225211382,0.0006505512865260243,0.0,3.0,collision
734,-2.5720765590667725,-3.9972684383392334,-0.0002460518735460937,0.03234390541911125,0.03234347701072693,1.0,3.0,collision
735,-2.5717055797576904,-3.996279716491699,-0.00024607853265479207,0.0330008938908577,0.0330008938908577,1.0,-3.0,collision
736,-2.571333169937134,-3.9952917098999023,-0.0002464055723976344,0.03299570828676224,0.03299570828676224,1.0,3.0,collision
737,-2.571326494216919,-3.995271682739258,-0.00025155473849736154,0.0006790432962588966,0.000659702520351857,0.0,3.0,collision
738,-2.570964813232422,-3.9943020343780518,-0.00024620958720333874,0.03234125301241875,0.032340820878744125,1.0,-3.0,collision
739,-2.5709571838378906,-3.9942822456359863,-0.0002510975464247167,0.0006801410927437246,0.0006627667462453246,0.0,-3.0,collision
740,-2.5705909729003906,-3.993314266204834,-0.00024584034690633416,0.032342199236154556,0.03234177827835083,1.0,-3.0,collision
741,-2.5705838203430176,-3.9932947158813477,-0.0002508133475203067,0.0006688557914458215,0.0006505512865260243,0.0,3.0,collision
742,-2.5702173709869385,-3.9923267364501953,-0.00024560230667702854,0.03234482929110527,0.03234441578388214,1.0,-3.0,collision
743,-2.5698413848876953,-3.991339921951294,-0.00024572937400080264,0.03300048038363457,0.03300047665834427,1.0,-3.0,collision
744,-2.569463014602661,-3.99035382270813,-0.0002461171243339777,0.0330062136054039,0.0330062098801136,1.0,-3.0,collision
745,-2.5694549083709717,-3.9903345108032227,-0.00025132313021458685,0.0006744232960045338,0.0006545070791617036,0.0,-3.0,collision
746,-2.5694539546966553,-3.9903347492218018,-0.0002509210316929966,3.319010647828691e-05,3.0719529604539275e-05,0.0,-3.0,collision
747,-2.569077491760254,-3.989370584487915,-0.0002454230561852455,0.032345909625291824,0.03234545513987541,1.0,3.0,collision
748,-2.568695306777954,-3.9883861541748047,-0.00024556275457143784,0.03300048038363457,0.03300047665834427,1.0,-3.0,collision
749,-2.5683116912841797,-3.9874022006988525,-0.00024599238531664014,0.03300280123949051,0.03300279751420021,1.0,3.0,collision
750,-2.5679304599761963,-3.986417531967163,-0.00024634122382849455,0.03299665451049805,0.03299665078520775,1.0,3.0,collision
751,-2.5675508975982666,-3.9854319095611572,-0.00024661055067554116,0.033005669713020325,0.033005665987730026,1.0,-3.0,collision
752,-2.567169666290283,-3.9844472408294678,-0.0002468458842486143,0.03299665078520775,0.03299665078520775,1.0,3.0,collision
753,-2.567162036895752,-3.9844276905059814,-0.0002518962719477713,0.000674543553031981,0.0006558204186148942,0.0,-3.0,collision
754,-2.56716251373291,-3.9844274520874023,-0.00025138896307908,2.299752304679714e-05,1.6660003893775865e-05,0.0,3.0,collision
755,-2.5671629905700684,-3.9844272136688232,-0.00025067353271879256,2.7881895221071318e-05,1.6660003893775865e-05,0.0,3.0,collision
756,-2.5671627521514893,-3.9844274520874023,-0.00025007614749483764,2.143658639397472e-05,1.0536711670283694e-05,0.0,-3.0,collision
757,-2.5671632289886475,-3.9844272136688232,-0.0002496175584383309,2.197568210249301e-05,1.6660003893775865e-05,0.0,3.0,collision
758,-2.5667924880981445,-3.9834609031677246,-0.00024434528313577175,0.03234386444091797,0.03234344348311424,1.0,-3.0,collision
759,-2.5664119720458984,-3.982475757598877,-0.00024470899370498955,0.03300249204039574,0.03300248831510544,1.0,-3.0,collision
760,-2.5660293102264404,-3.9814915657043457,-0.00024530015070922673,0.032998938113451004,0.03299893066287041,1.0,-3.0,collision
761,-2.5656449794769287,-3.9805080890655518,-0.0002457973314449191,0.032997049391269684,0.032997045665979385,1.0,3.0,collision
762,-2.56526255607605,-3.9795236587524414,-0.00024617629242129624,0.033003173768520355,0.033003173768520355,1.0,-3.0,collision
763,-2.5652544498443604,-3.979504346847534,-0.00025137042393907905,0.0006743338890373707,0.0006545070791617036,0.0,-3.0,collision
764,-2.5648746490478516,-3.978541612625122,-0.0002460734685882926,0.032342370599508286,0.03234194964170456,1.0,-3.0,collision
765,-2.564868211746216,-3.9785244464874268,-0.0002510131162125617,0.0005933512002229691,0.0005729200784116983,0.0,3.0,collision
766,-2.564488410949707,-3.9775617122650146,-0.0002457500668242574,0.03234236687421799,0.03234194964170456,1.0,-3.0,collision
767,-2.5640993118286133,-3.9765799045562744,-0.00024585664505138993,0.03300308436155319,0.03300308436155319,1.0,3.0,collision
768,-2.5637125968933105,-3.975597381591797,-0.00024621852207928896,0.03299650549888611,0.03299650177359581,1.0,3.0,collision
769,-2.5637056827545166,-3.9755773544311523,-0.0002514048246666789,0.000681644189171493,0.0006620963104069233,0.0,3.0,collision
770,-2.5637059211730957,-3.9755773544311523,-0.0002509847399778664,1.5094575246621389e-05,7.450580142176477e-06,0.0,3.0,collision
771,-2.5637056827545166,-3.9755775928497314,-0.0002503397408872843,2.274413054692559e-05,1.0536711670283694e-05,0.0,-3.0,collision
772,-2.5637059211730957,-3.9755773544311523,-0.00024982908507809043,1.9122757294098847e-05,1.0536711670283694e-05,0.0,3.0,collision
773,-2.5637056827545166,-3.9755775928497314,-0.000249400531174615,1.704042915662285e-05,1.0536711670283694e-05,0.0,-3.0,collision
774,-2.563331127166748,-3.9746127128601074,-0.00024419199326075613,0.03234506770968437,0.03234465792775154,1.0,3.0,collision
775,-2.5629513263702393,-3.9736270904541016,-0.0002445811696816236,0.03300834819674492,0.03300834447145462,1.0,0.0,collision
776,-2.5625720024108887,-3.972641706466675,-0.00024520346778444946,0.0329960398375988,0.032996032387018204,1.0,3.0,collision
777,-2.562565565109253,-3.9726216793060303,-0.00025059390463866293,0.0006786236190237105,0.000657384458463639,0.0,3.0,collision
778,-2.562566041946411,-3.972621440887451,-0.00025033659767359495,1.849894215411041e-05,1.6660003893775865e-05,0.0,3.0,collision
779,-2.5625665187835693,-3.972621202468872,-0.0002498315297998488,2.2949303456698544e-05,1.6660003893775865e-05,0.0,3.0,collision
780,-2.562202215194702,-3.9716525077819824,-0.0002445167046971619,0.032342083752155304,0.03234165534377098,1.0,-3.0,collision
781,-2.561828136444092,-3.9706649780273438,-0.00024484595633111894,0.03300020471215248,0.03300020098686218,1.0,-3.0,collision
782,-2.5614519119262695,-3.9696784019470215,-0.0002454095520079136,0.032996173948049545,0.03299616649746895,1.0,-3.0,collision
783,-2.5610733032226562,-3.9686925411224365,-0.0002458751550875604,0.03300192579627037,0.03300192207098007,1.0,-3.0,collision
784,-2.561072587966919,-3.9686923027038574,-0.0002512316859792918,0.0001690415811026469,2.3560804038424976e-05,0.0,0.0,collision
785,-2.560699224472046,-3.9677271842956543,-0.0002458660746924579,0.03233857825398445,0.03233814612030983,1.0,-3.0,collision
786,-2.5606908798217773,-3.967707872390747,-0.0002508194884285331,0.0006754043279215693,0.0006574266008101404,0.0,-3.0,collision
787,-2.560312509536743,-3.9667410850524902,-0.00024561287136748433,0.03244389221072197,0.03244348615407944,1.0,3.0,collision
788,-2.5599303245544434,-3.96575665473938,-0.0002457519876770675,0.03300048038363457,0.03300047665834427,1.0,3.0,collision
789,-2.5595505237579346,-3.964771270751953,-0.00024613537243567407,0.03300139680504799,0.03300139307975769,1.0,3.0,collision
790,-2.5591728687286377,-3.96378493309021,-0.00024645551457069814,0.03300516679883003,0.033005163073539734,1.0,3.0,collision
791,-2.559173345565796,-3.9637844562530518,-0.00025168544379994273,0.0001647882891120389,2.1073423340567388e-05,0.0,0.0,collision
792,-2.558805227279663,-3.9628171920776367,-0.0002462397678755224,0.03234247490763664,0.03234202787280083,1.0,3.0,collision
793,-2.5587990283966064,-3.962797164916992,-0.0002511187340132892,0.0006726504070684314,0.0006551428814418614,0.0,3.0,collision
794,-2.5584347248077393,-3.9618284702301025,-0.00024584573111496866,0.03234207630157471,0.03234165534377098,1.0,-3.0,collision
795,-2.558060884475708,-3.9608407020568848,-0.00024592323461547494,0.033004529774188995,0.033004529774188995,1.0,-3.0,collision
796,-2.558053970336914,-3.9608209133148193,-0.0002511651546228677,0.0006752295303158462,0.0006550581310875714,0.0,3.0,collision
797,-2.557687997817993,-3.959852933883667,-0.0002459084789734334,0.032339565455913544,0.03233914449810982,1.0,3.0,collision
798,-2.557680606842041,-3.9598336219787598,-0.0002508478064555675,0.0006643643719144166,0.0006461848388426006,0.0,-3.0,collision
799,-2.557314157485962,-3.9588656425476074,-0.00024563795886933804,0.03234482929110527,0.03234441578388214,1.0,-3.0,collision
800,-2.556938648223877,-3.957878828048706,-0.0002457679947838187,0.03299517557024956,0.03299517557024956,1.0,3.0,collision
801,-2.5565648078918457,-3.9568910598754883,-0.0002461379626765847,0.033004533499479294,0.033004529774188995,1.0,-3.0,collision
802,-2.5561892986297607,-3.955904245376587,-0.0002464671852067113,0.03299517557024956,0.03299517557024956,1.0,3.0,collision
803,-2.5558154582977295,-3.954916477203369,-0.0002467117737978697,0.033004533499479294,0.033004529774188995,1.0,-3.0,collision
804,-2.5554399490356445,-3.9539294242858887,-0.0002469268220011145,0.03300214186310768,0.03300213813781738,1.0,3.0,collision
805,-2.5550665855407715,-3.952941656112671,-0.00024708942510187626,0.03299925848841667,0.03299925848841667,1.0,3.0,collision
806,-2.5546951293945312,-3.951953172683716,-0.00024720883811824024,0.03299915790557861,0.03299915790557861,1.0,-3.0,collision
807,-2.554321050643921,-3.950965642929077,-0.0002473138738423586,0.03300020471215248,0.03300020098686218,1.0,-3.0,collision
808,-2.554314136505127,-3.9509458541870117,-0.00025229138555005193,0.0006732727051712573,0.0006550581310875714,0.0,3.0,collision
809,-2.5539472103118896,-3.9499781131744385,-0.00024679952184669673,0.03234318271279335,0.03234272822737694,1.0,-3.0,collision
810,-2.5535714626312256,-3.948991060256958,-0.0002466973674017936,0.03300479054450989,0.03300479054450989,1.0,3.0,collision
811,-2.5531980991363525,-3.9480032920837402,-0.00024689105339348316,0.03299925848841667,0.03299925848841667,1.0,3.0,collision
812,-2.5531914234161377,-3.947983503341675,-0.0002519424888305366,0.0006714580813422799,0.0006526385550387204,0.0,3.0,collision
813,-2.5528290271759033,-3.9470138549804688,-0.000246519863139838,0.032349083572626114,0.0323486365377903,1.0,-3.0,collision
814,-2.552457094192505,-3.9460256099700928,-0.0002464634017087519,0.03299742564558983,0.03299742564558983,1.0,-3.0,collision
815,-2.5524566173553467,-3.9460253715515137,-0.0002516872191336006,0.0001640922127990052,1.6660003893775865e-05,0.0,0.0,collision
816,-2.5520904064178467,-3.9450576305389404,-0.00024624046636745334,0.03233525902032852,0.032334811985492706,1.0,3.0,collision
817,-2.5517189502716064,-3.9440689086914062,-0.00024623030913062394,0.033006131649017334,0.033006131649017334,1.0,0.0,collision
818,-2.551347494125366,-3.943080425262451,-0.0002465124416630715,0.03299915790557861,0.03299915790557861,1.0,-3.0,collision
819,-2.550974130630493,-3.9420926570892334,-0.0002467667800374329,0.03299926221370697,0.03299925848841667,1.0,3.0,collision
820,-2.550602912902832,-3.941103935241699,-0.00024695624597370625,0.033003512769937515,0.03300350904464722,1.0,0.0,collision
821,-2.5502312183380127,-3.940115451812744,-0.00024710787693038583,0.03300178050994873,0.03300177678465843,1.0,-3.0,collision
822,-2.5498573780059814,-3.9391279220581055,-0.00024723357637412846,0.03299756348133087,0.03299756348133087,1.0,-3.0,collision
823,-2.549481153488159,-3.938141345977783,-0.00024733447935432196,0.03299616649746895,0.03299616649746895,1.0,-3.0,collision
824,-2.549103021621704,-3.937155246734619,-0.00024741998640820384,0.0330035425722599,0.0330035425722599,1.0,0.0,collision
825,-2.5487253665924072,-3.936169147491455,-0.00024748904979787767,0.032998207956552505,0.032998207956552505,1.0,3.0,collision
826,-2.548725128173828,-3.936168909072876,-0.00025251178885810077,0.0001573138579260558,1.0536711670283694e-05,0.0,0.0,collision
827,-2.548349618911743,-3.9351820945739746,-0.0002467986778356135,0.03299565985798836,0.03299517557024956,1.0,0.0,collision
828,-2.548349380493164,-3.9351818561553955,-0.0002517534885555506,0.0001551959285279736,1.0536711670283694e-05,0.0,0.0,collision
829,-2.5479815006256104,-3.9342145919799805,-0.0002462833363097161,0.032339829951524734,0.03233937919139862,1.0,3.0,collision
830,-2.5476081371307373,-3.9332268238067627,-0.00024625915102660656,0.03299925848841667,0.03299925848841667,1.0,-3.0,collision
831,-2.5472331047058105,-3.9322397708892822,-0.00024654989829286933,0.03299684450030327,0.03299684077501297,1.0,3.0,collision
832,-2.5468597412109375,-3.9312520027160645,-0.0002467770827934146,0.03299925848841667,0.03299925848841667,1.0,-3.0,collision
833,-2.5468528270721436,-3.93123197555542,-0.00025186192942783237,0.0006808973266743124,0.0006620963104069233,0.0,3.0,collision
834,-2.5468530654907227,-3.93123197555542,-0.0002513506915420294,1.762809006322641e-05,7.450580142176477e-06,0.0,3.0,collision
835,-2.5468528270721436,-3.931232213973999,-0.0002506324672140181,2.4794722776277922e-05,1.0536711670283694e-05,0.0,-3.0,collision
836,-2.5468530654907227,-3.931232213973999,-0.00025006316718645394,1.9287754184915684e-05,7.450580142176477e-06,0.0,3.0,collision
837,-2.5468528270721436,-3.931232213973999,-0.0002495877561159432,1.6620155292912386e-05,7.450580142176477e-06,0.0,-3.0,collision
838,-2.546487331390381,-3.9302637577056885,-0.000244341092184186,0.03234823793172836,0.03234781697392464,1.0,3.0,collision
839,-2.546116590499878,-3.9292750358581543,-0.0002446960425004363,0.032998278737068176,0.03299827501177788,1.0,-3.0,collision
840,-2.545743465423584,-3.9282870292663574,-0.00024528903304599226,0.03300360217690468,0.03300359845161438,1.0,-3.0,collision
841,-2.545736312866211,-3.928267240524292,-0.00025067213573493063,0.0006787303718738258,0.0006575532606802881,0.0,3.0,collision
842,-2.54537034034729,-3.9272992610931396,-0.00024550376110710204,0.03233954682946205,0.03233914449810982,1.0,-3.0,collision
843,-2.544994831085205,-3.926312208175659,-0.0002456513757351786,0.03300214186310768,0.03300213813781738,1.0,-3.0,collision
844,-2.544987440109253,-3.926292657852173,-0.0002509476325940341,0.0006737923249602318,0.0006531486287713051,0.0,3.0,collision
845,-2.544612407684326,-3.9253056049346924,-0.0002456325455568731,0.032997261732816696,0.03299684077501297,1.0,0.0,collision
846,-2.5442373752593994,-3.924318313598633,-0.00024584613856859505,0.033003807067871094,0.033003807067871094,1.0,0.0,collision
847,-2.5438623428344727,-3.9233312606811523,-0.00024621005286462605,0.03299684450030327,0.03299684077501297,1.0,-3.0,collision
848,-2.543854236602783,-3.923311710357666,-0.00025139719946309924,0.0006809579208493233,0.0006613832665607333,0.0,-3.0,collision
849,-2.5434813499450684,-3.922342538833618,-0.0002460894174873829,0.03245137259364128,0.032450951635837555,1.0,3.0,collision
850,-2.543104887008667,-3.921355962753296,-0.0002461344702169299,0.03299882635474205,0.03299882262945175,1.0,3.0,collision
851,-2.5427303314208984,-3.9203684329986572,-0.0002464361605234444,0.0330054871737957,0.0330054834485054,1.0,0.0,collision
852,-2.542356252670288,-3.9193811416625977,-0.00024670155835337937,0.03299323469400406,0.03299323469400406,1.0,3.0,collision
853,-2.5419843196868896,-3.9183926582336426,-0.0002469092723913491,0.03300439938902855,0.03300439938902855,1.0,3.0,collision
854,-2.541614055633545,-3.9174036979675293,-0.00024706459953449667,0.03300002962350845,0.033000025898218155,1.0,-3.0,collision
855,-2.5412421226501465,-3.9164154529571533,-0.0002472091291565448,0.03299742564558983,0.03299742564558983,1.0,3.0,collision
856,-2.5408716201782227,-3.91542649269104,-0.00024730493896640837,0.033002641052007675,0.033002641052007675,1.0,-3.0,collision
857,-2.540864944458008,-3.9154067039489746,-0.0002522840222809464,0.0006709301378577948,0.0006526385550387204,0.0,3.0,collision
858,-2.5405023097991943,-3.9144372940063477,-0.0002468045859131962,0.032344721257686615,0.0323442667722702,1.0,3.0,collision
859,-2.5404958724975586,-3.914417266845703,-0.0002515736559871584,0.0006740661920048296,0.000657384458463639,0.0,3.0,collision
860,-2.5401370525360107,-3.9134464263916016,-0.0002462099655531347,0.03234505653381348,0.032344624400138855,1.0,-3.0,collision
861,-2.5397696495056152,-3.912456512451172,-0.00024622524506412446,0.03299672529101372,0.03299672156572342,1.0,3.0,collision
862,-2.5397629737854004,-3.9124364852905273,-0.0002513967046979815,0.0006792087806388736,0.000659702520351857,0.0,3.0,collision
863,-2.5394062995910645,-3.9114649295806885,-0.00024608251987956464,0.03234284371137619,0.032342419028282166,1.0,-3.0,collision
864,-2.5393996238708496,-3.911445140838623,-0.00025100744096562266,0.0006705396226607263,0.0006526385550387204,0.0,3.0,collision
865,-2.5393991470336914,-3.911445140838623,-0.0002506429154891521,1.8756574718281627e-05,1.4901160284352954e-05,0.0,-3.0,collision
866,-2.5393991470336914,-3.911445140838623,-0.0002500801347196102,1.7586899048183113e-05,0.0,0.0,0.0,collision
867,-2.5393993854522705,-3.911445140838623,-0.00024961750023067,1.626423909328878e-05,7.450580142176477e-06,0.0,3.0,collision
868,-2.5393993854522705,-3.911445140838623,-0.00024923591990955174,1.192438412545016e-05,0.0,0.0,0.0,collision
869,-2.5393996238708496,-3.911444902420044,-0.00024894115631468594,1.3995409062772524e-05,1.0536711670283694e-05,0.0,3.0,collision
870,-2.5393996238708496,-3.911444902420044,-0.000248694937909022,7.694325176998973e-06,0.0,0.0,0.0,collision
871,-2.5390448570251465,-3.9104726314544678,-0.00024361212854273617,0.032343313097953796,0.03234292194247246,1.0,-3.0,collision
872,-2.5386810302734375,-3.9094812870025635,-0.0002441278484184295,0.03299997001886368,0.03299996629357338,1.0,0.0,collision
873,-2.5386734008789062,-3.909461736679077,-0.0002497138048056513,0.0006786545272916555,0.0006558204186148942,0.0,-3.0,collision
874,-2.5383145809173584,-3.9084901809692383,-0.0002447549195494503,0.032365959137678146,0.0323655903339386,1.0,3.0,collision
875,-2.5379507541656494,-3.907498836517334,-0.00024504485190846026,0.03299996629357338,0.03299996629357338,1.0,-3.0,collision
876,-2.537943124771118,-3.9074792861938477,-0.0002504511794541031,0.0006772323977202177,0.0006558204186148942,0.0,-3.0,collision
877,-2.5375816822052,-3.9065093994140625,-0.0002453370834700763,0.032345596700906754,0.03234519809484482,1.0,-3.0,collision
878,-2.537210702896118,-3.9055209159851074,-0.00024551813839934766,0.032993920147418976,0.032993920147418976,1.0,-3.0,collision
879,-2.536837339401245,-3.9045329093933105,-0.0002459481474943459,0.03300623595714569,0.03300623223185539,1.0,-3.0,collision
880,-2.536829948425293,-3.904513359069824,-0.0002511987113393843,0.0006734430207870901,0.0006531486287713051,0.0,3.0,collision
881,-2.5364573001861572,-3.9035255908966064,-0.0002458341477904469,0.032991793006658554,0.03299136459827423,1.0,0.0,collision
882,-2.536449432373047,-3.90350604057312,-0.00025088494294323027,0.0006772158085368574,0.0006585655501112342,0.0,-3.0,collision
883,-2.536081314086914,-3.902538776397705,-0.0002456742513459176,0.03234243765473366,0.03234202787280083,1.0,-3.0,collision
884,-2.5357041358947754,-3.901552438735962,-0.000245797069510445,0.03299983963370323,0.03299983963370323,1.0,3.0,collision
885,-2.5353288650512695,-3.9005653858184814,-0.00024616142036393285,0.032999493181705475,0.032999489456415176,1.0,-3.0,collision
886,-2.5349512100219727,-3.8995790481567383,-0.00024647594545967877,0.03300516679883003,0.033005163073539734,1.0,-3.0,collision
887,-2.5345711708068848,-3.8985939025878906,-0.00024672874133102596,0.03299712389707565,0.032997120171785355,1.0,-3.0,collision
888,-2.5341897010803223,-3.897609233856201,-0.00024694044259376824,0.032999344170093536,0.032999344170093536,1.0,3.0,collision
889,-2.5338101387023926,-3.8966238498687744,-0.0002470905310474336,0.032998714596033096,0.032998714596033096,1.0,-3.0,collision
890,-2.5334365367889404,-3.8956587314605713,-0.00024320463126059622,0.032341063022613525,0.03234083205461502,1.0,3.0,collision
891,-2.5330584049224854,-3.8946728706359863,-0.00024379711248911917,0.03299659118056297,0.032996583729982376,1.0,3.0,collision
892,-2.5330512523651123,-3.8946533203125,-0.00024944357573986053,0.0006740565877407789,0.0006505512865260243,0.0,-3.0,collision
893,-2.532679319381714,-3.8936874866485596,-0.00024452919024042785,0.032343264669179916,0.03234289959073067,1.0,-3.0,collision
894,-2.5322983264923096,-3.892702579498291,-0.0002448821032885462,0.03300091251730919,0.03300091251730919,1.0,3.0,collision
895,-2.53191876411438,-3.8917171955108643,-0.00024542948813177645,0.032998718321323395,0.032998714596033096,1.0,-3.0,collision
896,-2.5315370559692383,-3.890732526779175,-0.00024589025997556746,0.033002037554979324,0.033002033829689026,1.0,-3.0,collision
897,-2.5311532020568848,-3.8897488117218018,-0.00024626500089652836,0.03299856558442116,0.03299856558442116,1.0,0.0,collision
898,-2.5311453342437744,-3.8897292613983154,-0.00025143768289126456,0.0006781136617064476,0.0006585655501112342,0.0,-3.0,collision
899,-2.5311450958251953,-3.8897292613983154,-0.00025101698702201247,1.5111189895833377e-05,7.450580142176477e-06,0.0,0.0,collision
900,-2.5307669639587402,-3.888766050338745,-0.00024549683439545333,0.03233717754483223,0.03233671560883522,1.0,3.0,collision
901,-2.530383586883545,-3.887782096862793,-0.00024562509497627616,0.03300009295344353,0.03300009295344353,1.0,0.0,collision
902,-2.5300004482269287,-3.8867979049682617,-0.0002460381656419486,0.033004336059093475,0.03300433233380318,1.0,3.0,collision
903,-2.5296194553375244,-3.885812997817993,-0.0002463779237587005,0.03300091251730919,0.03300091251730919,1.0,3.0,collision
904,-2.529240846633911,-3.884827136993408,-0.00024665030650794506,0.03300192207098007,0.03300192207098007,1.0,3.0,collision
905,-2.528864622116089,-3.883840560913086,-0.000246868294198066,0.03299616649746895,0.03299616649746895,1.0,3.0,collision
906,-2.5288584232330322,-3.8838205337524414,-0.00025192552129738033,0.0006739349337294698,0.0006551428814418614,0.0,3.0,collision
907,-2.5288589000701904,-3.8838202953338623,-0.0002513962681405246,2.3475509806303307e-05,1.6660003893775865e-05,0.0,0.0,collision
908,-2.5288591384887695,-3.8838202953338623,-0.0002506738528609276,2.377316377533134e-05,7.450580142176477e-06,0.0,-3.0,collision
909,-2.5284922122955322,-3.882852554321289,-0.0002452120534144342,0.03234317898750305,0.03234272822737694,1.0,3.0,collision
910,-2.528120517730713,-3.881864070892334,-0.0002454023633617908,0.03300178050994873,0.03300177678465843,1.0,3.0,collision
911,-2.5281143188476562,-3.8818440437316895,-0.00025073811411857605,0.0006760289543308318,0.0006551428814418614,0.0,3.0,collision
912,-2.527754068374634,-3.880873680114746,-0.00024556697462685406,0.03234658017754555,0.032346177846193314,1.0,3.0,collision
913,-2.5277481079101562,-3.8808534145355225,-0.0002505846496205777,0.0006784905563108623,0.0006601231289096177,0.0,3.0,collision
914,-2.5277488231658936,-3.8808531761169434,-0.0002503147698007524,2.502477764210198e-05,2.3560804038424976e-05,0.0,3.0,collision
915,-2.527388095855713,-3.8798608779907227,-0.00024482645676471293,0.03299517184495926,0.03299472853541374,1.0,0.0,collision
916,-2.5270273685455322,-3.878868341445923,-0.00024519232101738453,0.03300173208117485,0.03300172835588455,1.0,3.0,collision
917,-2.5266690254211426,-3.8778750896453857,-0.0002456911897752434,0.032997384667396545,0.03299738094210625,1.0,3.0,collision
918,-2.5263123512268066,-3.8768811225891113,-0.00024608985404483974,0.03300075605511665,0.033000752329826355,1.0,-3.0,collision
919,-2.5259530544281006,-3.8758881092071533,-0.00024641872732900083,0.03300049528479576,0.03300049528479576,1.0,-3.0,collision
920,-2.52559232711792,-3.8748955726623535,-0.0002466929145157337,0.03300173208117485,0.03300172835588455,1.0,3.0,collision
921,-2.525233745574951,-3.8739023208618164,-0.00024690249119885266,0.032999906688928604,0.032999906688928604,1.0,3.0,collision
922,-2.524876594543457,-3.872908592224121,-0.00024705930263735354,0.03299877792596817,0.03299877792596817,1.0,-3.0,collision
923,-2.52451753616333,-3.871915340423584,-0.00024719940847717226,0.03300497308373451,0.03300497308373451,1.0,0.0,collision
924,-2.5245110988616943,-3.8718953132629395,-0.00025219572125934064,0.0006756717921234667,0.000657384458463639,0.0,3.0,collision
925,-2.5241615772247314,-3.8709213733673096,-0.0002467338345013559,0.03233663737773895,0.03233618661761284,1.0,3.0,collision
926,-2.5241549015045166,-3.870901584625244,-0.0002515066007617861,0.0006694642943330109,0.0006526385550387204,0.0,-3.0,collision
927,-2.523805618286133,-3.869927406311035,-0.00024617710732854903,0.032341115176677704,0.03234068304300308,1.0,3.0,collision
928,-2.523451566696167,-3.8689322471618652,-0.0002461837721057236,0.03300825506448746,0.03300825506448746,1.0,0.0,collision
929,-2.523097038269043,-3.8679375648498535,-0.0002464751887600869,0.03299922123551369,0.03299921751022339,1.0,-3.0,collision
930,-2.5227410793304443,-3.866943359375,-0.00024673715233802795,0.03300022333860397,0.03300022333860397,1.0,3.0,collision
931,-2.5227341651916504,-3.8669235706329346,-0.00025180939701385796,0.0006739627569913864,0.0006550581310875714,0.0,-3.0,collision
932,-2.52238392829895,-3.8659496307373047,-0.0002464236749801785,0.032344184815883636,0.03234374523162842,1.0,-3.0,collision
933,-2.522376775741577,-3.8659300804138184,-0.0002512688806746155,0.0006679391954094172,0.0006505512865260243,0.0,-3.0,collision
934,-2.522021770477295,-3.864957809448242,-0.000245977338636294,0.03234590217471123,0.032345473766326904,1.0,-3.0,collision
935,-2.5216574668884277,-3.863966703414917,-0.0002460294053889811,0.03299810737371445,0.03299810737371445,1.0,-3.0,collision
936,-2.5212907791137695,-3.862976312637329,-0.0002463569398969412,0.03300292789936066,0.03300292417407036,1.0,-3.0,collision
937,-2.5212900638580322,-3.862976312637329,-0.0002516161184757948,0.00016586229321546853,2.235173997178208e-05,0.0,0.0,collision
938,-2.520928144454956,-3.862006664276123,-0.0002461736439727247,0.032343871891498566,0.03234342485666275,1.0,-3.0,collision
939,-2.520556926727295,-3.861018180847168,-0.00024618333554826677,0.032996539026498795,0.032996535301208496,1.0,-3.0,collision
940,-2.5201833248138428,-3.86003041267395,-0.0002464801073074341,0.03300189599394798,0.033001892268657684,1.0,-3.0,collision
941,-2.519808292388916,-3.8590431213378906,-0.0002467407030053437,0.033003807067871094,0.033003807067871094,1.0,3.0,collision
942,-2.5194356441497803,-3.8580551147460938,-0.0002469399478286505,0.03299833834171295,0.03299833461642265,1.0,3.0,collision
943,-2.519435405731201,-3.8580548763275146,-0.00025207261205650866,0.00016074147424660623,1.0536711670283694e-05,0.0,0.0,collision
944,-2.5190649032592773,-3.8570661544799805,-0.00024644730729050934,0.032996129244565964,0.032995663583278656,1.0,0.0,collision
945,-2.5186948776245117,-3.856077194213867,-0.0002464990539010614,0.03299741446971893,0.03299741446971893,1.0,3.0,collision
946,-2.5186874866485596,-3.856057643890381,-0.0002516081731300801,0.0006723796832375228,0.0006531486287713051,0.0,-3.0,collision
947,-2.5186874866485596,-3.856057643890381,-0.00025114716845564544,1.4406395166588482e-05,0.0,0.0,-3.0,collision
948,-2.5183215141296387,-3.8550894260406494,-0.0002455939829815179,0.03234657645225525,0.03234611079096794,1.0,-3.0,collision
949,-2.517946720123291,-3.854102373123169,-0.0002457188384141773,0.03299419581890106,0.03299419581890106,1.0,3.0,collision
950,-2.517940044403076,-3.8540823459625244,-0.0002509912010282278,0.000679965945892036,0.000659702520351857,0.0,3.0,collision
951,-2.5175769329071045,-3.8531131744384766,-0.0002457689552102238,0.032342929393053055,0.032342515885829926,1.0,3.0,collision
952,-2.5172085762023926,-3.852123498916626,-0.0002458520757500082,0.033000122755765915,0.033000119030475616,1.0,-3.0,collision
953,-2.5168380737304688,-3.8511345386505127,-0.00024621927877888083,0.033002641052007675,0.033002641052007675,1.0,0.0,collision
954,-2.5168306827545166,-3.8511149883270264,-0.0002514001098461449,0.0006729153683409095,0.0006531486287713051,0.0,-3.0,collision
955,-2.5164647102355957,-3.850146770477295,-0.00024609672254882753,0.032346539199352264,0.03234611079096794,1.0,-3.0,collision
956,-2.5160889625549316,-3.8491599559783936,-0.0002461255353409797,0.03299782797694206,0.03299782797694206,1.0,-3.0,collision
957,-2.5157110691070557,-3.8481738567352295,-0.0002464338031131774,0.033000875264406204,0.033000871539115906,1.0,-3.0,collision
958,-2.515702962875366,-3.8481545448303223,-0.00025157618802040815,0.0006739464588463306,0.0006545070791617036,0.0,-3.0,collision
959,-2.5153279304504395,-3.8471899032592773,-0.00024623810895718634,0.032343540340662,0.03234310820698738,1.0,-3.0,collision
960,-2.514943838119507,-3.8462061882019043,-0.00024624852812848985,0.03300127387046814,0.03300127014517784,1.0,3.0,collision
961,-2.514561176300049,-3.845221996307373,-0.00024652254069224,0.03299893066287041,0.03299893066287041,1.0,-3.0,collision
962,-2.514177083969116,-3.84423828125,-0.00024677449255250394,0.03300127387046814,0.03300127014517784,1.0,3.0,collision
963,-2.5137953758239746,-3.8432536125183105,-0.0002469673054292798,0.033002037554979324,0.033002033829689026,1.0,3.0,collision
964,-2.513415813446045,-3.842268228530884,-0.00024711620062589645,0.032998714596033096,0.032998714596033096,1.0,0.0,collision
965,-2.5130362510681152,-3.841282606124878,-0.0002472460619173944,0.033005665987730026,0.033005665987730026,1.0,3.0,collision
966,-2.5126593112945557,-3.8402962684631348,-0.00024734469479881227,0.03299717977643013,0.03299717977643013,1.0,3.0,collision
967,-2.5122838020324707,-3.8393092155456543,-0.00024741285596974194,0.03300214186310768,0.03300213813781738,1.0,-3.0,collision
968,-2.5119059085845947,-3.8383231163024902,-0.00024747688439674675,0.033000875264406204,0.033000871539115906,1.0,-3.0,collision
969,-2.511525869369507,-3.8373379707336426,-0.00024752880563028157,0.032997120171785355,0.032997120171785355,1.0,-3.0,collision
970,-2.511143207550049,-3.8363537788391113,-0.000247570569626987,0.03299893066287041,0.03299893066287041,1.0,-3.0,collision
971,-2.5111427307128906,-3.8363535404205322,-0.00025258693494834006,0.00015764420095365494,1.6660003893775865e-05,0.0,0.0,collision
972,-2.510765314102173,-3.8353898525238037,-0.0002469502796884626,0.03234291076660156,0.03234243020415306,1.0,-3.0,collision
973,-2.510378122329712,-3.8344075679779053,-0.00024680441129021347,0.032995034009218216,0.032995034009218216,1.0,-3.0,collision
974,-2.509988784790039,-3.833425760269165,-0.00024697670596651733,0.03300582990050316,0.03300582617521286,1.0,-3.0,collision
975,-2.5099804401397705,-3.833406686782837,-0.00025201032985933125,0.0006693399627692997,0.0006505939527414739,0.0,-3.0,collision
976,-2.509979486465454,-3.833406925201416,-0.0002514705993235111,3.5045268305111676e-05,3.0719529604539275e-05,0.0,-3.0,collision
977,-2.509592056274414,-3.832447052001953,-0.00024586234940215945,0.03234775364398956,0.03234727680683136,1.0,3.0,collision
978,-2.509199619293213,-3.8314666748046875,-0.00024592396221123636,0.0330001525580883,0.0330001525580883,1.0,3.0,collision
979,-2.5088090896606445,-3.8304853439331055,-0.00024626642698422074,0.0330057367682457,0.0330057367682457,1.0,0.0,collision
980,-2.5084190368652344,-3.8295040130615234,-0.00024656570167280734,0.03300022706389427,0.03300022706389427,1.0,3.0,collision
981,-2.5084121227264404,-3.829484224319458,-0.00025168349384330213,0.0006742989644408226,0.0006550581310875714,0.0,3.0,collision
982,-2.508026361465454,-3.8285014629364014,-0.0002462217817083001,0.032992977648973465,0.032992538064718246,1.0,0.0,collision
983,-2.5076406002044678,-3.8275182247161865,-0.0002463227428961545,0.03300640359520912,0.03300640359520912,1.0,3.0,collision
984,-2.5076332092285156,-3.8274986743927,-0.00025146754342131317,0.0006726453430019319,0.0006531486287713051,0.0,-3.0,collision
985,-2.5076332092285156,-3.8274986743927,-0.00025103427469730377,1.3539646715798881e-05,0.0,0.0,-3.0,collision
986,-2.5076332092285156,-3.8274989128112793,-0.00025038892636075616,2.1499405193026178e-05,7.450580142176477e-06,0.0,-3.0,collision
987,-2.5072507858276367,-3.8265368938446045,-0.0002449833264108747,0.0323517844080925,0.03235134482383728,1.0,3.0,collision
988,-2.5068631172180176,-3.825554609298706,-0.0002452201733831316,0.03300049901008606,0.03300049901008606,1.0,3.0,collision
989,-2.5064778327941895,-3.824571371078491,-0.00024570911773480475,0.033000968396663666,0.03300096467137337,1.0,3.0,collision
990,-2.5060946941375732,-3.823587417602539,-0.000246114912442863,0.03299739211797714,0.032997388392686844,1.0,3.0,collision
991,-2.5057132244110107,-3.8226027488708496,-0.00024642914650030434,0.032999344170093536,0.032999344170093536,1.0,-3.0,collision
992,-2.505706548690796,-3.822582721710205,-0.0002515841042622924,0.0006790862535126507,0.000659702520351857,0.0,3.0,collision
993,-2.5053317546844482,-3.8216168880462646,-0.00024622827186249197,0.03237557038664818,0.03237513452768326,1.0,-3.0,collision
994,-2.504948139190674,-3.8206329345703125,-0.0002462455886416137,0.03300280123949051,0.03300279751420021,1.0,3.0,collision
995,-2.504565954208374,-3.819648504257202,-0.0002465200668666512,0.03300048038363457,0.03300047665834427,1.0,-3.0,collision
996,-2.50455904006958,-3.8196287155151367,-0.0002516558161005378,0.0006744322599843144,0.0006550581310875714,0.0,3.0,collision
997,-2.504183769226074,-3.8186628818511963,-0.0002462853444740176,0.03238096833229065,0.03238053247332573,1.0,-3.0,collision
998,-2.5041756629943848,-3.81864333152771,-0.00025116358301602304,0.0006787247257307172,0.0006613832665607333,0.0,-3.0,collision
999,-2.5037953853607178,-3.8176755905151367,-0.0002458812959957868,0.032493408769369125,0.0324929915368557,1.0,3.0,collision
1000,-2.5034115314483643,-3.8166916370391846,-0.00024597402079962194,0.03300550580024719,0.03300550580024719,1.0,3.0,collision
1001,-2.503404140472412,-3.8166720867156982,-0.0002511856728233397,0.000673147733323276,0.0006531486287713051,0.0,-3.0,collision
1002,-2.503026008605957,-3.8157033920288086,-0.0002459122333675623,0.032496705651283264,0.032496288418769836,1.0,3.0,collision
1003,-2.503018856048584,-3.8156838417053223,-0.00025087225367315114,0.0006687616696581244,0.0006505512865260243,0.0,-3.0,collision
1004,-2.503018856048584,-3.8156838417053223,-0.0002505444863345474,1.0242728421872016e-05,0.0,0.0,-3.0,collision
1005,-2.5026397705078125,-3.814720869064331,-0.00024511091760359704,0.0323411300778389,0.03234068304300308,1.0,-3.0,collision
1006,-2.5022506713867188,-3.81373929977417,-0.0002453221823088825,0.03299615532159805,0.03299615532159805,1.0,-3.0,collision
1007,-2.501859426498413,-3.812758207321167,-0.00024579535238444805,0.03300708532333374,0.03300708159804344,1.0,0.0,collision
1008,-2.5014686584472656,-3.811777114868164,-0.00024618921452201903,0.03300157189369202,0.03300156816840172,1.0,3.0,collision
1009,-2.5014610290527344,-3.8117575645446777,-0.00025137123884633183,0.0006755178328603506,0.0006558204186148942,0.0,-3.0,collision
1010,-2.501077175140381,-3.8107964992523193,-0.00024607335217297077,0.032340630888938904,0.03234020248055458,1.0,-3.0,collision
1011,-2.500683307647705,-3.809816837310791,-0.000246106821577996,0.0329960472881794,0.0329960472881794,1.0,-3.0,collision
1012,-2.5002870559692383,-3.808837890625,-0.00024641878553666174,0.033003196120262146,0.03300319239497185,1.0,-3.0,collision
1013,-2.5002784729003906,-3.8088185787200928,-0.0002515641681384295,0.0006797099485993385,0.0006604173104278743,0.0,-3.0,collision
1014,-2.5002784729003906,-3.8088185787200928,-0.0002511233324185014,1.3776115338259842e-05,0.0,0.0,3.0,collision
1015,-2.5002782344818115,-3.808818817138672,-0.0002504558360669762,2.3369446353171952e-05,1.0536711670283694e-05,0.0,0.0,collision
1016,-2.499887228012085,-3.8078603744506836,-0.00024502191809006035,0.03234832361340523,0.03234787657856941,1.0,-3.0,collision
1017,-2.4994871616363525,-3.8068830966949463,-0.00024526036577299237,0.03299983590841293,0.03299983590841293,1.0,3.0,collision
1018,-2.4994795322418213,-3.80686354637146,-0.0002506244636606425,0.0006769043393433094,0.0006558204186148942,0.0,3.0,collision
1019,-2.4994797706604004,-3.80686354637146,-0.0002503597061149776,1.113394864660222e-05,7.450580142176477e-06,0.0,3.0,collision
1020,-2.499094009399414,-3.805903196334839,-0.0002449648454785347,0.032342057675123215,0.032341618090867996,1.0,3.0,collision
1021,-2.4987027645111084,-3.804922103881836,-0.0002451993932481855,0.03300708532333374,0.03300708159804344,1.0,0.0,collision
1022,-2.498311996459961,-3.803941249847412,-0.0002456977672409266,0.032994650304317474,0.03299464285373688,1.0,3.0,collision
1023,-2.497922658920288,-3.802959442138672,-0.00024609535466879606,0.03300582990050316,0.03300582617521286,1.0,-3.0,collision
1024,-2.4975316524505615,-3.801978588104248,-0.00024643391952849925,0.03299740329384804,0.03299740329384804,1.0,3.0,collision
1025,-2.4971423149108887,-3.800997018814087,-0.00024668508558534086,0.03299890458583832,0.03299890086054802,1.0,-3.0,collision
1026,-2.4971423149108887,-3.800996780395508,-0.0002518786059226841,0.0001624684373382479,7.450580142176477e-06,0.0,0.0,collision
1027,-2.496758222579956,-3.8000357151031494,-0.0002463833661749959,0.03234342858195305,0.03234297037124634,1.0,-3.0,collision
1028,-2.4963643550872803,-3.799055814743042,-0.0002463554556015879,0.03300296515226364,0.03300296515226364,1.0,0.0,collision
1029,-2.496356248855591,-3.7990365028381348,-0.0002514950465410948,0.0006739256787113845,0.0006545070791617036,0.0,-3.0,collision
1030,-2.496356248855591,-3.7990365028381348,-0.00025106730754487216,1.3366842722462025e-05,0.0,0.0,3.0,collision
1031,-2.4959702491760254,-3.7980761528015137,-0.00024553146795369685,0.03234485909342766,0.03234439343214035,1.0,3.0,collision
1032,-2.495579242706299,-3.79709529876709,-0.00024565766216255724,0.03299740329384804,0.03299740329384804,1.0,3.0,collision
1033,-2.495579481124878,-3.7970948219299316,-0.00025103220832534134,0.00016877881716936827,1.6660003893775865e-05,0.0,0.0,collision
1034,-2.495197296142578,-3.796133041381836,-0.00024570475216023624,0.0323420949280262,0.032341666519641876,1.0,-3.0,collision
1035,-2.4948055744171143,-3.795152425765991,-0.00024581258185207844,0.03299877047538757,0.032998766750097275,1.0,0.0,collision
1036,-2.494413375854492,-3.7941718101501465,-0.00024617891176603734,0.03300430253148079,0.03300429880619049,1.0,-3.0,collision
1037,-2.49440598487854,-3.79415225982666,-0.00025138325872831047,0.0006730925524607301,0.0006531486287713051,0.0,3.0,collision
1038,-2.4940199851989746,-3.7931878566741943,-0.00024605519138276577,0.032462380826473236,0.03246195241808891,1.0,-3.0,collision
1039,-2.4936254024505615,-3.792208433151245,-0.00024610909167677164,0.032997485250234604,0.032997481524944305,1.0,-3.0,collision
1040,-2.493229389190674,-3.791229486465454,-0.00024643103824928403,0.033000398427248,0.033000398427248,1.0,3.0,collision
1041,-2.49283504486084,-3.790249824523926,-0.0002466823789291084,0.033001609146595,0.033001609146595,1.0,-3.0,collision
1042,-2.4928345680236816,-3.7902495861053467,-0.0002518765104468912,0.0001631693448871374,1.6660003893775865e-05,0.0,0.0,collision
1043,-2.4924464225769043,-3.789290428161621,-0.00024639253388158977,0.03233538195490837,0.03233492746949196,1.0,3.0,collision
1044,-2.4920525550842285,-3.7883102893829346,-0.00024635199224576354,0.03300987556576729,0.03300987556576729,1.0,0.0,collision
1045,-2.4920454025268555,-3.7882907390594482,-0.0002515030209906399,0.0006701702950522304,0.0006505512865260243,0.0,3.0,collision
1046,-2.4920451641082764,-3.7882907390594482,-0.0002510528720449656,1.5918416465865448e-05,7.450580142176477e-06,0.0,-3.0,collision
1047,-2.4920449256896973,-3.7882909774780273,-0.00025040359469130635,2.2862699552206323e-05,1.0536711670283694e-05,0.0,-3.0,collision
1048,-2.4920451641082764,-3.7882907390594482,-0.0002498805697541684,1.9446488295216113e-05,1.0536711670283694e-05,0.0,3.0,collision
1049,-2.491658926010132,-3.7873306274414062,-0.000244555645622313,0.03234069049358368,0.032340262085199356,1.0,-3.0,collision
1050,-2.491262674331665,-3.7863519191741943,-0.00024487741757184267,0.0329962894320488,0.0329962894320488,1.0,-3.0,collision
1051,-2.4908647537231445,-3.7853736877441406,-0.00024544462212361395,0.0330020971596241,0.0330020897090435,1.0,3.0,collision
1052,-2.490468740463257,-3.7843947410583496,-0.00024589343229308724,0.0330004021525383,0.033000398427248,1.0,-3.0,collision
1053,-2.4900708198547363,-3.783416509628296,-0.0002462722477503121,0.0330020934343338,0.0330020897090435,1.0,3.0,collision
1054,-2.490062952041626,-3.7833969593048096,-0.00025143788661807775,0.0006780611583963037,0.0006585655501112342,0.0,-3.0,collision
1055,-2.4896721839904785,-3.7824387550354004,-0.0002461267285980284,0.03233858942985535,0.03233816474676132,1.0,-3.0,collision
1056,-2.489271402359009,-3.781461715698242,-0.0002461495460011065,0.03300141915678978,0.03300141543149948,1.0,-3.0,collision
1057,-2.488868236541748,-3.7804856300354004,-0.00024645301164127886,0.03300221636891365,0.03300221264362335,1.0,-3.0,collision
1058,-2.4884634017944336,-3.779510259628296,-0.0002467192243784666,0.03300151601433754,0.03300151601433754,1.0,3.0,collision
1059,-2.4880611896514893,-3.778533935546875,-0.0002469230385031551,0.0329977385699749,0.0329977385699749,1.0,3.0,collision
1060,-2.4876604080200195,-3.777556896209717,-0.0002470759500283748,0.03300141915678978,0.03300141543149948,1.0,-3.0,collision
1061,-2.48765230178833,-3.7775375843048096,-0.00025208937586285174,0.0006729969172738492,0.0006545070791617036,0.0,-3.0,collision
1062,-2.4872474670410156,-3.776562452316284,-0.00024655769811943173,0.032995086163282394,0.03299463540315628,1.0,0.0,collision
1063,-2.4872398376464844,-3.776542901992798,-0.0002514748484827578,0.0006735814968124032,0.0006558204186148942,0.0,3.0,collision
1064,-2.486842393875122,-3.775580883026123,-0.0002461076946929097,0.032528094947338104,0.03252766281366348,1.0,-3.0,collision
1065,-2.4864377975463867,-3.7746052742004395,-0.00024616997689008713,0.03300554305315018,0.03300554305315018,1.0,3.0,collision
1066,-2.486429452896118,-3.7745859622955322,-0.00025134292081929743,0.000677009578794241,0.0006574266008101404,0.0,-3.0,collision
1067,-2.4864299297332764,-3.7745859622955322,-0.00025094530428759754,1.9402012185310014e-05,1.4901160284352954e-05,0.0,3.0,collision
1068,-2.486429452896118,-3.7745862007141113,-0.00025030868710018694,2.594876423245296e-05,1.6660003893775865e-05,0.0,-3.0,collision
1069,-2.486032009124756,-3.7736306190490723,-0.00024490809300914407,0.03234227001667023,0.03234182670712471,1.0,-3.0,collision
1070,-2.486027479171753,-3.773618221282959,-0.0002500899136066437,0.0004431293345987797,0.0004124823026359081,0.0,3.0,collision
1071,-2.485630512237549,-3.77266263961792,-0.00024499851861037314,0.03233649954199791,0.03233610838651657,1.0,3.0,collision
1072,-2.4856255054473877,-3.772650718688965,-0.0002501550770830363,0.00043500016909092665,0.0004040523199364543,0.0,-3.0,collision
1073,-2.4852280616760254,-3.771695137023926,-0.0002450484607834369,0.03234222158789635,0.03234182670712471,1.0,-3.0,collision
1074,-2.484821081161499,-3.7707207202911377,-0.00024529497022740543,0.032999780029058456,0.03299977630376816,1.0,3.0,collision
1075,-2.4848129749298096,-3.7707014083862305,-0.0002506423043087125,0.0006755022332072258,0.0006545070791617036,0.0,-3.0,collision
1076,-2.4844131469726562,-3.769747018814087,-0.00024548894725739956,0.032336555421352386,0.03233615309000015,1.0,-3.0,collision
1077,-2.4840035438537598,-3.7687735557556152,-0.00024564957129769027,0.03300397843122482,0.03300397843122482,1.0,3.0,collision
1078,-2.4840033054351807,-3.768773317337036,-0.00025102702784352005,0.00016837551083881408,1.0536711670283694e-05,0.0,0.0,collision
1079,-2.4840030670166016,-3.768773317337036,-0.00025058616301976144,1.5662617443013005e-05,7.450580142176477e-06,0.0,-3.0,collision
1080,-2.4840028285980225,-3.7687735557556152,-0.000250026467256248,2.0419098291313276e-05,1.0536711670283694e-05,0.0,-3.0,collision
1081,-2.4840025901794434,-3.7687735557556152,-0.00024956828565336764,1.61406696861377e-05,7.450580142176477e-06,0.0,-3.0,collision
1082,-2.4835970401763916,-3.7678213119506836,-0.00024432569625787437,0.032344378530979156,0.03234395757317543,1.0,3.0,collision
1083,-2.483185291290283,-3.7668488025665283,-0.0002446839935146272,0.03300260007381439,0.033002596348524094,1.0,-3.0,collision
1084,-2.482771396636963,-3.7658772468566895,-0.0002452793996781111,0.033001385629177094,0.0330013781785965,1.0,-3.0,collision
1085,-2.4823555946350098,-3.764906644821167,-0.00024578088778071105,0.03299739211797714,0.032997388392686844,1.0,3.0,collision
1086,-2.4819416999816895,-3.763935089111328,-0.00024616302107460797,0.033001381903886795,0.0330013781785965,1.0,-3.0,collision
1087,-2.481525421142578,-3.7629644870758057,-0.00024647777900099754,0.03300325945019722,0.03300325945019722,1.0,-3.0,collision
1088,-2.481107473373413,-3.7619948387145996,-0.00024673991720192134,0.03299647942185402,0.03299647942185402,1.0,3.0,collision
1089,-2.4810991287231445,-3.7619755268096924,-0.0002518118708394468,0.0006762629491277039,0.0006574266008101404,0.0,-3.0,collision
1090,-2.4806809425354004,-3.7610058784484863,-0.00024633517023175955,0.03299987316131592,0.0329994298517704,1.0,0.0,collision
1091,-2.4806809425354004,-3.7610056400299072,-0.0002513872750569135,0.00015805396833457053,7.450580142176477e-06,0.0,0.0,collision
1092,-2.4802703857421875,-3.7600555419921875,-0.00024597940500825644,0.03234446421265602,0.032344020903110504,1.0,-3.0,collision
1093,-2.48026180267334,-3.7600364685058594,-0.00025090930284932256,0.000671526649966836,0.0006536159780807793,0.0,-3.0,collision
1094,-2.4798424243927,-3.7590763568878174,-0.0002456410729791969,0.03274129331111908,0.03274087980389595,1.0,3.0,collision
1095,-2.479842185974121,-3.7590761184692383,-0.0002507904719095677,0.00016126330592669547,1.0536711670283694e-05,0.0,0.0,collision
1096,-2.4794294834136963,-3.758126974105835,-0.0002455000358168036,0.03234376758337021,0.03234334662556648,1.0,-3.0,collision
1097,-2.4794209003448486,-3.758107900619507,-0.0002505258598830551,0.0006722207181155682,0.0006536159780807793,0.0,-3.0,collision
1098,-2.479003429412842,-3.7571609020233154,-0.0002453826309647411,0.032342083752155304,0.03234168514609337,1.0,-3.0,collision
1099,-2.4790000915527344,-3.757152557373047,-0.000250502722337842,0.00032323712366633117,0.00028085822123102844,0.0,3.0,collision
1100,-2.4785830974578857,-3.7562053203582764,-0.0002453114138916135,0.032342903316020966,0.03234249725937843,1.0,3.0,collision
1101,-2.4781599044799805,-3.7552378177642822,-0.0002454833302181214,0.03300026059150696,0.03300025686621666,1.0,-3.0,collision
1102,-2.4777350425720215,-3.7542710304260254,-0.0002459294628351927,0.03300073370337486,0.033000729978084564,1.0,3.0,collision
1103,-2.4773123264312744,-3.753303289413452,-0.0002462910197209567,0.033001117408275604,0.033001117408275604,1.0,3.0,collision
1104,-2.4768919944763184,-3.7523345947265625,-0.0002465806610416621,0.0329987034201622,0.0329986996948719,1.0,3.0,collision
1105,-2.476473093032837,-3.7513651847839355,-0.0002468018501531333,0.03300144895911217,0.03300144895911217,1.0,-3.0,collision
1106,-2.4764647483825684,-3.7513458728790283,-0.00025187002029269934,0.0006762352422811091,0.0006574266008101404,0.0,-3.0,collision
1107,-2.4760446548461914,-3.75038480758667,-0.00024641925119794905,0.0327775813639164,0.03277713432908058,1.0,3.0,collision
1108,-2.476036548614502,-3.7503654956817627,-0.00025131754227913916,0.0006721684476360679,0.0006545070791617036,0.0,-3.0,collision
1109,-2.475621223449707,-3.749417543411255,-0.0002460176183376461,0.03234241157770157,0.03234199061989784,1.0,-3.0,collision
1110,-2.4756126403808594,-3.7493984699249268,-0.0002509437035769224,0.0006714993505738676,0.0006536159780807793,0.0,-3.0,collision
1111,-2.4751927852630615,-3.7484524250030518,-0.00024571697576902807,0.03234498202800751,0.03234456479549408,1.0,-3.0,collision
1112,-2.474762201309204,-3.747488021850586,-0.00024582608602941036,0.03300502896308899,0.03300502523779869,1.0,0.0,collision
1113,-2.474332094192505,-3.74652361869812,-0.0002461998665239662,0.032998956739902496,0.0329989530146122,1.0,3.0,collision
1114,-2.4739036560058594,-3.745558500289917,-0.00024649713304825127,0.03299817442893982,0.03299817442893982,1.0,-3.0,collision
1115,-2.47347354888916,-3.744594097137451,-0.0002467550802975893,0.032998956739902496,0.0329989530146122,1.0,3.0,collision
1116,-2.4734649658203125,-3.744575023651123,-0.0002518242981750518,0.0006725388229824603,0.0006536159780807793,0.0,-3.0,collision
1117,-2.4730427265167236,-3.7436301708221436,-0.00024643525830470026,0.032341282814741135,0.032340846955776215,1.0,-3.0,collision
1118,-2.4726102352142334,-3.742666721343994,-0.0002464063873048872,0.03300218656659126,0.033002182841300964,1.0,3.0,collision
1119,-2.472179889678955,-3.7417023181915283,-0.0002466585428919643,0.03300199285149574,0.03300199285149574,1.0,3.0,collision
1120,-2.4717516899108887,-3.740736961364746,-0.00024687385302968323,0.033001963049173355,0.033001963049173355,1.0,3.0,collision
1121,-2.471325397491455,-3.7397708892822266,-0.00024703628150746226,0.03299828991293907,0.03299828991293907,1.0,-3.0,collision
1122,-2.4708971977233887,-3.7388057708740234,-0.000247186457272619,0.03299515321850777,0.03299515321850777,1.0,3.0,collision
1123,-2.470470666885376,-3.737839698791504,-0.0002472868363838643,0.03300129622220993,0.03300129622220993,1.0,-3.0,collision
1124,-2.4700424671173096,-3.7368743419647217,-0.00024738680804148316,0.033001963049173355,0.033001963049173355,1.0,3.0,collision
1125,-2.470034122467041,-3.7368552684783936,-0.0002523294824641198,0.0006686777342110872,0.0006505939527414739,0.0,-3.0,collision
1126,-2.4696054458618164,-3.7358903884887695,-0.0002467485028319061,0.03299485146999359,0.03299438953399658,1.0,0.0,collision
1127,-2.46917724609375,-3.7349250316619873,-0.00024674442829564214,0.033001963049173355,0.033001963049173355,1.0,3.0,collision
1128,-2.4687509536743164,-3.7339589595794678,-0.00024693302111700177,0.03299828991293907,0.03299828991293907,1.0,3.0,collision
1129,-2.4687435626983643,-3.7339391708374023,-0.00025197662762366235,0.0006786783342249691,0.0006601231289096177,0.0,3.0,collision
1130,-2.4687440395355225,-3.7339389324188232,-0.0002514369843993336,2.370538277318701e-05,1.6660003893775865e-05,0.0,0.0,collision
1131,-2.468329668045044,-3.7329907417297363,-0.00024582110927440226,0.03233734518289566,0.03233686834573746,1.0,-3.0,collision
1132,-2.467904806137085,-3.7320239543914795,-0.00024588999804109335,0.033000729978084564,0.033000729978084564,1.0,-3.0,collision
1133,-2.467478036880493,-3.73105788230896,-0.0002462545526213944,0.033004309982061386,0.03300430625677109,1.0,3.0,collision
1134,-2.467470407485962,-3.7310383319854736,-0.00025143404491245747,0.0006754989153705537,0.0006558204186148942,0.0,3.0,collision
1135,-2.4670565128326416,-3.7300899028778076,-0.0002461239346303046,0.032338161021471024,0.0323377326130867,1.0,3.0,collision
1136,-2.4670565128326416,-3.7300894260406494,-0.0002511199563741684,0.00015683515812270343,1.4901160284352954e-05,0.0,0.0,collision
1137,-2.4666452407836914,-3.729139804840088,-0.0002457725058775395,0.03233965486288071,0.032339222729206085,1.0,3.0,collision
1138,-2.4662275314331055,-3.7281699180603027,-0.0002458503295201808,0.03300037607550621,0.03300037607550621,1.0,-3.0,collision
1139,-2.466219902038574,-3.7281503677368164,-0.000251106423093006,0.0006760764517821372,0.0006558204186148942,0.0,3.0,collision
1140,-2.465810775756836,-3.7271995544433594,-0.00024586153449490666,0.032347261905670166,0.03234684839844704,1.0,3.0,collision
1141,-2.465395450592041,-3.726228713989258,-0.00024592611589469016,0.03299837186932564,0.03299837186932564,1.0,-3.0,collision
1142,-2.465395450592041,-3.7262284755706787,-0.00025125721003860235,0.00016676320228725672,7.450580142176477e-06,0.0,0.0,collision
1143,-2.465395212173462,-3.7262284755706787,-0.00025077068130485713,1.6931433492572978e-05,7.450580142176477e-06,0.0,-3.0,collision
1144,-2.4649834632873535,-3.7252790927886963,-0.0002452883345540613,0.032338764518499374,0.03233831003308296,1.0,-3.0,collision
1145,-2.4645612239837646,-3.724311113357544,-0.00024546426720917225,0.033001985400915146,0.033001985400915146,1.0,-3.0,collision
1146,-2.464553117752075,-3.7242918014526367,-0.0002507974859327078,0.0006753932684659958,0.0006545070791617036,0.0,3.0,collision
1147,-2.464139938354492,-3.7233428955078125,-0.00024561386089771986,0.03234286606311798,0.03234246000647545,1.0,3.0,collision
1148,-2.4641366004943848,-3.7233357429504395,-0.0002506716991774738,0.0002929545589722693,0.00024665810633450747,0.0,-3.0,collision
1149,-2.4637229442596436,-3.7223870754241943,-0.00024544054758735,0.03234199807047844,0.03234158456325531,1.0,-3.0,collision
1150,-2.463714361190796,-3.722368001937866,-0.00025048002135008574,0.0006723204860463738,0.0006536159780807793,0.0,-3.0,collision
1151,-2.4632909297943115,-3.721407413482666,-0.00024528923677280545,0.03280582278966904,0.032805416733026505,1.0,3.0,collision
1152,-2.463282346725464,-3.721388339996338,-0.0002504160220269114,0.0006729648448526859,0.0006536159780807793,0.0,-3.0,collision
1153,-2.4628591537475586,-3.720427989959717,-0.00024524054606445134,0.032795995473861694,0.03279559686779976,1.0,3.0,collision
1154,-2.4628515243530273,-3.7204082012176514,-0.0002503883733879775,0.0006820107810199261,0.0006627667462453246,0.0,3.0,collision
1155,-2.4624385833740234,-3.719459295272827,-0.00024527564528398216,0.032339878380298615,0.032339487224817276,1.0,3.0,collision
1156,-2.462019920349121,-3.7184898853302,-0.0002454675268381834,0.03299849480390549,0.03299849480390549,1.0,3.0,collision
1157,-2.4616034030914307,-3.7175192832946777,-0.0002459076640661806,0.033006202429533005,0.033006198704242706,1.0,3.0,collision
1158,-2.4615964889526367,-3.7174994945526123,-0.000251156889135018,0.0006752848858013749,0.0006550581310875714,0.0,3.0,collision
1159,-2.4611880779266357,-3.716538667678833,-0.00024584916536696255,0.0326261967420578,0.032625775784254074,1.0,-3.0,collision
1160,-2.460772752761841,-3.7155675888061523,-0.00024596674484200776,0.03300522267818451,0.03300522267818451,1.0,-3.0,collision
1161,-2.4603559970855713,-3.714597463607788,-0.00024631855194456875,0.032995447516441345,0.03299544379115105,1.0,3.0,collision
1162,-2.4599411487579346,-3.7136261463165283,-0.0002466024016030133,0.0330062210559845,0.0330062210559845,1.0,3.0,collision
1163,-2.459528923034668,-3.7126541137695312,-0.00024682978983037174,0.03299469128251076,0.03299469128251076,1.0,3.0,collision
1164,-2.459118604660034,-3.7116808891296387,-0.00024701174697838724,0.033005788922309875,0.03300578519701958,1.0,3.0,collision
1165,-2.458709955215454,-3.710707187652588,-0.00024714646860957146,0.03299930319190025,0.03299930319190025,1.0,-3.0,collision
1166,-2.4582996368408203,-3.7097342014312744,-0.00024727467098273337,0.03299892321228981,0.03299892321228981,1.0,3.0,collision
1167,-2.4578909873962402,-3.7087604999542236,-0.0002473573258612305,0.03299930319190025,0.03299930319190025,1.0,-3.0,collision
1168,-2.4574804306030273,-3.70778751373291,-0.0002474432112649083,0.033001821488142014,0.033001817762851715,1.0,3.0,collision
1169,-2.457472562789917,-3.707768201828003,-0.0002523746225051582,0.0006696335622109473,0.0006516596185974777,0.0,-3.0,collision
1170,-2.457473039627075,-3.707768201828003,-0.0002517706889193505,2.4046452381298877e-05,1.4901160284352954e-05,0.0,3.0,collision
1171,-2.4570717811584473,-3.7068140506744385,-0.00024608333478681743,0.032347071915864944,0.03234658017754555,1.0,-3.0,collision
1172,-2.456660509109497,-3.705841541290283,-0.0002461099938955158,0.03299678862094879,0.03299678862094879,1.0,3.0,collision
1173,-2.456251859664917,-3.7048678398132324,-0.0002464208228047937,0.03299930319190025,0.03299930319190025,1.0,3.0,collision
1174,-2.456251859664917,-3.704867362976074,-0.0002516569511499256,0.00016430611140094697,1.4901160284352954e-05,0.0,0.0,collision
1175,-2.455852508544922,-3.7039127349853516,-0.0002462053089402616,0.03233771771192551,0.03233726695179939,1.0,-3.0,collision
1176,-2.4554433822631836,-3.702939033508301,-0.0002462183474563062,0.03300506994128227,0.03300506994128227,1.0,3.0,collision
1177,-2.45503568649292,-3.701965093612671,-0.0002464978606440127,0.03299465402960777,0.032994650304317474,1.0,-3.0,collision
1178,-2.4550282955169678,-3.7019453048706055,-0.00025163820828311145,0.000679386779665947,0.0006601231289096177,0.0,3.0,collision
1179,-2.4550278186798096,-3.7019455432891846,-0.00025116183678619564,2.2342041120282374e-05,1.6660003893775865e-05,0.0,-3.0,collision
1180,-2.4546260833740234,-3.7009918689727783,-0.0002456053625792265,0.03233909606933594,0.03233863040804863,1.0,-3.0,collision
1181,-2.454214572906494,-3.700019359588623,-0.00024572794791311026,0.03299969434738159,0.03299969434738159,1.0,3.0,collision
1182,-2.4542062282562256,-3.700000047683716,-0.000250988028710708,0.0006776649388484657,0.0006574266008101404,0.0,-3.0,collision
1183,-2.453794479370117,-3.6990277767181396,-0.00024567468790337443,0.032996151596307755,0.03299573436379433,1.0,0.0,collision
1184,-2.4533822536468506,-3.6980555057525635,-0.0002458753588143736,0.033001553267240524,0.033001549541950226,1.0,-3.0,collision
1185,-2.4529685974121094,-3.6970839500427246,-0.0002462474803905934,0.0329984612762928,0.0329984612762928,1.0,3.0,collision
1186,-2.4529683589935303,-3.6970837116241455,-0.0002515190572012216,0.00016507339023519307,1.0536711670283694e-05,0.0,0.0,collision
1187,-2.4525649547576904,-3.6961307525634766,-0.00024610632681287825,0.03233877196907997,0.032338324934244156,1.0,3.0,collision
1188,-2.4525575637817383,-3.696110963821411,-0.0002510118065401912,0.000677688920404762,0.0006601231289096177,0.0,3.0,collision
1189,-2.4521589279174805,-3.6951560974121094,-0.00024577139993198216,0.03233594074845314,0.03233552724123001,1.0,3.0,collision
1190,-2.451754093170166,-3.694180727005005,-0.0002458532399032265,0.03300151601433754,0.03300151601433754,1.0,-3.0,collision
1191,-2.4513471126556396,-3.6932060718536377,-0.00024622015189379454,0.03300665691494942,0.03300665318965912,1.0,0.0,collision
1192,-2.4509406089782715,-3.6922316551208496,-0.00024652917636558414,0.03299403935670853,0.03299403935670853,1.0,3.0,collision
1193,-2.450535535812378,-3.691256284713745,-0.0002467610174790025,0.03300437703728676,0.03300437703728676,1.0,-3.0,collision
1194,-2.4501287937164307,-3.690281629562378,-0.00024696625769138336,0.033003780990839005,0.033003780990839005,1.0,3.0,collision
1195,-2.449723958969116,-3.6893064975738525,-0.00024711081641726196,0.03299463540315628,0.03299463540315628,1.0,-3.0,collision
1196,-2.4497156143188477,-3.6892871856689453,-0.0002521171991247684,0.0006757856463082135,0.0006574266008101404,0.0,-3.0,collision
1197,-2.449309825897217,-3.688321828842163,-0.0002466247242409736,0.03272470459342003,0.032724253833293915,1.0,3.0,collision
1198,-2.4489026069641113,-3.687347412109375,-0.000246591807808727,0.03300265222787857,0.03300265222787857,1.0,-3.0,collision
1199,-2.448493003845215,-3.6863741874694824,-0.00024680831120349467,0.03299710899591446,0.03299710899591446,1.0,-3.0,collision
1200,-2.4480817317962646,-3.685401439666748,-0.00024700365611352026,0.03300365433096886,0.03300365060567856,1.0,3.0,collision
1201,-2.4476723670959473,-3.6844279766082764,-0.00024714088067412376,0.033001091331243515,0.033001091331243515,1.0,-3.0,collision
1202,-2.4472603797912598,-3.6834557056427,-0.00024725982802920043,0.03299864009022713,0.03299864009022713,1.0,-3.0,collision
1203,-2.4468469619750977,-3.6824839115142822,-0.00024736530031077564,0.03300239518284798,0.03300239518284798,1.0,3.0,collision
1204,-2.4464359283447266,-3.681511163711548,-0.00024743983522057533,0.033000752329826355,0.033000752329826355,1.0,3.0,collision
1205,-2.4460272789001465,-3.680537700653076,-0.000247499265242368,0.03299243003129959,0.03299243003129959,1.0,3.0,collision
1206,-2.4456207752227783,-3.679563045501709,-0.0002475469373166561,0.03300091624259949,0.03300091251730919,1.0,3.0,collision
1207,-2.4452157020568848,-3.6785876750946045,-0.00024757455685175955,0.03300437703728676,0.03300437703728676,1.0,-3.0,collision
1208,-2.4448091983795166,-3.6776130199432373,-0.00024761693202890456,0.03300091624259949,0.03300091251730919,1.0,3.0,collision
1209,-2.4448013305664062,-3.67759370803833,-0.00025251306942664087,0.0006693807081319392,0.0006516596185974777,0.0,-3.0,collision
1210,-2.4448013305664062,-3.67759370803833,-0.00025187089340761304,2.0067998775630258e-05,0.0,0.0,-3.0,collision
1211,-2.4444003105163574,-3.6766395568847656,-0.00024618403404019773,0.032344184815883636,0.03234369680285454,1.0,3.0,collision
1212,-2.4439940452575684,-3.6756649017333984,-0.0002461808908265084,0.03299804776906967,0.03299804776906967,1.0,3.0,collision
1213,-2.443588972091675,-3.674689531326294,-0.0002464666322339326,0.03300437703728676,0.03300437703728676,1.0,-3.0,collision
1214,-2.4435811042785645,-3.6746699810028076,-0.00025160121731460094,0.0006778308306820691,0.0006585655501112342,0.0,-3.0,collision
1215,-2.4431753158569336,-3.6737043857574463,-0.00024621078046038747,0.0327315591275692,0.03273112326860428,1.0,3.0,collision
1216,-2.4431681632995605,-3.673684597015381,-0.00025115549215115607,0.0006754653877578676,0.0006575532606802881,0.0,3.0,collision
1217,-2.4427683353424072,-3.6727230548858643,-0.00024584803031757474,0.03254284709692001,0.03254242613911629,1.0,-3.0,collision
1218,-2.442761182785034,-3.672703981399536,-0.00025085164816118777,0.0006555004511028528,0.0006365778972394764,0.0,3.0,collision
1219,-2.44236159324646,-3.671743392944336,-0.00024560533347539604,0.03251245990395546,0.03251204267144203,1.0,-3.0,collision
1220,-2.4419538974761963,-3.670769214630127,-0.0002457555674482137,0.033001527190208435,0.033001527190208435,1.0,-3.0,collision
1221,-2.4415442943573,-3.6697957515716553,-0.0002461436961311847,0.03300398215651512,0.03300397843122482,1.0,0.0,collision
1222,-2.4411351680755615,-3.6688222885131836,-0.0002464677672833204,0.03299820423126221,0.03299820050597191,1.0,3.0,collision
1223,-2.440727472305298,-3.6678481101989746,-0.0002467121521476656,0.033001527190208435,0.033001527190208435,1.0,-3.0,collision
1224,-2.4403181076049805,-3.666874647140503,-0.00024692187434993684,0.033001091331243515,0.033001091331243515,1.0,0.0,collision
1225,-2.439908266067505,-3.6659014225006104,-0.0002470810723025352,0.033000003546476364,0.033000003546476364,1.0,-3.0,collision
1226,-2.4394962787628174,-3.664929151535034,-0.00024721238878555596,0.03299864009022713,0.03299864009022713,1.0,-3.0,collision
1227,-2.439082145690918,-3.6639575958251953,-0.00024731774465180933,0.03300429880619049,0.03300429880619049,1.0,-3.0,collision
1228,-2.439073324203491,-3.663938522338867,-0.00025228370213881135,0.0006747954175807536,0.0006567084928974509,0.0,-3.0,collision
1229,-2.4386627674102783,-3.6629886627197266,-0.0002468041202519089,0.03233763575553894,0.03233718499541283,1.0,-3.0,collision
1230,-2.438241720199585,-3.662020206451416,-0.0002466919249854982,0.033000774681568146,0.033000774681568146,1.0,-3.0,collision
1231,-2.4382410049438477,-3.662020206451416,-0.0002518699911888689,0.00016335101099684834,2.235173997178208e-05,0.0,0.0,collision
1232,-2.4378268718719482,-3.661071538925171,-0.0002463858691044152,0.03234799578785896,0.03234754130244255,1.0,3.0,collision
1233,-2.437406301498413,-3.6601028442382812,-0.0002463424170855433,0.03300166875123978,0.03300166875123978,1.0,-3.0,collision
1234,-2.4373974800109863,-3.660083770751953,-0.00025148846907541156,0.0006761119002476335,0.0006567084928974509,0.0,-3.0,collision
1235,-2.4369754791259766,-3.6591219902038574,-0.0002461057738400996,0.032821957021951675,0.032821524888277054,1.0,3.0,collision
1236,-2.4365532398223877,-3.658153772354126,-0.0002461959084030241,0.03300881385803223,0.03300881385803223,1.0,0.0,collision
1237,-2.436544895172119,-3.658134698867798,-0.00025137022021226585,0.0006703868275508285,0.0006505939527414739,0.0,-3.0,collision
1238,-2.436544418334961,-3.658134937286377,-0.00025095732416957617,2.107233194692526e-05,1.6660003893775865e-05,0.0,-3.0,collision
1239,-2.4361259937286377,-3.6571884155273438,-0.0002454420900903642,0.03234054893255234,0.03234008699655533,1.0,-3.0,collision
1240,-2.4361231327056885,-3.6571807861328125,-0.0002505411393940449,0.000300379644613713,0.0002546311297919601,0.0,3.0,collision
1241,-2.435703992843628,-3.6562345027923584,-0.0002453263441566378,0.032342731952667236,0.03234231844544411,1.0,-3.0,collision
1242,-2.435274362564087,-3.6552698612213135,-0.00024550617672502995,0.03299969807267189,0.03299969807267189,1.0,-3.0,collision
1243,-2.4352738857269287,-3.6552696228027344,-0.00025092196301557124,0.00017006133566610515,1.6660003893775865e-05,0.0,0.0,collision
1244,-2.4352731704711914,-3.6552700996398926,-0.00025050301337614655,2.9883940442232415e-05,2.6863448510994203e-05,0.0,-3.0,collision
1245,-2.435272455215454,-3.6552703380584717,-0.00024996043066494167,2.9027703931205906e-05,2.3560804038424976e-05,0.0,-3.0,collision
1246,-2.4348459243774414,-3.654327154159546,-0.0002446392609272152,0.032348696142435074,0.03234826773405075,1.0,3.0,collision
1247,-2.4348442554473877,-3.6543235778808594,-0.0002498984686098993,0.00020547762687783688,0.00012332905316725373,0.0,-3.0,collision
1248,-2.434417486190796,-3.653380870819092,-0.0002448027953505516,0.032338157296180725,0.03233776241540909,1.0,-3.0,collision
1249,-2.434415102005005,-3.653374671936035,-0.00025004681083373725,0.0002644462510943413,0.00020754915021825582,0.0,3.0,collision
1250,-2.433987855911255,-3.6524319648742676,-0.00024492546799592674,0.032344307750463486,0.03234391286969185,1.0,-3.0,collision
1251,-2.4335498809814453,-3.651470899581909,-0.00024518536520190537,0.033004920929670334,0.033004917204380035,1.0,-3.0,collision
1252,-2.433110237121582,-3.650510787963867,-0.00024569142260588706,0.03299948573112488,0.03299948200583458,1.0,3.0,collision
1253,-2.4326729774475098,-3.6495494842529297,-0.0002461003896314651,0.03300243988633156,0.03300243616104126,1.0,3.0,collision
1254,-2.4326648712158203,-3.6495301723480225,-0.00025131116854026914,0.0006744592683389783,0.0006545070791617036,0.0,3.0,collision
1255,-2.432664632797241,-3.6495304107666016,-0.0002508999314159155,1.6618501831544563e-05,1.0536711670283694e-05,0.0,-3.0,collision
1256,-2.4322385787963867,-3.6485869884490967,-0.00024540635058656335,0.032349374145269394,0.03234891965985298,1.0,3.0,collision
1257,-2.4318056106567383,-3.6476237773895264,-0.00024554875562898815,0.03300149366259575,0.03300149366259575,1.0,-3.0,collision
1258,-2.431370496749878,-3.6466615200042725,-0.0002459709357935935,0.033001888543367386,0.03300188481807709,1.0,-3.0,collision
1259,-2.4309329986572266,-3.645700454711914,-0.0002463238488417119,0.032998744398355484,0.032998744398355484,1.0,-3.0,collision
1260,-2.4304933547973633,-3.644740343093872,-0.0002466070291120559,0.03299948200583458,0.03299948200583458,1.0,-3.0,collision
1261,-2.4304847717285156,-3.644721269607544,-0.00025172680034302175,0.0006729126907885075,0.0006536159780807793,0.0,3.0,collision
1262,-2.4300472736358643,-3.6437666416168213,-0.00024627827224321663,0.03281620144844055,0.03281576186418533,1.0,-3.0,collision
1263,-2.4300379753112793,-3.6437478065490723,-0.0002512190549168736,0.0006743268459104002,0.0006564125651493669,0.0,-3.0,collision
1264,-2.42960262298584,-3.6428089141845703,-0.0002459404931869358,0.03234153613448143,0.032341115176677704,1.0,-3.0,collision
1265,-2.429156541824341,-3.6418519020080566,-0.00024600059259682894,0.03299592435359955,0.03299592435359955,1.0,-3.0,collision
1266,-2.4291467666625977,-3.6418330669403076,-0.0002512162027414888,0.0006828794139437377,0.0006631434662267566,0.0,-3.0,collision
1267,-2.4291460514068604,-3.641833543777466,-0.0002508347388356924,2.938961006293539e-05,2.6863448510994203e-05,0.0,-3.0,collision
1268,-2.4287030696868896,-3.640897750854492,-0.0002453537890687585,0.032355014234781265,0.03235455974936485,1.0,3.0,collision
1269,-2.428253650665283,-3.639942169189453,-0.0002455170906614512,0.0329996719956398,0.0329996682703495,1.0,3.0,collision
1270,-2.4278059005737305,-3.6389856338500977,-0.00024593615671619773,0.03300449997186661,0.03300449624657631,1.0,-3.0,collision
1271,-2.4277968406677246,-3.6389667987823486,-0.00025117755285464227,0.0006733732298016548,0.0006531486287713051,0.0,-3.0,collision
1272,-2.4277963638305664,-3.6389670372009277,-0.0002508040051907301,2.034264434769284e-05,1.6660003893775865e-05,0.0,-3.0,collision
1273,-2.427351713180542,-3.6380321979522705,-0.0002453295746818185,0.03235044330358505,0.03234999254345894,1.0,3.0,collision
1274,-2.427351713180542,-3.6380317211151123,-0.0002504719886928797,0.00016138980572577566,1.4901160284352954e-05,0.0,0.0,collision
1275,-2.4269094467163086,-3.6370961666107178,-0.0002452530898153782,0.03233867511153221,0.03233826532959938,1.0,3.0,collision
1276,-2.4269094467163086,-3.6370952129364014,-0.0002504117146600038,0.00016393866098951548,2.980232056870591e-05,0.0,-3.0,collision
1277,-2.426909923553467,-3.6370949745178223,-0.00025009707314893603,1.9345146938576363e-05,1.6660003893775865e-05,0.0,3.0,collision
1278,-2.4264700412750244,-3.6361582279205322,-0.0002447506703902036,0.0323406420648098,0.03234020993113518,1.0,3.0,collision
1279,-2.426023006439209,-3.6352014541625977,-0.0002450229076202959,0.03300177678465843,0.03300177678465843,1.0,-3.0,collision
1280,-2.4260146617889404,-3.6351821422576904,-0.00025044448557309806,0.0006789067410863936,0.0006574266008101404,0.0,3.0,collision
1281,-2.425577163696289,-3.634244203567505,-0.00024533187388442457,0.032342761754989624,0.03234236687421799,1.0,3.0,collision
1282,-2.4251325130462646,-3.633286476135254,-0.00024550259695388377,0.032997336238622665,0.032997336238622665,1.0,-3.0,collision
1283,-2.4246861934661865,-3.632329225540161,-0.0002459452080074698,0.03300582617521286,0.03300582617521286,1.0,3.0,collision
1284,-2.424241542816162,-3.63137149810791,-0.00024629352265037596,0.032997336238622665,0.032997336238622665,1.0,-3.0,collision
1285,-2.4242327213287354,-3.631352424621582,-0.00025146393454633653,0.0006762933335267007,0.0006567084928974509,0.0,-3.0,collision
1286,-2.4237842559814453,-3.630397081375122,-0.00024606415536254644,0.03298068419098854,0.03298025205731392,1.0,3.0,collision
1287,-2.42333722114563,-3.6294403076171875,-0.0002461796684656292,0.03300177678465843,0.03300177678465843,1.0,-3.0,collision
1288,-2.42288875579834,-3.6284842491149902,-0.0002464906719978899,0.033000487834215164,0.033000487834215164,1.0,3.0,collision
1289,-2.4224424362182617,-3.6275272369384766,-0.000246740150032565,0.03299907594919205,0.03299907594919205,1.0,3.0,collision
1290,-2.4224343299865723,-3.6275076866149902,-0.00025182284298352897,0.0006801882991567254,0.0006613832665607333,0.0,3.0,collision
1291,-2.4224345684051514,-3.6275076866149902,-0.00025131404981948435,1.7558881154400297e-05,7.450580142176477e-06,0.0,0.0,collision
1292,-2.4220006465911865,-3.626568078994751,-0.00024572276743128896,0.032343097031116486,0.03234262391924858,1.0,-3.0,collision
1293,-2.421999454498291,-3.626563787460327,-0.00025078191538341343,0.00021063827443867922,0.0001391883270116523,0.0,3.0,collision
1294,-2.421565532684326,-3.625624179840088,-0.0002455141511745751,0.03234304487705231,0.03234262391924858,1.0,3.0,collision
1295,-2.4211251735687256,-3.624664545059204,-0.000245644390815869,0.03299525007605553,0.03299525007605553,1.0,-3.0,collision
1296,-2.4211161136627197,-3.624645471572876,-0.0002509301120880991,0.0006802304415032268,0.0006598707986995578,0.0,-3.0,collision
1297,-2.4206721782684326,-3.6236889362335205,-0.0002456409565638751,0.03295455127954483,0.0329541340470314,1.0,3.0,collision
1298,-2.4202301502227783,-3.622730016708374,-0.0002458469243720174,0.03299673646688461,0.03299673646688461,1.0,3.0,collision
1299,-2.4202215671539307,-3.622710943222046,-0.0002510868071112782,0.0006738149677403271,0.0006536159780807793,0.0,-3.0,collision
1300,-2.4202215671539307,-3.622710943222046,-0.0002507296740077436,1.11604085759609e-05,0.0,0.0,-3.0,collision
1301,-2.419785261154175,-3.621772527694702,-0.00024525969638489187,0.032340601086616516,0.0323401503264904,1.0,-3.0,collision
1302,-2.419337511062622,-3.6208159923553467,-0.00024544133339077234,0.03300449624657631,0.03300449624657631,1.0,-3.0,collision
1303,-2.4193289279937744,-3.6207969188690186,-0.00025077920872718096,0.000674565730150789,0.0006536159780807793,0.0,3.0,collision
1304,-2.4188828468322754,-3.6198441982269287,-0.0002455109788570553,0.032874833792448044,0.032874420285224915,1.0,-3.0,collision
1305,-2.418433427810669,-3.6188886165618896,-0.0002457361842971295,0.0329996719956398,0.0329996682703495,1.0,0.0,collision
1306,-2.41843318939209,-3.6188883781433105,-0.00025110505521297455,0.0001681077410466969,1.0536711670283694e-05,0.0,0.0,collision
1307,-2.4184324741363525,-3.6188886165618896,-0.0002506492310203612,2.7532116291695274e-05,2.3560804038424976e-05,0.0,-3.0,collision
1308,-2.4179813861846924,-3.617934226989746,-0.00024510061484761536,0.03298867121338844,0.03298821672797203,1.0,0.0,collision
1309,-2.4175305366516113,-3.6169793605804443,-0.0002454114146530628,0.03299850597977638,0.03299850597977638,1.0,3.0,collision
1310,-2.417081117630005,-3.616023540496826,-0.00024585597566328943,0.03300641477108002,0.03300641104578972,1.0,-3.0,collision
1311,-2.416630268096924,-3.6150686740875244,-0.0002462417760398239,0.03299850597977638,0.03299850597977638,1.0,3.0,collision
1312,-2.416630268096924,-3.6150684356689453,-0.00025151498266495764,0.00016495604359079152,7.450580142176477e-06,0.0,0.0,collision
1313,-2.4161813259124756,-3.6141128540039062,-0.00024600117467343807,0.03299378231167793,0.03299333155155182,1.0,0.0,collision
1314,-2.4157321453094482,-3.613157272338867,-0.0002461321128066629,0.03299649804830551,0.03299649804830551,1.0,-3.0,collision
1315,-2.4157235622406006,-3.61313796043396,-0.00025133584858849645,0.0006801435956731439,0.0006604173104278743,0.0,3.0,collision
1316,-2.415283679962158,-3.61220121383667,-0.0002460450050421059,0.0323406346142292,0.03234020993113518,1.0,3.0,collision
1317,-2.414837598800659,-3.6112442016601562,-0.0002460830728523433,0.03299592435359955,0.03299592435359955,1.0,3.0,collision
1318,-2.4143929481506348,-3.610286235809326,-0.00024638924514874816,0.033004093915224075,0.03300409018993378,1.0,-3.0,collision
1319,-2.414384126663208,-3.610267162322998,-0.0002515395462978631,0.0006761435070075095,0.0006567084928974509,0.0,-3.0,collision
1320,-2.4139437675476074,-3.609330654144287,-0.00024620816111564636,0.03234023228287697,0.032339803874492645,1.0,-3.0,collision
1321,-2.413942575454712,-3.6093273162841797,-0.00025118826306425035,0.00019101858197245747,0.00011076084047090262,0.0,3.0,collision
1322,-2.413942575454712,-3.6093270778656006,-0.00025072082644328475,1.639777656237129e-05,7.450580142176477e-06,0.0,3.0,collision
1323,-2.413503885269165,-3.6083898544311523,-0.0002452387707307935,0.03233833983540535,0.03233788534998894,1.0,-3.0,collision
1324,-2.4130547046661377,-3.607434034347534,-0.00024543431936763227,0.033003244549036026,0.03300324082374573,1.0,3.0,collision
1325,-2.4126076698303223,-3.6064772605895996,-0.0002458802773617208,0.03300178050994873,0.03300177678465843,1.0,3.0,collision
1326,-2.4121623039245605,-3.6055197715759277,-0.0002462411648593843,0.032999999821186066,0.032999999821186066,1.0,-3.0,collision
1327,-2.411714792251587,-3.6045634746551514,-0.00024654011940583587,0.032994594424963,0.0329945906996727,1.0,-3.0,collision
1328,-2.4117062091827393,-3.604544162750244,-0.0002516729582566768,0.0006796172820031643,0.0006604173104278743,0.0,3.0,collision
1329,-2.4112601280212402,-3.6035916805267334,-0.0002462269621901214,0.03286811336874962,0.0328676700592041,1.0,-3.0,collision
1330,-2.410810947418213,-3.6026358604431152,-0.000246313662501052,0.033003244549036026,0.03300324082374573,1.0,3.0,collision
1331,-2.410801887512207,-3.602617025375366,-0.00025146020925603807,0.0006726583815179765,0.0006531486287713051,0.0,-3.0,collision
1332,-2.4103610515594482,-3.6016807556152344,-0.0002461434924043715,0.03233983367681503,0.03233940899372101,1.0,-3.0,collision
1333,-2.410351514816284,-3.6016619205474854,-0.0002510452177375555,0.0006772936321794987,0.0006597446044906974,0.0,-3.0,collision
1334,-2.410351037979126,-3.6016621589660645,-0.00025068377726711333,2.0127918105572462e-05,1.6660003893775865e-05,0.0,-3.0,collision
1335,-2.4099035263061523,-3.600728988647461,-0.0002452227345202118,0.032341912388801575,0.03234146162867546,1.0,-3.0,collision
1336,-2.4098939895629883,-3.600710153579712,-0.0002502946008462459,0.0006785158766433597,0.0006597446044906974,0.0,-3.0,collision
1337,-2.4094419479370117,-3.5997791290283203,-0.0002451972395647317,0.03234298154711723,0.032342590391635895,1.0,-3.0,collision
1338,-2.4094414710998535,-3.599777936935425,-0.0002503902360331267,0.00016716754180379212,4.0122602513292804e-05,0.0,3.0,collision
1339,-2.4094414710998535,-3.599778175354004,-0.0002500717528164387,1.2432433322828729e-05,7.450580142176477e-06,0.0,3.0,collision
1340,-2.4089910984039307,-3.598846197128296,-0.00024471909273415804,0.03234710916876793,0.03234667703509331,1.0,-3.0,collision
1341,-2.4085302352905273,-3.597896099090576,-0.0002450186002533883,0.032999187707901,0.032999187707901,1.0,3.0,collision
1342,-2.408071517944336,-3.596944808959961,-0.0002455477078910917,0.03300353139638901,0.03300352767109871,1.0,3.0,collision
1343,-2.4076149463653564,-3.5959925651550293,-0.00024598019081167877,0.03300132974982262,0.03300132602453232,1.0,0.0,collision
1344,-2.4071578979492188,-3.5950405597686768,-0.0002463272830937058,0.03300105780363083,0.03300105780363083,1.0,-3.0,collision
1345,-2.4066991806030273,-3.5940892696380615,-0.00024661951465532184,0.03300352767109871,0.03300352767109871,1.0,3.0,collision
1346,-2.406242609024048,-3.593137264251709,-0.00024683852097950876,0.03299460932612419,0.03299460932612419,1.0,0.0,collision
1347,-2.4062342643737793,-3.5931179523468018,-0.0002519070403650403,0.0006762378034181893,0.0006574266008101404,0.0,3.0,collision
1348,-2.4057888984680176,-3.5921835899353027,-0.0002465024881530553,0.032346587628126144,0.03234614431858063,1.0,3.0,collision
1349,-2.4057891368865967,-3.5921833515167236,-0.00025142260710708797,0.00015411432832479477,1.0536711670283694e-05,0.0,0.0,collision
1350,-2.405789613723755,-3.5921831130981445,-0.00025089894188567996,2.3352811695076525e-05,1.6660003893775865e-05,0.0,3.0,collision
1351,-2.405348062515259,-3.591247081756592,-0.0002453807392157614,0.03234265744686127,0.03234219551086426,1.0,-3.0,collision
1352,-2.404895782470703,-3.5902926921844482,-0.0002455479116179049,0.03300414979457855,0.03300414979457855,1.0,3.0,collision
1353,-2.4048876762390137,-3.590273380279541,-0.0002508547040633857,0.000675189949106425,0.0006545070791617036,0.0,3.0,collision
1354,-2.4044406414031982,-3.5893208980560303,-0.0002455689536873251,0.032880738377571106,0.03288032487034798,1.0,-3.0,collision
1355,-2.4039900302886963,-3.5883657932281494,-0.0002457791124470532,0.033002063632011414,0.033002063632011414,1.0,-3.0,collision
1356,-2.4039812088012695,-3.5883467197418213,-0.0002510534250177443,0.0006770764011889696,0.0006567084928974509,0.0,3.0,collision
1357,-2.4039807319641113,-3.5883469581604004,-0.00025069375988096,2.0096837033634074e-05,1.6660003893775865e-05,0.0,-3.0,collision
1358,-2.4035370349884033,-3.587411880493164,-0.00024523091269657016,0.032344382256269455,0.03234393149614334,1.0,-3.0,collision
1359,-2.4030826091766357,-3.586458683013916,-0.0002454284986015409,0.03299929201602936,0.03299929201602936,1.0,3.0,collision
1360,-2.402630090713501,-3.5855045318603516,-0.0002458659000694752,0.03300061449408531,0.03300061076879501,1.0,-3.0,collision
1361,-2.402175188064575,-3.5845515727996826,-0.00024623950594104826,0.032998986542224884,0.032998982816934586,1.0,-3.0,collision
1362,-2.4017181396484375,-3.58359956741333,-0.0002465396246407181,0.03300105780363083,0.03300105780363083,1.0,-3.0,collision
1363,-2.4017083644866943,-3.58358097076416,-0.0002516616368666291,0.0006757692899554968,0.0006565394578501582,0.0,-3.0,collision
1364,-2.401707649230957,-3.5835812091827393,-0.0002511915809009224,2.7764823244069703e-05,2.3560804038424976e-05,0.0,-3.0,collision
1365,-2.4012539386749268,-3.582650661468506,-0.00024563941406086087,0.032352473586797714,0.032352007925510406,1.0,3.0,collision
1366,-2.4007937908172607,-3.581700325012207,-0.00024574558483436704,0.03299614414572716,0.03299614414572716,1.0,3.0,collision
1367,-2.4007937908172607,-3.581699848175049,-0.00025110255228355527,0.0001680671120993793,1.4901160284352954e-05,0.0,0.0,collision
1368,-2.400344133377075,-3.580767869949341,-0.00024576098076067865,0.03233738988637924,0.03233695402741432,1.0,-3.0,collision
1369,-2.399883270263672,-3.579817771911621,-0.00024585274513810873,0.032999187707901,0.032999187707901,1.0,-3.0,collision
1370,-2.3994204998016357,-3.5788683891296387,-0.000246225215960294,0.03300515189766884,0.03300515189766884,1.0,3.0,collision
1371,-2.3994202613830566,-3.5788681507110596,-0.0002515010128263384,0.00016520499775651842,1.0536711670283694e-05,0.0,0.0,collision
1372,-2.3994200229644775,-3.5788683891296387,-0.00025096602621488273,1.976170278794598e-05,1.0536711670283694e-05,0.0,-3.0,collision
1373,-2.3994202613830566,-3.5788681507110596,-0.00025034075952135026,2.21994941966841e-05,1.0536711670283694e-05,0.0,3.0,collision
1374,-2.399420738220215,-3.5788681507110596,-0.0002498201502021402,2.2061873096390627e-05,1.4901160284352954e-05,0.0,3.0,collision
1375,-2.398970603942871,-3.5779361724853516,-0.0002445068093948066,0.03234386444091797,0.032343436032533646,1.0,-3.0,collision
1376,-2.398961067199707,-3.5779173374176025,-0.00024972116807475686,0.0006795698427595198,0.0006597446044906974,0.0,-3.0,collision
1377,-2.398498296737671,-3.5769691467285156,-0.00024465456954203546,0.032972048968076706,0.032971665263175964,1.0,3.0,collision
1378,-2.3980374336242676,-3.576018810272217,-0.00024506141198799014,0.03300589323043823,0.033005889505147934,1.0,3.0,collision
1379,-2.397578477859497,-3.5750677585601807,-0.00024557634606026113,0.03300005570054054,0.033000051975250244,1.0,-3.0,collision
1380,-2.3971171379089355,-3.57411789894104,-0.0002460078685544431,0.03299899026751518,0.032998986542224884,1.0,-3.0,collision
1381,-2.3966541290283203,-3.5731687545776367,-0.0002463641867507249,0.033001720905303955,0.03300171718001366,1.0,3.0,collision
1382,-2.396192789077759,-3.572218894958496,-0.0002466294972691685,0.03299899026751518,0.032998986542224884,1.0,-3.0,collision
1383,-2.3957297801971436,-3.5712697505950928,-0.00024686098913662136,0.033001720905303955,0.03300171718001366,1.0,3.0,collision
1384,-2.395268678665161,-3.570319652557373,-0.0002470316248945892,0.03300243988633156,0.03300243616104126,1.0,0.0,collision
1385,-2.3948073387145996,-3.5693697929382324,-0.0002471681509632617,0.03299899026751518,0.032998986542224884,1.0,-3.0,collision
1386,-2.3943440914154053,-3.568420648574829,-0.0002472867490723729,0.033004987984895706,0.033004987984895706,1.0,0.0,collision
1387,-2.393880844116211,-3.567471742630005,-0.00024737761123105884,0.03299829363822937,0.03299828991293907,1.0,0.0,collision
1388,-2.3934173583984375,-3.5665228366851807,-0.0002474452485330403,0.03300156071782112,0.03300156071782112,1.0,-3.0,collision
1389,-2.392951726913452,-3.565575122833252,-0.00024750351440161467,0.032997604459524155,0.032997604459524155,1.0,-3.0,collision
1390,-2.392941951751709,-3.565556526184082,-0.00025243201525881886,0.0006743625272065401,0.0006565394578501582,0.0,-3.0,collision
1391,-2.392941951751709,-3.565556526184082,-0.0002518173132557422,1.9209435777156614e-05,0.0,0.0,3.0,collision
1392,-2.392941951751709,-3.565556764602661,-0.00025101564824581146,2.6136476662941277e-05,7.450580142176477e-06,0.0,3.0,collision
1393,-2.392941474914551,-3.5655570030212402,-0.00025034998543560505,2.6651028747437522e-05,1.6660003893775865e-05,0.0,-3.0,collision
1394,-2.3929409980773926,-3.5655572414398193,-0.0002498262620065361,2.335408680664841e-05,1.6660003893775865e-05,0.0,-3.0,collision
1395,-2.3924803733825684,-3.5646305084228516,-0.00024452168145217,0.03234091401100159,0.03234048932790756,1.0,-3.0,collision
1396,-2.392008066177368,-3.563685894012451,-0.00024485078756697476,0.033003468066453934,0.033003464341163635,1.0,-3.0,collision
1397,-2.3915343284606934,-3.562742233276367,-0.00024542328901588917,0.032996851950883865,0.03299684450030327,1.0,3.0,collision
1398,-2.3910627365112305,-3.5617973804473877,-0.00024588595260865986,0.033000148832798004,0.033000145107507706,1.0,3.0,collision
1399,-2.3905928134918213,-3.560851573944092,-0.00024624651996418834,0.03300357609987259,0.03300357237458229,1.0,-3.0,collision
1400,-2.3905832767486572,-3.560832977294922,-0.0002514264779165387,0.0006728675216436386,0.0006531061371788383,0.0,-3.0,collision
1401,-2.3901095390319824,-3.559889793395996,-0.00024603394558653235,0.03298395872116089,0.032983530312776566,1.0,3.0,collision
1402,-2.3896381855010986,-3.5589447021484375,-0.0002461658150423318,0.03300348296761513,0.03300348296761513,1.0,3.0,collision
1403,-2.3891682624816895,-3.5579991340637207,-0.00024645956000313163,0.032996904104948044,0.032996900379657745,1.0,-3.0,collision
1404,-2.3886969089508057,-3.557054042816162,-0.00024672463769093156,0.03300348296761513,0.03300348296761513,1.0,3.0,collision
1405,-2.3882269859313965,-3.5561084747314453,-0.00024691756698302925,0.032996904104948044,0.032996900379657745,1.0,-3.0,collision
1406,-2.3877553939819336,-3.555163621902466,-0.0002470914332661778,0.033000145107507706,0.033000145107507706,1.0,3.0,collision
1407,-2.387746572494507,-3.5551443099975586,-0.0002521040150895715,0.0006817187531851232,0.0006634782184846699,0.0,3.0,collision
1408,-2.3872790336608887,-3.5541985034942627,-0.00024655621382407844,0.03297094628214836,0.03297048807144165,1.0,-3.0,collision
1409,-2.38727068901062,-3.55418062210083,-0.00025148061104118824,0.0006355569930747151,0.0006166452076286077,0.0,3.0,collision
1410,-2.386812925338745,-3.553252696990967,-0.0002467739977873862,0.03233453631401062,0.03233420103788376,1.0,3.0,collision
1411,-2.386348247528076,-3.55230450630188,-0.0002466540317982435,0.03299785405397415,0.03299785405397415,1.0,3.0,collision
1412,-2.385885238647461,-3.5513553619384766,-0.00024684477830305696,0.033001720905303955,0.03300171718001366,1.0,-3.0,collision
1413,-2.385875940322876,-3.5513365268707275,-0.00025190378073602915,0.0006751823239028454,0.0006564125651493669,0.0,-3.0,collision
1414,-2.3854174613952637,-3.5504088401794434,-0.00024649928673170507,0.03233785927295685,0.03233741223812103,1.0,-3.0,collision
1415,-2.3854174613952637,-3.550407886505127,-0.0002514338993933052,0.00015706005797255784,2.980232056870591e-05,0.0,3.0,collision
1416,-2.384958267211914,-3.5494797229766846,-0.0002460076648276299,0.03236112371087074,0.03236067667603493,1.0,-3.0,collision
1417,-2.384488582611084,-3.5485341548919678,-0.00024606153601780534,0.032993584871292114,0.032993584871292114,1.0,3.0,collision
1418,-2.3840208053588867,-3.5475871562957764,-0.00024638246395625174,0.0330071859061718,0.0330071859061718,1.0,3.0,collision
1419,-2.3835556507110596,-3.5466392040252686,-0.0002466529549565166,0.032997723668813705,0.032997723668813705,1.0,3.0,collision
1420,-2.3830924034118652,-3.5456902980804443,-0.0002468701859470457,0.03299829363822937,0.03299828991293907,1.0,3.0,collision
1421,-2.3826308250427246,-3.5447404384613037,-0.0002470333129167557,0.03300224617123604,0.03300224617123604,1.0,-3.0,collision
1422,-2.3821675777435303,-3.5437915325164795,-0.00024718412896618247,0.03299829363822937,0.03299828991293907,1.0,3.0,collision
1423,-2.3817057609558105,-3.542841911315918,-0.0002472849446348846,0.03299880027770996,0.03299880027770996,1.0,-3.0,collision
1424,-2.381241798400879,-3.541893243789673,-0.00024737470084801316,0.03300141170620918,0.033001407980918884,1.0,-3.0,collision
1425,-2.3807756900787354,-3.5409457683563232,-0.00024744714028201997,0.0329974927008152,0.0329974927008152,1.0,-3.0,collision
1426,-2.3807666301727295,-3.540926694869995,-0.0002523979637771845,0.0006777651724405587,0.0006598707986995578,0.0,3.0,collision
1427,-2.380300521850586,-3.539980173110962,-0.0002467923623044044,0.03297121822834015,0.03297075256705284,1.0,-3.0,collision
1428,-2.3802919387817383,-3.53996205329895,-0.0002516672539059073,0.0006448119529522955,0.0006265579140745103,0.0,3.0,collision
1429,-2.379835605621338,-3.5390331745147705,-0.0002462957345414907,0.03234162926673889,0.03234119340777397,1.0,3.0,collision
1430,-2.3793725967407227,-3.538084030151367,-0.0002462826669216156,0.033001720905303955,0.03300171718001366,1.0,3.0,collision
1431,-2.3789114952087402,-3.5371341705322266,-0.0002465489669702947,0.032995738089084625,0.03299573436379433,1.0,-3.0,collision
1432,-2.3789026737213135,-3.5371148586273193,-0.0002516790118534118,0.0006825715536251664,0.0006634782184846699,0.0,3.0,collision
1433,-2.378451108932495,-3.5361835956573486,-0.0002463201235514134,0.03234322369098663,0.03234279155731201,1.0,3.0,collision
1434,-2.377993106842041,-3.5352323055267334,-0.00024630321422591805,0.032993823289871216,0.032993823289871216,1.0,3.0,collision
1435,-2.377993106842041,-3.535231828689575,-0.000251549034146592,0.0001646077143959701,1.4901160284352954e-05,0.0,0.0,collision
1436,-2.3775455951690674,-3.5342986583709717,-0.00024611811386421323,0.03234190493822098,0.03234146162867546,1.0,-3.0,collision
1437,-2.3775362968444824,-3.5342798233032227,-0.0002510204503778368,0.0006740528042428195,0.0006564125651493669,0.0,-3.0,collision
1438,-2.377075672149658,-3.5333304405212402,-0.00024569479865022004,0.032976243644952774,0.03297582268714905,1.0,3.0,collision
1439,-2.3770673274993896,-3.533313274383545,-0.00025077449390664697,0.0006172272260300815,0.0005964653682895005,0.0,-3.0,collision
1440,-2.376614809036255,-3.5323824882507324,-0.00024557634606026113,0.032342810183763504,0.03234240040183067,1.0,-3.0,collision
1441,-2.37660551071167,-3.5323636531829834,-0.000250590848736465,0.0006748580490238965,0.0006564125651493669,0.0,-3.0,collision
1442,-2.3761401176452637,-3.531416416168213,-0.00024535111151635647,0.032981351017951965,0.032980941236019135,1.0,3.0,collision
1443,-2.376131534576416,-3.5313973426818848,-0.0002505022566765547,0.0006731465109623969,0.0006536159780807793,0.0,3.0,collision
1444,-2.376131296157837,-3.5313973426818848,-0.0002502422721590847,1.1023561455658637e-05,7.450580142176477e-06,0.0,-3.0,collision
1445,-2.3756766319274902,-3.5304675102233887,-0.0002448688610456884,0.03234543651342392,0.032345000654459,1.0,-3.0,collision
1446,-2.375211000442505,-3.52951979637146,-0.0002451390610076487,0.032997604459524155,0.032997604459524155,1.0,3.0,collision
1447,-2.37520170211792,-3.529500961303711,-0.00025051712873391807,0.0006775863002985716,0.0006564125651493669,0.0,-3.0,collision
1448,-2.375202178955078,-3.529500961303711,-0.00025028467644006014,1.6577459973632358e-05,1.4901160284352954e-05,0.0,3.0,collision
1449,-2.374746799468994,-3.528571367263794,-0.0002448943560011685,0.032348569482564926,0.032348133623600006,1.0,-3.0,collision
1450,-2.3742806911468506,-3.5276238918304443,-0.0002451591717544943,0.0329974927008152,0.0329974927008152,1.0,3.0,collision
1451,-2.3738162517547607,-3.5266754627227783,-0.0002456504153087735,0.03300127014517784,0.03300127014517784,1.0,-3.0,collision
1452,-2.373350143432617,-3.5257277488708496,-0.0002460772229824215,0.03300418332219124,0.03300417959690094,1.0,3.0,collision
1453,-2.3728857040405273,-3.5247793197631836,-0.00024639995535835624,0.03300127014517784,0.03300127014517784,1.0,-3.0,collision
1454,-2.3724191188812256,-3.523832082748413,-0.0002466672449372709,0.03299739211797714,0.03299739211797714,1.0,-3.0,collision
1455,-2.37195086479187,-3.52288556098938,-0.0002468914317432791,0.03300043195486069,0.03300043195486069,1.0,3.0,collision
1456,-2.3714842796325684,-3.5219380855560303,-0.00024705121177248657,0.033004071563482285,0.033004071563482285,1.0,-3.0,collision
1457,-2.3714752197265625,-3.5219192504882812,-0.0002520811394788325,0.0006717963260598481,0.0006531486287713051,0.0,3.0,collision
1458,-2.371018648147583,-3.5209906101226807,-0.00024664169177412987,0.03233823925256729,0.032337792217731476,1.0,3.0,collision
1459,-2.3705544471740723,-3.5200419425964355,-0.0002465503057464957,0.03300468623638153,0.03300468623638153,1.0,-3.0,collision
1460,-2.370089054107666,-3.5190939903259277,-0.00024678290355950594,0.03300100564956665,0.03300100564956665,1.0,3.0,collision
1461,-2.3696255683898926,-3.5181450843811035,-0.00024697353364899755,0.03300156071782112,0.03300156071782112,1.0,3.0,collision
1462,-2.369163751602173,-3.517195463180542,-0.00024711614241823554,0.03299880027770996,0.03299880027770996,1.0,-3.0,collision
1463,-2.368699789047241,-3.516246795654297,-0.00024723977549001575,0.03300141170620918,0.033001407980918884,1.0,-3.0,collision
1464,-2.368234157562256,-3.515299081802368,-0.0002473493805155158,0.032997604459524155,0.032997604459524155,1.0,3.0,collision
1465,-2.367770195007324,-3.514350414276123,-0.00024741736706346273,0.03300141170620918,0.033001407980918884,1.0,-3.0,collision
1466,-2.36776065826416,-3.514331817626953,-0.00025236248620785773,0.000671139860060066,0.0006531061371788383,0.0,-3.0,collision
1467,-2.367292881011963,-3.513385772705078,-0.0002467827871441841,0.03298093378543854,0.03298047184944153,1.0,3.0,collision
1468,-2.3672852516174316,-3.5133705139160156,-0.00025165503029711545,0.0005544361192733049,0.0005331201246008277,0.0,-3.0,collision
1469,-2.3668177127838135,-3.5124242305755615,-0.0002461884869262576,0.03298429027199745,0.032983846962451935,1.0,3.0,collision
1470,-2.366352081298828,-3.511476516723633,-0.0002462880511302501,0.032997604459524155,0.032997604459524155,1.0,3.0,collision
1471,-2.3658885955810547,-3.5105276107788086,-0.00024656776804476976,0.03300156071782112,0.03300156071782112,1.0,3.0,collision
1472,-2.365426778793335,-3.509577989578247,-0.0002467908780090511,0.03299880027770996,0.03299880027770996,1.0,-3.0,collision
1473,-2.364962577819824,-3.508629322052002,-0.00024697938351891935,0.03300468623638153,0.03300468623638153,1.0,-3.0,collision
1474,-2.3644967079162598,-3.5076818466186523,-0.0002471412590239197,0.03299420326948166,0.03299420326948166,1.0,3.0,collision
1475,-2.36403226852417,-3.5067331790924072,-0.0002472508349455893,0.03300795704126358,0.03300795704126358,1.0,-3.0,collision
1476,-2.3635663986206055,-3.5057857036590576,-0.00024735790793783963,0.03299420326948166,0.03299420326948166,1.0,3.0,collision
1477,-2.363102674484253,-3.5048367977142334,-0.0002474342181812972,0.03300483152270317,0.03300483152270317,1.0,3.0,collision
1478,-2.363102912902832,-3.504836320877075,-0.00025246781297028065,0.00015817962412256747,1.6660003893775865e-05,0.0,0.0,collision
1479,-2.363102912902832,-3.5048365592956543,-0.0002517389948479831,2.3963253624970093e-05,7.450580142176477e-06,0.0,-3.0,collision
1480,-2.3626391887664795,-3.503887891769409,-0.00024597247829660773,0.03299862891435623,0.032998137176036835,1.0,0.0,collision
1481,-2.3621747493743896,-3.502939462661743,-0.00024609846877865493,0.03300127014517784,0.03300127014517784,1.0,-3.0,collision
1482,-2.362166166305542,-3.502920389175415,-0.00025130846188403666,0.0006735885981470346,0.0006536159780807793,0.0,3.0,collision
1483,-2.3617115020751953,-3.501990795135498,-0.00024602311896160245,0.03233873099088669,0.03233831003308296,1.0,3.0,collision
1484,-2.361711263656616,-3.5019900798797607,-0.0002510320337023586,0.00015829184849280864,2.3560804038424976e-05,0.0,-3.0,collision
1485,-2.361711263656616,-3.5019898414611816,-0.00025058756000362337,1.576190879859496e-05,7.450580142176477e-06,0.0,0.0,collision
1486,-2.361711263656616,-3.5019900798797607,-0.000250023091211915,1.9148585124639794e-05,7.450580142176477e-06,0.0,-3.0,collision
1487,-2.361245632171631,-3.501042366027832,-0.00024458879488520324,0.032998040318489075,0.032997604459524155,1.0,0.0,collision
1488,-2.3607802391052246,-3.500094413757324,-0.00024500174913555384,0.03300100937485695,0.03300100564956665,1.0,3.0,collision
1489,-2.3603172302246094,-3.4991455078125,-0.00024553854018449783,0.03299502655863762,0.03299502283334732,1.0,3.0,collision
1490,-2.359856128692627,-3.4981954097747803,-0.0002459785027895123,0.03300243988633156,0.03300243616104126,1.0,3.0,collision
1491,-2.3598475456237793,-3.4981765747070312,-0.00025120287318713963,0.0006671145674772561,0.0006468287901952863,0.0,-3.0,collision
1492,-2.3593947887420654,-3.4972457885742188,-0.0002459373790770769,0.032346080988645554,0.03234565630555153,1.0,-3.0,collision
1493,-2.3589303493499756,-3.4962973594665527,-0.00024599776952527463,0.03300127014517784,0.03300127014517784,1.0,-3.0,collision
1494,-2.358464479446411,-3.495349645614624,-0.00024634154397062957,0.0330008938908577,0.0330008901655674,1.0,3.0,collision
1495,-2.3580007553100586,-3.494400978088379,-0.0002466206206008792,0.03299814090132713,0.032998137176036835,1.0,3.0,collision
1496,-2.3575384616851807,-3.4934515953063965,-0.00024683389347046614,0.03299862518906593,0.03299862518906593,1.0,-3.0,collision
1497,-2.357074022293091,-3.4925031661987305,-0.0002470140461809933,0.03300127014517784,0.03300127014517784,1.0,-3.0,collision
1498,-2.3570644855499268,-3.4924843311309814,-0.0002520404814276844,0.0006781856645829976,0.0006597446044906974,0.0,-3.0,collision
1499,-2.3565964698791504,-3.4915385246276855,-0.0002465253055561334,0.03297754377126694,0.03297709301114082,1.0,3.0,collision
1500,-2.3565878868103027,-3.4915194511413574,-0.00025144184473901987,0.0006714310147799551,0.0006536159780807793,0.0,3.0,collision
1501,-2.3565876483917236,-3.4915194511413574,-0.00025099379126913846,1.58605780598009e-05,7.450580142176477e-06,0.0,-3.0,collision
1502,-2.356130838394165,-3.4905905723571777,-0.0002454807981848717,0.03234822675585747,0.03234776854515076,1.0,3.0,collision
1503,-2.3556668758392334,-3.4896419048309326,-0.00024560836027376354,0.03300141170620918,0.033001407980918884,1.0,-3.0,collision
1504,-2.3552005290985107,-3.488694429397583,-0.00024601860786788166,0.03300078585743904,0.03300078213214874,1.0,-3.0,collision
1505,-2.3547327518463135,-3.4877476692199707,-0.0002463720156811178,0.033000506460666656,0.033000506460666656,1.0,3.0,collision
1506,-2.354267120361328,-3.486799716949463,-0.000246645649895072,0.033004291355609894,0.033004291355609894,1.0,3.0,collision
1507,-2.3538033962249756,-3.4858510494232178,-0.0002468590100761503,0.032998137176036835,0.032998137176036835,1.0,0.0,collision
1508,-2.353339433670044,-3.4849023818969727,-0.0002470299950800836,0.03300141170620918,0.033001407980918884,1.0,-3.0,collision
1509,-2.3528738021850586,-3.483954668045044,-0.00024718150962144136,0.032997604459524155,0.032997604459524155,1.0,3.0,collision
1510,-2.352409601211548,-3.483006000518799,-0.00024728302378207445,0.03300468623638153,0.03300468623638153,1.0,-3.0,collision
1511,-2.352400302886963,-3.482987403869629,-0.00025225497665815055,0.0006680592778138816,0.0006497401627711952,0.0,-3.0,collision
1512,-2.3519325256347656,-3.482041358947754,-0.00024669687263667583,0.03298093006014824,0.03298047184944153,1.0,3.0,collision
1513,-2.351466655731201,-3.481093406677246,-0.0002466959413141012,0.03300757706165314,0.03300757706165314,1.0,3.0,collision
1514,-2.3510026931762695,-3.48014497756958,-0.00024688345729373395,0.03299471735954285,0.03299471735954285,1.0,-3.0,collision
1515,-2.3509938716888428,-3.480125904083252,-0.0002519466506782919,0.0006755006616003811,0.0006567084928974509,0.0,3.0,collision
1516,-2.350529909133911,-3.4791784286499023,-0.00024643100914545357,0.03296839818358421,0.0329679474234581,1.0,-3.0,collision
1517,-2.3500638008117676,-3.4782307147979736,-0.0002464858698658645,0.03300417959690094,0.03300417959690094,1.0,0.0,collision
1518,-2.349597930908203,-3.477283000946045,-0.00024673150619491935,0.0330008901655674,0.0330008901655674,1.0,3.0,collision
1519,-2.349597930908203,-3.477282762527466,-0.00025190573069266975,0.00016186607535928488,7.450580142176477e-06,0.0,0.0,collision
1520,-2.349597692489624,-3.477282762527466,-0.0002512896026019007,2.0645284166675992e-05,7.450580142176477e-06,0.0,-3.0,collision
1521,-2.3495981693267822,-3.477282762527466,-0.000250599579885602,2.621100065880455e-05,1.4901160284352954e-05,0.0,3.0,collision
1522,-2.349597930908203,-3.477282762527466,-0.00025001727044582367,1.9663370039779693e-05,7.450580142176477e-06,0.0,-3.0,collision
1523,-2.3491320610046387,-3.476335287094116,-0.0002445833815727383,0.03299464285373688,0.03299420326948166,1.0,0.0,collision
1524,-2.3486664295196533,-3.4753875732421875,-0.00024499735445715487,0.03299760818481445,0.032997604459524155,1.0,3.0,collision
1525,-2.3486573696136475,-3.4753687381744385,-0.000250407523708418,0.0006746755097992718,0.0006531486287713051,0.0,-3.0,collision
1526,-2.3482000827789307,-3.474440336227417,-0.00024530099472030997,0.0323413722217083,0.03234097361564636,1.0,-3.0,collision
1527,-2.3481905460357666,-3.474421501159668,-0.00025037158047780395,0.0006785065634176135,0.0006597446044906974,0.0,-3.0,collision
1528,-2.347728729248047,-3.4734952449798584,-0.00024525923072360456,0.03234414756298065,0.032343752682209015,1.0,-3.0,collision
1529,-2.347255229949951,-3.4725513458251953,-0.00024545524502173066,0.033000167459249496,0.0330001637339592,1.0,-3.0,collision
1530,-2.346780300140381,-3.4716081619262695,-0.00024590743123553693,0.03300027176737785,0.033000268042087555,1.0,3.0,collision
1531,-2.346306800842285,-3.4706642627716064,-0.0002462636330164969,0.033000167459249496,0.0330001637339592,1.0,-3.0,collision
1532,-2.345831871032715,-3.4697210788726807,-0.0002465682046022266,0.033000268042087555,0.033000268042087555,1.0,3.0,collision
1533,-2.3453588485717773,-3.4687769412994385,-0.00024679748457856476,0.033000148832798004,0.033000148832798004,1.0,0.0,collision
1534,-2.3448855876922607,-3.4678328037261963,-0.0002469810133334249,0.03300348296761513,0.03300348296761513,1.0,-3.0,collision
1535,-2.344876527786255,-3.4678139686584473,-0.0002520252310205251,0.0006719009834341705,0.0006531486287713051,0.0,3.0,collision
1536,-2.3444035053253174,-3.4668707847595215,-0.0002464939025230706,0.03297395631670952,0.032973501831293106,1.0,-3.0,collision
1537,-2.344393730163574,-3.4668524265289307,-0.0002514135849196464,0.0006678891368210316,0.0006499537266790867,0.0,-3.0,collision
1538,-2.3439254760742188,-3.4659292697906494,-0.00024609710089862347,0.03234802931547165,0.032347600907087326,1.0,-3.0,collision
1539,-2.3439152240753174,-3.4659109115600586,-0.00025100793573074043,0.0006747716688551009,0.0006570888217538595,0.0,-3.0,collision
1540,-2.343442678451538,-3.4649901390075684,-0.0002457686932757497,0.03234259784221649,0.03234218806028366,1.0,-3.0,collision
1541,-2.3429582118988037,-3.4640519618988037,-0.00024586296058259904,0.032996274530887604,0.032996270805597305,1.0,-3.0,collision
1542,-2.3424715995788574,-3.4631145000457764,-0.0002462240809109062,0.03300725296139717,0.03300725296139717,1.0,-3.0,collision
1543,-2.341982841491699,-3.4621784687042236,-0.00024652693537063897,0.03299856558442116,0.03299856558442116,1.0,-3.0,collision
1544,-2.341973066329956,-3.462160110473633,-0.00025166227715089917,0.0006694725598208606,0.0006499537266790867,0.0,3.0,collision
1545,-2.341484785079956,-3.4612247943878174,-0.0002462036209180951,0.032972294837236404,0.032971855252981186,1.0,-3.0,collision
1546,-2.3414742946624756,-3.4612064361572266,-0.0002511818311177194,0.0006788201862946153,0.0006607535178773105,0.0,-3.0,collision
1547,-2.340991258621216,-3.4602911472320557,-0.0002459119423292577,0.03234194219112396,0.032341524958610535,1.0,-3.0,collision
1548,-2.3409805297851562,-3.460272789001465,-0.0002508601755835116,0.0006822366267442703,0.0006644815439358354,0.0,-3.0,collision
1549,-2.3404934406280518,-3.459359884262085,-0.0002456507063470781,0.032335489988327026,0.032335080206394196,1.0,-3.0,collision
1550,-2.339994192123413,-3.4584293365478516,-0.00024576878058724105,0.03300047665834427,0.03300047293305397,1.0,-3.0,collision
1551,-2.3394935131073,-3.4574995040893555,-0.0002461578988004476,0.03300195187330246,0.03300194814801216,1.0,3.0,collision
1552,-2.3394830226898193,-3.4574813842773438,-0.00025134626775979996,0.0006740847020410001,0.0006542950286529958,0.0,-3.0,collision
1553,-2.339482307434082,-3.457481622695923,-0.0002509386686142534,2.678347664186731e-05,2.3560804038424976e-05,0.0,-3.0,collision
1554,-2.339482069015503,-3.457481622695923,-0.00025031788391061127,2.0781062630703673e-05,7.450580142176477e-06,0.0,0.0,collision
1555,-2.338989496231079,-3.456571340560913,-0.00024492249940522015,0.03234443813562393,0.03234399855136871,1.0,3.0,collision
1556,-2.338489055633545,-3.455641508102417,-0.00024516048142686486,0.03299842029809952,0.03299841657280922,1.0,-3.0,collision
1557,-2.3384788036346436,-3.455623149871826,-0.0002505428856238723,0.0006782749551348388,0.0006570888217538595,0.0,-3.0,collision
1558,-2.3379836082458496,-3.454714298248291,-0.00024541010498069227,0.03234421834349632,0.03234381973743439,1.0,-3.0,collision
1559,-2.3374762535095215,-3.4537882804870605,-0.00024557672441005707,0.0329967699944973,0.0329967699944973,1.0,-3.0,collision
1560,-2.337466239929199,-3.4537696838378906,-0.00025088826077990234,0.0006805899902246892,0.0006600389606319368,0.0,3.0,collision
1561,-2.3369593620300293,-3.4528443813323975,-0.000245583156356588,0.03297042101621628,0.03297000750899315,1.0,-3.0,collision
1562,-2.3369486331939697,-3.4528262615203857,-0.0002506860182620585,0.0006771051557734609,0.0006580596091225743,0.0,-3.0,collision
1563,-2.3369481563568115,-3.452826499938965,-0.00025040528271347284,1.882872857095208e-05,1.6660003893775865e-05,0.0,0.0,collision
1564,-2.336446762084961,-3.451920986175537,-0.00024499601568095386,0.03234609588980675,0.03234565630555153,1.0,-3.0,collision
1565,-2.3364360332489014,-3.4519031047821045,-0.000250113575020805,0.0006709961453452706,0.0006516596185974777,0.0,-3.0,collision
1566,-2.335921049118042,-3.450981616973877,-0.00024496763944625854,0.03298873454332352,0.03298834338784218,1.0,3.0,collision
1567,-2.3354082107543945,-3.4500584602355957,-0.0002453122870065272,0.03300127014517784,0.03300126641988754,1.0,3.0,collision
1568,-2.33489727973938,-3.449134349822998,-0.00024578720331192017,0.03299844264984131,0.03299843892455101,1.0,3.0,collision
1569,-2.3343887329101562,-3.448208808898926,-0.00024617728195153177,0.033001627773046494,0.033001624047756195,1.0,3.0,collision
1570,-2.3338818550109863,-3.447282552719116,-0.0002464792050886899,0.032996147871017456,0.032996147871017456,1.0,-3.0,collision
1571,-2.3333730697631836,-3.446357011795044,-0.00024674099404364824,0.03300521522760391,0.033005211502313614,1.0,3.0,collision
1572,-2.332866668701172,-3.4454305171966553,-0.0002469410828780383,0.03299553319811821,0.03299553319811821,1.0,3.0,collision
1573,-2.3323614597320557,-3.44450306892395,-0.00024709003628231585,0.033003851771354675,0.033003851771354675,1.0,-3.0,collision
1574,-2.3323514461517334,-3.4444847106933594,-0.0002521004353184253,0.0006719843368045986,0.0006534885033033788,0.0,-3.0,collision
1575,-2.3318426609039307,-3.4435598850250244,-0.000246573326876387,0.032986078411340714,0.0329856239259243,1.0,3.0,collision
1576,-2.3313355445861816,-3.442633628845215,-0.0002465920115355402,0.03299972414970398,0.03299972414970398,1.0,0.0,collision
1577,-2.3308284282684326,-3.4417073726654053,-0.00024681095965206623,0.03299972414970398,0.03299972414970398,1.0,0.0,collision
1578,-2.3303215503692627,-3.4407808780670166,-0.0002470017643645406,0.03300268203020096,0.03300268203020096,1.0,3.0,collision
1579,-2.3298168182373047,-3.4398534297943115,-0.0002471494080964476,0.032996729016304016,0.03299672529101372,1.0,3.0,collision
1580,-2.3293135166168213,-3.43892502784729,-0.00024725659750401974,0.033001579344272614,0.033001579344272614,1.0,-3.0,collision
1581,-2.328808069229126,-3.437997817993164,-0.0002473518543411046,0.033000875264406204,0.033000871539115906,1.0,-3.0,collision
1582,-2.3283004760742188,-3.4370718002319336,-0.0002474287466611713,0.03300034999847412,0.03300034627318382,1.0,-3.0,collision
1583,-2.3277904987335205,-3.4361472129821777,-0.0002474905049894005,0.03299707919359207,0.03299707546830177,1.0,-3.0,collision
1584,-2.32778000831604,-3.436129093170166,-0.0002524216833990067,0.0006721967947669327,0.0006542950286529958,0.0,-3.0,collision
1585,-2.3272757530212402,-3.435225248336792,-0.0002469142200425267,0.03234396129846573,0.03234350308775902,1.0,-3.0,collision
1586,-2.327275276184082,-3.435225009918213,-0.00025176312192343175,0.0001524412800790742,1.6660003893775865e-05,0.0,0.0,collision
1587,-2.3267688751220703,-3.4343223571777344,-0.00024627643870189786,0.032344188541173935,0.03234373405575752,1.0,-3.0,collision
1588,-2.3267579078674316,-3.4343044757843018,-0.00025114711024798453,0.0006729629822075367,0.0006555240834131837,0.0,-3.0,collision
1589,-2.326247215270996,-3.4334042072296143,-0.00024587978259660304,0.032345157116651535,0.03234473615884781,1.0,-3.0,collision
1590,-2.3257241249084473,-3.4324870109558105,-0.0002459519018884748,0.032996103167533875,0.032996099442243576,1.0,-3.0,collision
1591,-2.325199604034424,-3.431570291519165,-0.0002463044074829668,0.03300533443689346,0.03300533443689346,1.0,3.0,collision
1592,-2.324676752090454,-3.4306528568267822,-0.0002465811849106103,0.03299888223409653,0.03299888223409653,1.0,-3.0,collision
1593,-2.3241517543792725,-3.429736614227295,-0.00024681250215508044,0.032999809831380844,0.032999806106090546,1.0,-3.0,collision
1594,-2.323624849319458,-3.428821563720703,-0.00024699806817807257,0.032997194677591324,0.032997194677591324,1.0,-3.0,collision
1595,-2.32309627532959,-3.4279072284698486,-0.0002471557236276567,0.03300389647483826,0.03300389647483826,1.0,3.0,collision
1596,-2.3225698471069336,-3.4269919395446777,-0.00024726722040213645,0.03299621865153313,0.03299621492624283,1.0,0.0,collision
1597,-2.322042942047119,-3.426076650619507,-0.00024735688930377364,0.03300365060567856,0.03300364688038826,1.0,-3.0,collision
1598,-2.3220338821411133,-3.426060438156128,-0.0002523364091757685,0.0006008794298395514,0.0005803806125186384,0.0,3.0,collision
1599,-2.3215181827545166,-3.4251630306243896,-0.00024683529045432806,0.032345131039619446,0.032344672828912735,1.0,3.0,collision
1600,-2.3215177059173584,-3.4251627922058105,-0.0002516816894058138,0.00015236352919600904,1.6660003893775865e-05,0.0,-3.0,collision
1601,-2.3215174674987793,-3.4251627922058105,-0.0002511015045456588,1.9601944586611353e-05,7.450580142176477e-06,0.0,-3.0,collision
1602,-2.3209996223449707,-3.424266815185547,-0.0002455525391269475,0.03233988583087921,0.032339420169591904,1.0,-3.0,collision
1603,-2.3204691410064697,-3.423353672027588,-0.0002456756483297795,0.033001553267240524,0.033001549541950226,1.0,-3.0,collision
1604,-2.319936752319336,-3.4224417209625244,-0.00024607329396530986,0.03299935534596443,0.03299935534596443,1.0,-3.0,collision
1605,-2.319401979446411,-3.4215309619903564,-0.00024640606716275215,0.03300485014915466,0.033004846423864365,1.0,-3.0,collision
1606,-2.3188652992248535,-3.420621395111084,-0.0002466730657033622,0.033002980053424835,0.033002980053424835,1.0,-3.0,collision
1607,-2.3183271884918213,-3.419712781906128,-0.0002468957973178476,0.033000074326992035,0.033000074326992035,1.0,3.0,collision
1608,-2.31779146194458,-3.4188029766082764,-0.00024706407566554844,0.03299426659941673,0.03299426659941673,1.0,3.0,collision
1609,-2.3172571659088135,-3.4178919792175293,-0.000247188814682886,0.03300373628735542,0.03300373628735542,1.0,-3.0,collision
1610,-2.317246198654175,-3.4178740978240967,-0.00025217991787940264,0.0006738241645507514,0.0006555240834131837,0.0,-3.0,collision
1611,-2.3172457218170166,-3.417874336242676,-0.00025160572840832174,2.448513805575203e-05,1.6660003893775865e-05,0.0,-3.0,collision
1612,-2.3172459602355957,-3.417874336242676,-0.0002508565958123654,2.456741094647441e-05,7.450580142176477e-06,0.0,3.0,collision
1613,-2.317246198654175,-3.417874336242676,-0.0002502327552065253,2.0870240405201912e-05,7.450580142176477e-06,0.0,3.0,collision
1614,-2.3167197704315186,-3.416982650756836,-0.0002448351006023586,0.032359350472688675,0.032358910888433456,1.0,-3.0,collision
1615,-2.3167197704315186,-3.4169819355010986,-0.00025009040837176144,0.0001657424436416477,2.235173997178208e-05,0.0,3.0,collision
1616,-2.3161864280700684,-3.416079044342041,-0.0002448710729368031,0.03277071192860603,0.0327703058719635,1.0,-3.0,collision
1617,-2.31618595123291,-3.416079044342041,-0.0002501843555364758,0.00016670736658852547,1.4901160284352954e-05,0.0,0.0,collision
1618,-2.316185474395752,-3.41607928276062,-0.00024990152451209724,1.885932761069853e-05,1.6660003893775865e-05,0.0,-3.0,collision
1619,-2.31565523147583,-3.4151904582977295,-0.0002445926074869931,0.032343290746212006,0.03234286233782768,1.0,-3.0,collision
1620,-2.3156440258026123,-3.415172815322876,-0.000249791017267853,0.0006730477325618267,0.0006531486287713051,0.0,-3.0,collision
1621,-2.3151094913482666,-3.4142863750457764,-0.00024479415151290596,0.032348327338695526,0.03234795108437538,1.0,-3.0,collision
1622,-2.3145620822906494,-3.4133832454681396,-0.00024508361821062863,0.033002421259880066,0.033002421259880066,1.0,-3.0,collision
1623,-2.314561367034912,-3.4133834838867188,-0.0002505843585822731,0.0001735052646836266,2.3560804038424976e-05,0.0,0.0,collision
1624,-2.314560651779175,-3.413383960723877,-0.00025023307534866035,2.9019865905866027e-05,2.6863448510994203e-05,0.0,-3.0,collision
1625,-2.3140203952789307,-3.412501096725464,-0.00024485858739353716,0.03234570845961571,0.03234527260065079,1.0,-3.0,collision
1626,-2.3140087127685547,-3.4124836921691895,-0.00025000382447615266,0.0006745029240846634,0.0006550581310875714,0.0,-3.0,collision
1627,-2.3140079975128174,-3.4124841690063477,-0.0002498503017704934,2.728848994593136e-05,2.6863448510994203e-05,0.0,-3.0,collision
1628,-2.3134615421295166,-3.4116051197052,-0.0002445558493491262,0.03234592825174332,0.032345499843358994,1.0,-3.0,collision
1629,-2.3129019737243652,-3.4107093811035156,-0.0002448791346978396,0.03300485759973526,0.03300485759973526,1.0,-3.0,collision
1630,-2.312340497970581,-3.4098150730133057,-0.00024543661857023835,0.03299861401319504,0.03299861028790474,1.0,-3.0,collision
1631,-2.3117775917053223,-3.408921718597412,-0.0002459062379784882,0.03299718350172043,0.03299717977643013,1.0,3.0,collision
1632,-2.3112168312072754,-3.408026933670044,-0.00024627268430776894,0.03299935534596443,0.03299935162067413,1.0,3.0,collision
1633,-2.3106582164764404,-3.407130718231201,-0.0002465656725689769,0.033001724630594254,0.033001724630594254,1.0,3.0,collision
1634,-2.3101015090942383,-3.406233310699463,-0.0002467949816491455,0.03300188481807709,0.03300188481807709,1.0,0.0,collision
1635,-2.309544324874878,-3.4053361415863037,-0.00024697883054614067,0.03300341218709946,0.03300341218709946,1.0,-3.0,collision
1636,-2.3089852333068848,-3.404440402984619,-0.00024713031598366797,0.03299696370959282,0.03299696370959282,1.0,-3.0,collision
1637,-2.308424472808838,-3.403545618057251,-0.00024726177798584104,0.03299935534596443,0.03299935162067413,1.0,3.0,collision
1638,-2.307866096496582,-3.402649402618408,-0.00024735715123824775,0.03299778327345848,0.03299777954816818,1.0,3.0,collision
1639,-2.3073089122772217,-3.401752233505249,-0.0002474229841027409,0.03300341218709946,0.03300341218709946,1.0,-3.0,collision
