x,y
-4.239550494788255,-1.4938854033206916
-4.239622432467282,-1.493928826846886
-4.2398295351397985,-1.4929146682739214
-4.240034600822031,-1.4918995963731219
-4.240236990014737,-1.490884051939323
-4.240436689053879,-1.4898680440388024
-4.24063371182242,-1.4888515825948287
-4.240828084190381,-1.4878346759262153
-4.241019836402071,-1.4868173309935284
-4.241208998750205,-1.4857995537872442
-4.241395599312381,-1.4847813496335829
-4.241579662924709,-1.483762723424929
-4.2417612108735465,-1.4827436797907707
-4.241940260984644,-1.4817242232224392
-4.242116827914537,-1.480704358162254
-4.242290923528053,-1.4796840890654968
-4.2424625572950125,-1.4786634204418514
-4.242631736669609,-1.4776423568815356
-4.2427984674344055,-1.4766209030701758
-4.24296275400178,-1.4755990637955703
-4.243124631272927,-1.4745768439483735
-4.243284242972174,-1.4735542485187212
-4.243441705140359,-1.4725312825934536
-4.24359711124527,-1.471507951347528
-4.243750536097563,-1.4704842600364865
-4.243902039135033,-1.4694602139885757
-4.244051667174237,-1.468435818596975
-4.244199456710832,-1.4674110793123711
-4.244345435838723,-1.4663860016360253
-4.244489625848208,-1.4653605911134158
-4.244631834507437,-1.4643348533333507
-4.244771508093552,-1.4633087939210012
-4.244908645233758,-1.4622824185085392
-4.245043244999304,-1.4612557327669744
-4.245175306501966,-1.4602287423883613
-4.245304828888335,-1.459201453083013
-4.245431811336504,-1.4581738705768967
-4.245556253053286,-1.4571460006093777
-4.245678153271906,-1.4561178489312925
-4.24579751125005,-1.4550894213033025
-4.245914326268245,-1.4540607234944978
-4.246028597628491,-1.4530317612812118
-4.246140324653115,-1.4520025404460202
-4.246249506683813,-1.450973066776896
-4.246356143080844,-1.4499433460664943
-4.246460233222352,-1.4489133841115536
-4.246561776503801,-1.4478831867123905
-4.246660772337497,-1.4468527596724732
-4.246757220152195,-1.4458221087980623
-4.246851119392761,-1.4447912398979093
-4.246942469519895,-1.4437601587830002
-4.247031270009898,-1.442728871266339
-4.247117520354478,-1.4416973831627622
-4.247201220060587,-1.4406657002887826
-4.247282368650284,-1.4396338284624521
-4.247360965660625,-1.4386017735032468
-4.247437010643565,-1.4375695412319622
-4.247510503165888,-1.436537137470625
-4.247581442809134,-1.4355045680424137
-4.247649829169547,-1.4344718387715865
-4.247715661858041,-1.4334389554834175
-4.247778940500145,-1.432405924004138
-4.247839664735987,-1.4313727501608813
-4.247897834220267,-1.4303394397816334
-4.247953448622231,-1.4293059986951848
-4.248006507625658,-1.4282724327310865
-4.248057010928849,-1.4272387477196045
-4.2481049582446095,-1.4262049494916806
-4.24815034930024,-1.425171043878892
-4.2481931838375395,-1.4241370367134119
-4.248233461612783,-1.4231029338279702
-4.248271182396727,-1.4220687410558188
-4.248306345974606,-1.4210344642306925
-4.24833895214612,-1.4200001091867733
-4.24836900072544,-1.4189656817586545
-4.248396491541205,-1.4179311877813043
-4.248421424436511,-1.4168966330900328
-4.248443805079768,-1.4158620235371089
-4.248463676689674,-1.4148273650202592
-4.248481040559102,-1.4137926633289928
-4.2484958965876976,-1.4127579242829855
-4.248508244691061,-1.4117231537042774
-4.248518084800813,-1.4106883574167945
-4.248525416864341,-1.409653541245947
-4.248530240844611,-1.4086187110183024
-4.24853255672001,-1.4075838725613181
-4.248532364484221,-1.4065490317031206
-4.24852966414613,-1.4055141942723195
-4.248524455729749,-1.4044793660978538
-4.24851673927416,-1.403444553008861
-4.248506514833455,-1.4024097608345627
-4.248493782476711,-1.4013749954041692
-4.2484785422879545,-1.4003402625467916
-4.248460794366133,-1.3993055680913664
-4.248440538825102,-1.3982709178665866
-4.248417775793604,-1.3972363177008398
-4.248392507530075,-1.3962017734560785
-4.248364743659456,-1.3951672910898232
-4.248334528134753,-1.3941328763357215
-4.248302309997246,-1.3930774166356623
-4.248270320690948,-1.3920219637286266
-4.248238531493083,-1.3909665200057255
-4.248206902058403,-1.3899110837026045
-4.248175399960184,-1.3888556533522882
-4.248143999217385,-1.3878002277792045
-4.248112679041535,-1.3867448060428385
-4.248081422821003,-1.3856893873902385
-4.2480502172994195,-1.3846339712181175
-4.248019051912081,-1.3835785570427015
-4.247987918250744,-1.3825231444757287
-4.247956809632533,-1.3814677332053362
-4.247925720753205,-1.380412322980822
-4.247894647408632,-1.379356913600488
-4.247863586271376,-1.3783015049019365
-4.247832534711702,-1.3772460967543134
-4.247801490654381,-1.3761906890521043
-4.247770452464272,-1.375135281710166
-4.247739418855031,-1.3740798746597502
-4.247708388816356,-1.3730244678453092
-4.247677361556098,-1.3719690612219335
-4.247646336454246,-1.3709136547532954
-4.247615313026418,-1.369858248409992
-4.247584290894922,-1.3688028421682132
-4.247553269765855,-1.3677474360086697
-4.2475222494110065,-1.3666920299157272
-4.247491229653579,-1.3656366238767095
-4.247460210356938,-1.364581217881334
-4.247429191415767,-1.3635258119212583
-4.2473981727491115,-1.3624704059897117
-4.247367154294938,-1.3614150000811973
-4.247336136005866,-1.3603595941912516
-4.24730511784584,-1.3593041883162502
-4.247274099787529,-1.3582487824532476
-4.247243081810315,-1.3571933765998532
-4.247212063898716,-1.356137970754123
-4.247181046041175,-1.3550825649144778
-4.24715002822912,-1.3540271590796347
-4.247119010456244,-1.3529717532485517
-4.247087992717946,-1.3519163474203815
-4.247056975010901,-1.3508609415944355
-4.247025957332746,-1.349805535770155
-4.246994939681822,-1.3487501299470857
-4.246963922056991,-1.347694724124859
-4.246932904457495,-1.3466393183031748
-4.246901886882849,-1.3455839124817903
-4.246870869332762,-1.3445285066605082
-4.246839851807077,-1.343473100839168
-4.246808834305729,-1.3424176950176396
-4.2467778168287165,-1.3413622891958181
-4.246746799376071,-1.3403068833736178
-4.246715781947851,-1.3392514775509698
-4.246684764544123,-1.3381960717278178
-4.246653747164956,-1.3371406659041167
-4.246622729810419,-1.33608526007983
-4.246591712480573,-1.3350298542549281
-4.246560695175473,-1.3339744484293876
-4.246529677895169,-1.3329190426031892
-4.246498660639697,-1.3318636367763175
-4.246467643409089,-1.3308082309487606
-4.2464366262033675,-1.3297528251205082
-4.246405609022548,-1.3286974192915528
-4.246374591866639,-1.3276420134618887
-4.2463435747356435,-1.326586607631511
-4.24631255762956,-1.3255312018004155
-4.246281540548379,-1.3244757959686004
-4.246249795232582,-1.323441509810418
-4.246215666038391,-1.3224072883492362
-4.246179205931688,-1.3213520278854667
-4.246142815030675,-1.320296766451174
-4.246106497050139,-1.3192415078899418
-4.246070237610739,-1.3181862516830583
-4.246034025060057,-1.3171309973610115
-4.245997850015898,-1.3160757445471454
-4.2459617049347775,-1.3150204929412486
-4.245925583759747,-1.3139652423038946
-4.245889481633931,-1.3129099924439303
-4.245853394667925,-1.311854743208568
-4.245817319751203,-1.310799494475549
-4.245781254399435,-1.3097442461469293
-4.24574519663106,-1.3086889981441558
-4.245709144867647,-1.307633750404157
-4.245673097853577,-1.3065785028762338
-4.2456370545913815,-1.3055232555195893
-4.245601014289764,-1.3044680083013596
-4.24556497632186,-1.303412761195044
-4.245528940191783,-1.302357514179251
-4.245492905507832,-1.3013022672366978
-4.245456871961059,-1.3002470203534078
-4.245420839308168,-1.2991917735180682
-4.245384807357864,-1.2981365267215155
-4.245348775959986,-1.29708127995632
-4.245312744996864,-1.2960260332164555
-4.245276714376451,-1.2949707864970288
-4.245240684026877,-1.2939155397940656
-4.2452046538921335,-1.2928602931043356
-4.245168623928664,-1.2918050464252127
-4.2451325941026665,-1.2907497997545587
-4.245096564387968,-1.2896945530906356
-4.245060534764353,-1.2886393064320267
-4.245024505216248,-1.287584059777579
-4.244987646724999,-1.286549931308222
-4.244948606544917,-1.2855158802357787
-4.244906910754473,-1.284481909536872
-4.244862599782016,-1.2834480301293616
-4.244815828775223,-1.2823931543252158
-4.244769185471234,-1.28133827870582
-4.244722661966813,-1.2802834067143527
-4.244676234494758,-1.2792285376800148
-4.244629883854866,-1.2781736710144393
-4.244583594605133,-1.277118806247341
-4.244537354343418,-1.2760639430044092
-4.244491153122333,-1.2750090809872952
-4.244444982973964,-1.273954219957755
-4.244398837524422,-1.272899359725181
-4.244352711681696,-1.271844500136785
-4.244306601383249,-1.27078964106986
-4.2442605033922085,-1.2697347824256744
-4.244214415133026,-1.2686799241246385
-4.24416833455915,-1.2676250661024797
-4.24412226004661,-1.266570208307204
-4.244075159748742,-1.2655364681795362
-4.2440262884948625,-1.2645028307234
-4.243974785074538,-1.2634481963358997
-4.243923353119429,-1.2623935600842395
-4.243871995901384,-1.2613389257410992
-4.243820698643707,-1.2602842929794216
-4.243769449381186,-1.259229661484872
-4.243718238486373,-1.258175031005556
-4.243667058223871,-1.257120401341404
-4.243615902386815,-1.2560657723332447
-4.243564766001449,-1.255011143854144
-4.243513645087426,-1.2539565158026216
-4.2434625364636105,-1.2529018880973466
-4.243411437590969,-1.2518472606729725
-4.243360346445669,-1.250792633476869
-4.2433092614166945,-1.2497380064665444
-4.243258181223384,-1.248683379607613
-4.243207104849078,-1.247628752872187
-4.243156031487825,-1.246574126237601
-4.243104960501613,-1.2455194996853967
-4.243053891386111,-1.244464873200514
-4.243002823743251,-1.243410246770645
-4.242951757259314,-1.2423556203857136
-4.242900691687445,-1.2413009940374604
-4.242849626833722,-1.240246367719106
-4.242798562546064,-1.2391917414250784
-4.242747498705404,-1.2381371151507956
-4.242696435218703,-1.237082488892483
-4.242645372013399,-1.236027862647033
-4.24259430903301,-1.234973236411882
-4.242543246233672,-1.233918610184916
-4.242492183581393,-1.2328639839643898
-4.242441121049903,-1.2318093577488634
-4.242390058618945,-1.2307547315371479
-4.242338996272949,-1.229700105328261
-4.242287933999986,-1.2286454791213923
-4.242236871790944,-1.2275908529158717
-4.242185809638893,-1.226536226711146
-4.242134747538584,-1.2254816005067588
-4.24208368548606,-1.2244269743023324
-4.242032623478355,-1.2233723480975556
-4.241981561513263,-1.2223177218921712
-4.241930499589155,-1.2212630956859674
-4.241879437704837,-1.2202084694787687
-4.241828375859446,-1.2191538432704303
-4.241777314052369,-1.2180992170608331
-4.241726252283179,-1.2170445908498784
-4.241675190551585,-1.215989964637485
-4.241624128857399,-1.2149353384235857
-4.241573067200509,-1.2138807122081248
-4.241522005580854,-1.2128260859910565
-4.241470943998412,-1.2117714597723421
-4.24141988245319,-1.2107168335519514
-4.241368820945211,-1.209662207329857
-4.241317759474513,-1.2086075811060377
-4.241265566979356,-1.207574067940896
-4.241211798354303,-1.2065406703813464
-4.241155376307495,-1.205507391139247
-4.241096211362813,-1.204453147564302
-4.241037148075654,-1.2033989021612406
-4.240978183789955,-1.2023446585661623
-4.240919298919791,-1.2012904164687317
-4.240860477623198,-1.200236175570444
-4.240801707152264,-1.1991819356334845
-4.240742977263276,-1.1981276964699303
-4.240684279735826,-1.1970734579308393
-4.240625607981943,-1.196019219897703
-4.240566956728903,-1.1949649822758497
-4.240508321762236,-1.19391074498934
-4.240448417437299,-1.1928776212235102
-4.240387253549038,-1.1918446320873104
-4.24032321260841,-1.1907906830893134
-4.240259247186712,-1.1897367314401106
-4.240195359754022,-1.1886827808621223
-4.240131534857142,-1.1876288311953191
-4.240067759992105,-1.186574882260519
-4.240004025103486,-1.1855209339144261
-4.239940322116392,-1.184466986044073
-4.239876644555025,-1.1834130385600348
-4.239812987232898,-1.1823590913911253
-4.239749346001628,-1.1813051444803528
-4.239685717547545,-1.1802511977818253
-4.2396220992272395,-1.1791972512583795
-4.239558488934812,-1.178143304879757
-4.239494884994825,-1.177089358621194
-4.239431286076124,-1.1760354124623276
-4.239367691122554,-1.1749814663863416
-4.23930409929732,-1.1739275203792936
-4.239240509938373,-1.1728735744295857
-4.239176922522683,-1.171819628527542
-4.2391133366376685,-1.1707656826650703
-4.239049751958373,-1.1697117368353889
-4.238986168229262,-1.1686577910328064
-4.238922585249721,-1.1676038452525392
-4.238859002862524,-1.1665498994905645
-4.238795420944667,-1.1654959537434963
-4.238731839400098,-1.1644420080084845
-4.23866825815396,-1.1633880622831294
-4.238603294452332,-1.1623552236848036
-4.238537261209315,-1.161322532398669
-4.238468576685871,-1.1602899909222728
-4.2383972806980115,-1.1592576090762874
-4.238323406422959,-1.1582253956153463
-4.23824649505132,-1.1571722801464865
-4.238169732178744,-1.1561191612796118
-4.238093105819481,-1.1550660426690997
-4.238016588835697,-1.1540129243150852
-4.2379401593219965,-1.152959806171788
-4.237863799669294,-1.151906688205522
-4.237787495741771,-1.1508535703926417
-4.237711236206895,-1.1498004527159342
-4.237635011991525,-1.1487473351621462
-4.237558815841046,-1.1476942177204035
-4.237482641962556,-1.146641100381238
-4.237406485736479,-1.1455879831360225
-4.237330343483834,-1.1445348659766579
-4.237254212278669,-1.14348174889543
-4.237178089797092,-1.1424286318849537
-4.2371019741959355,-1.1413755149381744
-4.237024229827786,-1.140343497774458
-4.236945928892967,-1.1393116593296224
-4.236864394756926,-1.1382589203793634
-4.236782932302688,-1.1372061775367637
-4.2367015448453245,-1.1361534344763897
-4.236620217556447,-1.1351006912916146
-4.236538938428995,-1.1340479480085164
-4.236457697802848,-1.1329952046490483
-4.23637648791719,-1.1319424612331215
-4.236295302545414,-1.1308897177780373
-4.236214136698446,-1.1298369742982388
-4.236132986384074,-1.12878423080536
-4.236051848411984,-1.1277314873084456
-4.235970720236049,-1.126678743814265
-4.2358895998269634,-1.1256260003276524
-4.235808485569494,-1.1245732568518465
-4.235727376179734,-1.1235205133888029
-4.235646270638529,-1.1224677699394745
-4.235565168138009,-1.1214150265040517
-4.23548406803869,-1.1203622830821622
-4.2354029698351106,-1.1193095396730388
-4.235321873128332,-1.1182567962756496
-4.235240777603966,-1.117204052888803
-4.235159683014643,-1.1161513095112272
-4.235078589166041,-1.11509856614163
-4.23499749590576,-1.114045822778742
-4.23491640311449,-1.1129930794213476
-4.234835310698994,-1.1119403360683044
-4.234754218586545,-1.110887592718554
-4.234673126720531,-1.1098348493711299
-4.234592035056971,-1.1087821060251575
-4.234510943561778,-1.107729362679853
-4.2344298522085895,-1.1066766193345199
-4.2343487609770705,-1.1056238759885422
-4.234267669851576,-1.1045711326413796
-4.234186578820104,-1.1035183892925604
-4.234105487873472,-1.1024656459416746
-4.234024397004682,-1.1014129025883677
-4.233943306208417,-1.100360159232334
-4.233862215480655,-1.0993074158733118
-4.233781124818361,-1.0982546725110776
-4.233700034219263,-1.0972019291454398
-4.233618943681662,-1.0961491857762364
-4.233537853204296,-1.0950964424033311
-4.233456762786236,-1.0940436990266078
-4.2333756724268,-1.092990955645969
-4.23329458212549,-1.0919382122613333
-4.233211757611156,-1.090906559624394
-4.233128569671799,-1.0898750986760906
-4.233042049826665,-1.0888227588486632
-4.232955599065108,-1.0877704147710754
-4.232869221284804,-1.0867180701003623
-4.232782902103363,-1.0856657250006723
-4.2326966298634945,-1.0846133795559576
-4.2326085602062875,-1.0835821202757758
-4.232520361520683,-1.0825510663170137
-4.232428753151157,-1.0814991499813869
-4.232337232863598,-1.0804472288537736
-4.232245800684254,-1.0793953066224782
-4.232154439121399,-1.0783433835600202
-4.23206313403432,-1.077291459837391
-4.231972077840275,-1.0762401461698194
-4.2318817672466436,-1.0752099084035174
-4.231788750777959,-1.0741794648799945
-4.231692236840489,-1.0731281356743263
-4.23159579243718,-1.072076773084937
-4.231499421416022,-1.0710253865949928
-4.231403109316269,-1.0699739810429645
-4.231306844416374,-1.0689225602425905
-4.231210617278714,-1.0678711272449577
-4.231114420315633,-1.0668196844931026
-4.231018247435025,-1.065768233942877
-4.230922093752062,-1.0647167771597017
-4.230825955355123,-1.0636653153961524
-4.230729829116025,-1.0626138496541784
-4.230633712536399,-1.0615623807349968
-4.230537603623514,-1.0605109092790983
-4.230441500790057,-1.059459435798317
-4.230345402773332,-1.0584079607015318
-4.23024930857023,-1.0573564843152652
-4.2301532173849585,-1.056305006900176
-4.230057128587067,-1.0552535286642741
-4.229961041677805,-1.0542020497734923
-4.229864956263181,-1.053150570360153
-4.229768872032424,-1.052099090529736
-4.2296727887407775,-1.051047610366295
-4.229576706195781,-1.049996129936784
-4.22947858908541,-1.04896572174362
-4.229380715294835,-1.0479355430335713
-4.22928019802747,-1.04690559582875
-4.229177076244616,-1.0458758886733126
-4.229070293347203,-1.0448253894868742
-4.228963638073266,-1.0437748831499807
-4.228857102709785,-1.0427243735574876
-4.228750663475098,-1.0416738614036951
-4.228644301155335,-1.04062334720299
-4.228538000298169,-1.0395728313719086
-4.2284317484937635,-1.038522314248326
-4.228325535788997,-1.0374717961050717
-4.2282193542116735,-1.03642127716139
-4.228113197384693,-1.0353707575926177
-4.228007060213627,-1.0343202375383
-4.2278987028748025,-1.033290779619949
-4.2277910092106925,-1.032261576114926
-4.227679491353989,-1.0312115876883243
-4.227568050110771,-1.0301615931796624
-4.227456687844308,-1.02911159619876
-4.227345388896105,-1.0280615972887006
-4.2272341405981955,-1.0270115968390217
-4.227120596862832,-1.025982648282563
-4.227007939067995,-1.0249539673759744
-4.226891373523401,-1.0239045224814354
-4.226774897308785,-1.0228550706828348
-4.226658510233282,-1.0218056156720752
-4.2265421945779815,-1.0207561581426832
-4.226425936023606,-1.0197066986055283
-4.226307287008352,-1.0186782834249035
-4.226189730826531,-1.0176501482265037
-4.226068170224502,-1.016601269113614
-4.225946701474454,-1.0155523825773496
-4.225825323868419,-1.014503492331925
-4.225704019265953,-1.013454599172133
-4.225582773012968,-1.012405703690244
-4.225461573338089,-1.0113568063625076
-4.225340410798874,-1.0103079075726757
-4.225219277831071,-1.0092590076289314
-4.22509816838302,-1.008210106777856
-4.224977077619562,-1.007161205216011
-4.224856001682602,-1.0061123030994967
-4.224734937497755,-1.0050634005518047
-4.224613882618425,-1.0040144976702439
-4.224492835100242,-1.0029655945311777
-4.224371793400086,-1.001916691194273
-4.224250756294983,-1.000867787705936
-4.224129722817063,-0.9998188841020827
-4.2240086922014575,-0.9987699804103594
-4.223887663844616,-0.9977210766519211
-4.223766637271014,-0.9966721728428503
-4.223645612106584,-0.99562326899528
-4.22352458805755,-0.9945743651182855
-4.223403564893579,-0.9935254612185866
-4.223282542434404,-0.9924765573010985
-4.2231615205392,-0.9914276533693622
-4.223040499098165,-0.9903787494258816
-4.222919478025864,-0.9893298454723816
-4.222798457255962,-0.9882809415100107
-4.222677436737075,-0.9872320375394935
-4.222556416429496,-0.9861831335612476
-4.222435396302625,-0.9851342295754737
-4.222314376332945,-0.9840853255822203
-4.222193356502441,-0.9830364215814351
-4.222072336797357,-0.9819875175729995
-4.221951317207234,-0.9809386135567567
-4.221830297724145,-0.97988970953253
-4.221709278342118,-0.9788408055001354
-4.221585725683615,-0.9778129351768978
-4.221463422264396,-0.976785357815879
-4.221336992991741,-0.9757370632168053
-4.2212106326005046,-0.9746887617508231
-4.221084345126381,-0.973640456919177
-4.220958116206844,-0.9725921494316535
-4.220831934198861,-0.9715438398145418
-4.220703154704865,-0.9705165544767921
-4.220575562388405,-0.9694895745219958
-4.220444064688991,-0.9684418963189896
-4.220312654905518,-0.9673942099854747
-4.22018133312975,-0.9663465192014747
-4.220050081897547,-0.9652988249030207
-4.219918887088826,-0.9642511277976703
-4.2197850017067084,-0.9632244472146092
-4.219652153387126,-0.9621980840225698
-4.219515664144534,-0.9611510427976477
-4.219379266587262,-0.9601039928442963
-4.21924295994116,-0.9590569378842053
-4.219106726121757,-0.9580098789690091
-4.218967715007969,-0.9569838253508242
-4.218829644728322,-0.9559581015345043
-4.218688151726734,-0.9549117220624322
-4.218546757152829,-0.953865333039641
-4.218405458807424,-0.9528189382708998
-4.218264237520692,-0.9517725389580522
-4.218123077813817,-0.95072613602216
-4.217981967255616,-0.949679730203452
-4.217840895876489,-0.9486333220972613
-4.217699855691553,-0.9475869121810897
-4.217558840313946,-0.9465405008368064
-4.2174178446417345,-0.9454940883688985
-4.217276864604788,-0.9444476750194287
-4.217135896960411,-0.9434012609802495
-4.216994939128585,-0.9423548464029456
-4.216853989059324,-0.9413084314069026
-4.2167130451260055,-0.9402620160858317
-4.2165721060397425,-0.9392156005130354
-4.216431170780703,-0.9381691847456392
-4.216290238543116,-0.9371227688279865
-4.216149308691282,-0.9360763527943522
-4.216005450724589,-0.9350509319743756
-4.2158628088247685,-0.9340258543151605
-4.215718379175721,-0.9330011210644207
-4.2155713593391075,-0.93197673899289
-4.215419785799155,-0.9309317608983801
-4.215268339808864,-0.9298867702650817
-4.215117013756257,-0.9288417712997933
-4.214965783854349,-0.927796765703682
-4.214814630884777,-0.9267517548045359
-4.2146635393930305,-0.9257067396729233
-4.214512496968708,-0.9246617211718564
-4.214361493659143,-0.9236166999952434
-4.2142105214931975,-0.9225716766995139
-4.214056443304114,-0.9215476282476781
-4.213903564634663,-0.9205239468848252
-4.213747261875683,-0.9194796831233121
-4.213591040369744,-0.9184354096800255
-4.213434901343557,-0.9173911301282429
-4.2132788284186935,-0.9163468457349163
-4.2131195785633535,-0.9153235189026014
-4.2129615596896635,-0.9143005715975662
-4.212800228603086,-0.9132570672766878
-4.212638993222228,-0.9122135517502823
-4.212477851839564,-0.9111700288130714
-4.212316785752502,-0.910126499994985
-4.212155779853809,-0.9090829664828134
-4.2119914936902365,-0.9080603797979341
-4.211828545999528,-0.9070381847326504
-4.211662273888748,-0.9059954571275027
-4.211496094905584,-0.9049527180845761
-4.211330007826783,-0.9039099713638336
-4.2111639943552905,-0.9028672185502006
-4.2109946126775935,-0.9018453972615058
-4.2108266556483365,-0.9008239798323753
-4.210655406263185,-0.8997820558530302
-4.210484255520106,-0.8987401195106226
-4.210313201066756,-0.8976981746666417
-4.21014222371912,-0.8966562230719305
-4.20996778247258,-0.8956351890499645
-4.209794863723218,-0.8946145710483058
-4.2096186612979,-0.8935734725725232
-4.209442558888642,-0.8925323611411713
-4.209266553842008,-0.8914912406515217
-4.209090626750158,-0.8904501129669188
-4.20891476194546,-0.8894089795424709
-4.20873894684778,-0.8883678415469416
-4.208563171370226,-0.8873266999190186
-4.208387427435685,-0.886285555410931
-4.208211708584861,-0.8852444086240667
-4.208036009659026,-0.8842032600380786
-4.207860326543571,-0.8831621100346118
-4.207684655961028,-0.8821209589165924
-4.207508995304235,-0.8810798069238706
-4.20733334250205,-0.8800386542458716
-4.207157695911395,-0.8789975010318065
-4.2069820542306,-0.8779563473988895
-4.206806416429927,-0.8769151934389386
-4.206630781695947,-0.8758740392236636
-4.206455149387048,-0.8748328848088923
-4.206279518997924,-0.8737917302379425
-4.206103890131244,-0.8727505755443032
-4.205928262475087,-0.8717094207537635
-4.205752635785001,-0.8706682658860975
-4.205577009869746,-0.8696271109563963
-4.205401384579984,-0.8685859559761167
-4.205225759799329,-0.8675448009539038
-4.205050135437257,-0.8665036458962388
-4.2048745114235135,-0.865462490807941
-4.204698887703696,-0.8644213356925622
-4.204523264235785,-0.8633801805526908
-4.2043476409874065,-0.862339025390188
-4.204168406862849,-0.8613187732634557
-4.203991481121327,-0.8602989526219064
-4.203813079007125,-0.8592795640199722
-4.2036294565386445,-0.8582397482585485
-4.203445934798182,-0.8571999186550004
-4.203262511592731,-0.8561600791187068
-4.203079167449873,-0.8551202316588685
-4.202895886613826,-0.8540803778535425
-4.202708891702553,-0.8530614025785762
-4.202524004123267,-0.8520428749380283
-4.202335482293909,-0.8510039385855356
-4.202147054826931,-0.8499649886375608
-4.201958720280374,-0.8489260288986967
-4.2017704601771815,-0.8478870613704655
-4.201578394872351,-0.8468689568839604
-4.201388384701845,-0.8458513117763734
-4.201194909675551,-0.8448132844669383
-4.201001533498838,-0.8437752426443389
-4.200808253753585,-0.8427371902176726
-4.20061505123413,-0.8416991293553399
-4.20041794679777,-0.840681915992403
-4.200222849721056,-0.8396651740442158
-4.200024442169757,-0.838628077616283
-4.1998261345578145,-0.8375909660945279
-4.199627924186656,-0.8365538434226498
-4.199429791676699,-0.8355167118800303
-4.1992276596220135,-0.8345004115380568
-4.199027477865643,-0.8334845947980688
-4.198827194405279,-0.8324692621268581
-4.198621275863132,-0.8314336206888311
-4.198415482590051,-0.8303979602958301
-4.198209807343339,-0.8293622855264954
-4.198004226602487,-0.8283265993033955
-4.197798721386953,-0.827290903936287
-4.197589067261727,-0.8262760160922236
-4.197381239680108,-0.8252616299991687
-4.197170537726395,-0.8242269612025906
-4.1969599349004385,-0.8231922762506393
-4.19674942850599,-0.8221575790943727
-4.196538999305616,-0.8211228722267755
-4.196324326001241,-0.8201089536367537
-4.19611140132046,-0.8190955492320721
-4.195895783847098,-0.8180618931639626
-4.195680266290822,-0.8170282203672954
-4.1954648457591395,-0.8159945348199416
-4.19524509957249,-0.8149816153318743
-4.1950269812853405,-0.8139692215627717
-4.194806416819056,-0.8129366064429312
-4.194585960550283,-0.8119039729943569
-4.194365607862819,-0.8108713254306371
-4.194145338095528,-0.8098386666247394
-4.193920634826309,-0.8088267588137178
-4.193697449287614,-0.807815389277235
-4.193472012745295,-0.8067838289656161
-4.193246678480472,-0.8057522506522687
-4.193021442990583,-0.8047206584037295
-4.192796286573233,-0.8036890550570492
-4.192566597369844,-0.8026781838601684
-4.192338316446273,-0.8016678633882148
-4.192111585688202,-0.8006580937915639
-4.191878688536989,-0.7996281828502757
-4.191645916548365,-0.7985982496349855
-4.191413262509813,-0.797568298920738
-4.191180702914412,-0.7965383342529522
-4.1909482187928795,-0.7955083584437935
-4.190711053470244,-0.7944990870469893
-4.19047511674118,-0.7934903846110408
-4.190237464676514,-0.7924615705983992
-4.189999911802938,-0.7914327378572843
-4.189762455068618,-0.7904038903912449
-4.1895202372038165,-0.7893957215016616
-4.189279134350399,-0.7883881329197029
-4.189036556357438,-0.7873604656647268
-4.1887940862438,-0.786332777838869
-4.188551719166113,-0.7853050737265542
-4.1883094345717105,-0.7842773566329259
-4.1880622824242035,-0.7832703007477727
-4.187816147782611,-0.7822638378991993
-4.187571275599644,-0.7812579680870009
-4.187321287839687,-0.7802320704434653
-4.187071426370275,-0.7792061482595911
-4.186821683458017,-0.7781802064701655
-4.186572035469549,-0.7771542490408659
-4.186322463335918,-0.7761282791233453
-4.186067873938782,-0.7751229405221508
-4.18581417419363,-0.7741182133785721
-4.185559455140465,-0.7730934907440862
-4.185304835445474,-0.7720687477186576
-4.185050311806451,-0.7710439883448519
-4.184790691172355,-0.7700398324381031
-4.18453188802066,-0.7690362991021522
-4.184272263682364,-0.7680128047653882
-4.184012747189751,-0.766989288078376
-4.183753333498576,-0.765965753387196
-4.183494002104104,-0.7649422043385075
-4.183229467938663,-0.7639392397750415
-4.182965711472555,-0.7629369106320958
-4.1827029899017365,-0.7619352167303911
-4.1824359866785015,-0.7609136148040215
-4.182169109634087,-0.759891986246351
-4.181902350810415,-0.7588703361149757
-4.181635686643092,-0.7578486687666052
-4.181369098119137,-0.75682698766911
-4.181097158032194,-0.7558258586015719
-4.180825957933324,-0.754825383378105
-4.180555764468479,-0.7538255617246905
-4.18028710414569,-0.7528261176149529
-4.180015605222496,-0.7518056944915505
-4.179744194660729,-0.750785255232245
-4.179467333936813,-0.7497853512882394
-4.179191229165396,-0.7487861187006949
-4.178916149557038,-0.7477875561037907
-4.178642757450583,-0.7467893816087758
-4.178366424643532,-0.7457702473697752
-4.178084577153188,-0.7447716134529475
-4.177803475274785,-0.7437736644216169
-4.177523389080868,-0.7427763985819429
-4.177245234557547,-0.7417795278243102
-4.176964046315726,-0.7407617149890053
-4.176677251797522,-0.7397643782841254
-4.176391214893927,-0.738767738858129
-4.176106211316597,-0.7377717948646795
-4.175823317356253,-0.7367762519275209
-4.175537293386772,-0.7357597848239614
-4.175251361072351,-0.7347433031706763
-4.174965486520493,-0.7337268187718224
-4.1746796579557275,-0.7327103323108766
-4.174393865993508,-0.7316938442563541
-4.174102317376199,-0.7306978205325574
-4.173811780413656,-0.729702506424689
-4.1735225303127805,-0.7287079001573086
-4.173233885559692,-0.7277140027370935
-4.172942772605064,-0.7267208158348588
-4.172650315945323,-0.7257280464145646
-4.17235718187193,-0.7247344667277634
-4.172058206373452,-0.7237404323627942
-4.171760003925236,-0.7227471231283796
-4.171463076967136,-0.7217545466575119
-4.171167355663605,-0.7207627024350343
-4.170869173837274,-0.7197715908454992
-4.170569650590079,-0.7187809045268508
-4.170269372895694,-0.7177893928614868
-4.169963037960851,-0.7167974215348426
-4.16965756648379,-0.7158061952144209
-4.169353466339334,-0.7148157212268296
-4.1690506897724635,-0.7138259984860068
-4.168746556292117,-0.7128367097574947
-4.168441512592021,-0.7118465904187836
-4.168130339642587,-0.7108560095345305
-4.167820193713961,-0.709866188975949
-4.167511579153633,-0.7088771355518316
-4.167204135047243,-0.707888847531276
-4.166894233791197,-0.7069013242842059
-4.166582988584389,-0.7059142461388938
-4.166270720582007,-0.7049263129527709
-4.165952168271183,-0.7039379009711966
-4.165634749249674,-0.7029502651382113
-4.1653189649225535,-0.7019634126562103
-4.165004468893982,-0.7009773418041995
-4.164687526056383,-0.699992051976472
-4.164369242467659,-0.6990072152617675
-4.1640498240870425,-0.6980215034836237
-4.163723946256638,-0.6970353012861872
-4.163399318283384,-0.6960498925288864
-4.163076439164956,-0.6950652845789304
-4.162754924951601,-0.6940814755301647
-4.1624320566711654,-0.6930981284911987
-4.162107901478445,-0.6921139005301689
-4.161777213002324,-0.6911291794087946
-4.161447928891416,-0.6901452666816551
-4.161120540981432,-0.6891621692502597
-4.160794386114771,-0.6881798846077135
-4.1604657893582235,-0.6871984114793515
-4.160135852254157,-0.6862174107602986
-4.15980454072314,-0.6852355042701823
-4.159466517183738,-0.6842530870088575
-4.1591299707127485,-0.6832714935270345
-4.158795386741556,-0.6822907311820979
-4.158462223055295,-0.6813107975275444
-4.15812662825321,-0.6803316913615529
-4.15778969675246,-0.6793530653655062
-4.157451323849424,-0.6783735135866974
-4.15710602025295,-0.6773934394484071
-4.156762256486776,-0.6764142062068353
-4.156420512620066,-0.6754358213938791
-4.156080374962251,-0.6744582823842425
-4.155738888277419,-0.6734812328051762
-4.1553958602181496,-0.6725032519730394
-4.15505085974986,-0.6715243548227731
-4.154704541137535,-0.6705445737306825
-4.1543608298754116,-0.669563935357594
-4.1540196931546305,-0.668582461483284
-4.153681102611142,-0.6676001703941621
-4.153345035958179,-0.6666170775191157
-4.1530104321049075,-0.6656335832678716
-4.152678174627304,-0.6646509598987839
-4.152348753349492,-0.6636692059981252
-4.152018380387244,-0.6626883118898211
-4.151685475729019,-0.6617082700252697
-4.151351191936096,-0.6607287583704509
-4.151014863930312,-0.6597483486184128
-4.1506721901314405,-0.6587674108821933
-4.150331513583013,-0.6577873219579911
-4.149993250534306,-0.6568080868949496
-4.149655525939359,-0.6558297011538442
-4.149315355923608,-0.6548521617046761
-4.148973848781367,-0.6538751293168535
-4.1486306451992085,-0.6528971616541992
-4.148280550001879,-0.6519186554076066
-4.147932152248144,-0.6509410050028386
-4.147585892759952,-0.6499642174249488
-4.147241139667822,-0.6489882893925801
-4.146893963573345,-0.6480132190236847
-4.146545455269305,-0.6470386504125933
-4.146195428913646,-0.6460631246999774
-4.1458380616110375,-0.6450870544314852
-4.145482236120282,-0.6441118550973308
-4.145128399712599,-0.6431375342213125
-4.144776509775728,-0.6421640886309484
-4.144422390327362,-0.6411915165754564
-4.144066939759379,-0.640219451207592
-4.143710091129024,-0.6392464095005819
-4.143345495808268,-0.6382728140426438
-4.142982324579703,-0.6373001065796032
-4.142621021723211,-0.6363282948039809
-4.142261544412476,-0.6353573753665318
-4.141900506827125,-0.6343873463465111
-4.1415381399053715,-0.6334178322854601
-4.14117914706445,-0.6324479421501848
-4.140821286265298,-0.6314775033221605
-4.140460677278401,-0.6305075592019044
-4.140097585544293,-0.6295384779436447
-4.13973205565572,-0.6285702711794718
-4.139364119041904,-0.6276029440009707
-4.1389949237866395,-0.6266361278815753
-4.13862426944699,-0.6256682785754055
-4.138245308941539,-0.6246998316536058
-4.13786754167045,-0.6237322963106213
-4.137491401044774,-0.6227656826569018
-4.137116838423037,-0.6217999886476511
-4.136742019580371,-0.6208352133443791
-4.136365896024956,-0.6198709697246428
-4.135988696719395,-0.6189056891705549
-4.135602555112714,-0.6179398164354696
-4.135217451868145,-0.6169748817625187
-4.134833815045581,-0.6160108935113284
-4.1344515962710355,-0.6150478479345358
-4.134069920168355,-0.614085742696546
-4.133685880634491,-0.6131245767624416
-4.13330053329193,-0.6121639512823494
-4.13291439084509,-0.6112022612558248
-4.132518676616579,-0.6102399649616747
-4.132123777644036,-0.6092786287501378
-4.131730123175657,-0.6083182612168438
-4.131337671478432,-0.6073588584132649
-4.130946361643444,-0.6064004178230815
-4.13055423665067,-0.6054425290406886
-4.130161440227761,-0.604483562981626
-4.129758644279968,-0.6035239846274834
-4.129356560064529,-0.6025653865208538
-4.128955613866808,-0.6016077768171763
-4.128555764227441,-0.6006511508957781
-4.1281569503666224,-0.5996955056850437
-4.127758023946417,-0.5987404238292846
-4.127358536095889,-0.5977842472581721
-4.126948650083472,-0.5968274471271042
-4.126539373525081,-0.5958716452609862
-4.126131129861268,-0.5949168497341881
-4.1257238789329165,-0.5939630555550105
-4.125317561736653,-0.59301025934794
-4.124910820092244,-0.5920584592303887
-4.124502773208954,-0.5911072301331961
-4.124094343993239,-0.5901548752888305
-4.123674982122546,-0.5892018777799504
-4.123256075560856,-0.588249898274761
-4.12283805075457,-0.5872989454871239
-4.122420876238033,-0.5863490145526746
-4.122008456061849,-0.5853996681438978
-4.1215956188193275,-0.5844491974206633
-4.1211819843346,-0.5834976191164694
-4.120767460575913,-0.5825449698960103
-4.120351932071444,-0.5815912797783237
-4.119936633952602,-0.5806365734922817
-4.119523809881703,-0.5796808715379935
-4.119112467582778,-0.5787246585357202
-4.118702154112506,-0.5777695120677846
-4.118293353754166,-0.5768154294560381
-4.117886003031142,-0.5758623965484543
-4.117479666546715,-0.5749104023628555
-4.117071988536472,-0.5739590376003256
-4.116663564299038,-0.573006577868622
-4.116244441957911,-0.5720534757556366
-4.115826081922229,-0.57110141056187
-4.115408870652661,-0.570150387540136
-4.114992741579458,-0.5692003989716005
-4.114577614353553,-0.5682514392431736
-4.114162940096144,-0.5673030854245755
-4.113747801288119,-0.5663535980998187
-4.113321483449268,-0.5654034540301907
-4.1128957073596535,-0.5644543521636929
-4.1124708892153565,-0.5635062999556524
-4.112046994014972,-0.5625592912064556
-4.111623970934415,-0.5616133215558837
-4.111201488809156,-0.5606683882852279
-4.110777708822144,-0.5597240526963482
-4.1103536105234495,-0.5587785488230411
-4.109917852615722,-0.5578323733971631
-4.109482555508895,-0.5568872564994024
-4.109048153718558,-0.5559432068408535
-4.108614634109144,-0.5550002188577321
-4.108181966098848,-0.554058288712206
-4.107750109924732,-0.5531174141045141
-4.1073173617309635,-0.55217714314179
-4.1068842703872015,-0.5512356781691515
-4.106439176672544,-0.5502935283872287
-4.105994602555863,-0.549352458614577
-4.105550987843691,-0.5484124778639032
-4.1051083290362955,-0.5474735804219623
-4.104666604382883,-0.5465357623262911
-4.104225782083224,-0.5455990211741238
-4.103784121095417,-0.5446628949177308
-4.103342019046544,-0.5437255502019306
-4.102887640058917,-0.5427875057133451
-4.1024339001317225,-0.5418505636110087
-4.101981238217467,-0.5409147330169976
-4.1015296550946605,-0.5399800079144659
-4.101079133061403,-0.5390463840910403
-4.100629643993444,-0.5381138589393016
-4.100179112631798,-0.5371819612829419
-4.099728008647038,-0.5362488209529069
-4.0992643871910905,-0.5353149652548471
-4.098801551824756,-0.5343822343934403
-4.098339937857294,-0.533450637563097
-4.097879547838591,-0.5325201684164239
-4.09742036575977,-0.5315908224694373
-4.096962293610311,-0.5306625968953679
-4.096502932873719,-0.5297350117182563
-4.096042851913197,-0.528806159774823
-4.095570030391669,-0.5278765766986724
-4.095098152600131,-0.526948140837532
-4.094627648236367,-0.5260208614494605
-4.0941585197777455,-0.5250947318526658
-4.093690751098482,-0.5241697472884362
-4.093223887949865,-0.5232459047193818
-4.092754776742603,-0.5223232026298963
-4.092284383639081,-0.5214011507222859
-4.091813146642786,-0.5204777964745032
-4.091328850682752,-0.5195536886032042
-4.090845629161417,-0.5186307526578857
-4.090363906964946,-0.5177089985413169
-4.089883688795613,-0.5167884196238246
-4.089404960631844,-0.5158690111898041
-4.088927158862886,-0.5149507702428742
-4.088448075085749,-0.5140331962069412
-4.087967980036161,-0.513114300850815
-4.0874746110299265,-0.5121946394464935
-4.086982483334716,-0.511276174661754
-4.0864920104744344,-0.5103589159961993
-4.086003191256685,-0.509442856107952
-4.085516005626651,-0.5085279896948358
-4.085029516104219,-0.5076143132941847
-4.084541747810982,-0.5067013185667135
-4.084052837270976,-0.5057869795003851
-4.083562381636502,-0.5048713178452655
-4.08307026694969,-0.503954377415185
-4.082576353971255,-0.5030361939167953
-4.082082287662067,-0.5021167966101417
-4.081608793116721,-0.5011972346202132
-4.081118129779497,-0.5002765108396706
-4.080629612600229,-0.49935695802871366
-4.080143219779436,-0.4984385950000078
-4.079658910684707,-0.4975214173691194
-4.079176636463695,-0.49660542183224454
-4.078692409303048,-0.4956906065435093
-4.078206938119254,-0.4947764824472721
-4.077719898227712,-0.4938610157293018
-4.077219813190092,-0.49294475438102936
-4.0767213309100425,-0.49202970500542614
-4.076224827326404,-0.49111587743026053
-4.075730269521871,-0.4902032642720477
-4.07523760780455,-0.489291860177778
-4.074744643188333,-0.4883816616828611
-4.074249461018122,-0.4874726667465463
-4.073753017416391,-0.48656436430416006
-4.07325526690593,-0.48565468710793674
-4.0727438179418005,-0.4847442048982276
-4.072233831907997,-0.48383496032032797
-4.071725688076824,-0.482926963516098
-4.071219363744891,-0.48202020692179703
-4.070714818348821,-0.48111468505234206
-4.07021107133524,-0.480210394297779
-4.06970512647345,-0.47930733263406916
-4.069197914910724,-0.4784049735072834
-4.06868949078171,-0.47750121041916016
-4.0681668311920225,-0.47659662681466064
-4.067645553854417,-0.4756933077261731
-4.067126029641986,-0.4747912634262414
-4.066608234342908,-0.47389048599984906
-4.066092125440806,-0.47299096967218435
-4.065577648672167,-0.4720927105564014
-4.06506102358549,-0.4711957064999522
-4.064543133438085,-0.4702994191245973
-4.064024126987844,-0.46940169869898474
-4.0634903413781736,-0.46850313954531514
-4.062957836271894,-0.46760587187928654
-4.0624269700752045,-0.46670990604790685
-4.061897713873901,-0.46581523374310135
-4.061370020703957,-0.46492184886579785
-4.060843831889047,-0.46402974726269924
-4.060316598894931,-0.463138926510395
-4.0597881053977085,-0.46224883736688593
-4.059258628307177,-0.46135728620544203
-4.05871379392059,-0.46046487760687427
-4.058170102318895,-0.4595737873133547
-4.0576278997368975,-0.45868402573338707
-4.0570871532225015,-0.4577955841612514
-4.056547812236683,-0.45690845616998393
-4.05600981473892,-0.4560226373369448
-4.055472047902901,-0.45513812495471
-4.054932143240329,-0.4542549177161528
-4.0543909837419365,-0.4533724535653097
-4.053849068453488,-0.4524884880638587
-4.0532910516780625,-0.45160364053546553
-4.05273395493738,-0.45072014041517733
-4.052178116118079,-0.4498379987069241
-4.051623503762929,-0.44895720666264993
-4.051070069229981,-0.44807775781715775
-4.050517752384451,-0.4471996477142329
-4.049966487121417,-0.4463228735691976
-4.049414057618707,-0.44544743407867765
-4.048860377907119,-0.4445727538136492
-4.048306159786948,-0.44369653750185656
-4.047735098422017,-0.44281941710147027
-4.04716475237216,-0.4419436753664446
-4.046595450721395,-0.4410693234377511
-4.046027163277983,-0.44019635215781516
-4.045459843127459,-0.43932475472212307
-4.044893432016313,-0.4384545263944396
-4.0443278658762765,-0.4375856641576581
-4.043763025970492,-0.43671816641909766
-4.043196942076418,-0.435851445315634
-4.042630522966816,-0.43498315416807065
-4.042063402299019,-0.43411331903326045
-4.04149548120054,-0.4332419905298244
-4.040938034390503,-0.4323706968730429
-4.04037785345643,-0.4315003684082311
-4.039815452799082,-0.43063141648243625
-4.039250876740293,-0.4297638433466511
-4.038684153551304,-0.4288976467269594
-4.038115305975926,-0.4280328252399189
-4.037545300807242,-0.4271688038261982
-4.036974736426249,-0.426303200688795
-4.036386580397696,-0.42543664909843193
-4.035798972158584,-0.42457151837009943
-4.035212215692324,-0.4237078196820165
-4.034626270064204,-0.4228455431982189
-4.034041079976934,-0.42198468153941887
-4.033456580882387,-0.42112522948660996
-4.0328727045115444,-0.42026718361747056
-4.032289382774829,-0.41941054199641514
-4.031706964670013,-0.41855470498686964
-4.031124422457222,-0.4176972525466564
-4.030523407579733,-0.41683884024697926
-4.029922715758276,-0.41598187917857193
-4.029322659812759,-0.41512638061076723
-4.028723218731045,-0.414272334309759
-4.028124356885252,-0.41341973258227893
-4.027526028498416,-0.41256856996083635
-4.026928183016271,-0.41171884282358284
-4.026330768961609,-0.41087054907193893
-4.025733736482504,-0.4100236878613132
-4.025137126656858,-0.40917764171740695
-4.024540557562316,-0.4083299379503093
-4.023924775831877,-0.4074812498001382
-4.023309225936166,-0.40663404604532677
-4.02269422400417,-0.40578833849356005
-4.022079764141084,-0.40494411677877934
-4.021465825420006,-0.4041013730923572
-4.020852375964023,-0.40326010186716804
-4.0202393783480215,-0.40242029939343016
-4.0196267935103975,-0.40158196349322345
-4.0190145833631465,-0.40074509324887697
-4.018403989786203,-0.3999090571090668
-4.01779342798467,-0.3990713249321249
-4.017163078613569,-0.39823258262340755
-4.016533004931707,-0.3973953597138473
-4.015903519094465,-0.39655966810969034
-4.015274623761404,-0.39572549696493775
-4.0146463066920335,-0.3948928380722225
-4.014018544427255,-0.39406168553428583
-4.013391307689357,-0.3932320353663058
-4.0127645653056385,-0.3924038851594279
-4.012138286828179,-0.3915772338002988
-4.011512444199909,-0.39075208123806415
-4.010886058055698,-0.38992778102990755
-4.010259645873747,-0.3891017383641052
-4.009612849732016,-0.38827465426933344
-4.0089664456909935,-0.3874491272507636
-4.008340585739148,-0.386625480624027
-4.007712707339603,-0.3858032720236671
-4.0070821858683185,-0.38498232185071063
-4.006449581270393,-0.3841629267534707
-4.0058149361694175,-0.38334508578658516
-4.005178276062608,-0.3825287943126256
-4.004539621450716,-0.3817140490259076
-4.003898989277231,-0.38090084797208945
-4.003257251306713,-0.38008854187746227
-4.002614860452115,-0.37927445572063134
-4.001951983016645,-0.37845929043276555
-4.001289821155229,-0.37764572484846165
-4.000628660224036,-0.37683377068801405
-3.9999685036914685,-0.3760234157062969
-3.9993093405819375,-0.375214650535143
-3.9986511485618523,-0.37440746831823807
-3.997993899502615,-0.37360186427579495
-3.9973375635005985,-0.37279783533683586
-3.996682111524566,-0.37199537983304887
-3.996026087383915,-0.3711944973225885
-3.9953688660287177,-0.3703945169452569
-3.9947111852414925,-0.3695927093562047
-3.994032257330995,-0.36878979758911407
-3.9933541796443666,-0.36798852055957504
-3.992677228833621,-0.3671888906754749
-3.9920014175411382,-0.366390895679842
-3.991326744212112,-0.365594526189768
-3.9906531951973627,-0.36479977533192676
-3.989980750044155,-0.364006638304753
-3.98930938538796,-0.36321511200945433
-3.988639077555336,-0.3624251947434672
-3.98796796988753,-0.3616368860492864
-3.987294978844344,-0.36085018627803395
-3.9866207809463754,-0.3600644072127611
-3.9859459644247726,-0.3592767520452511
-3.9852493654883654,-0.35848795988898774
-3.984553812921073,-0.35770084319234247
-3.983859566906032,-0.3569154147598697
-3.983166640523331,-0.35613166201533253
-3.9824750322494715,-0.35534957530208977
-3.9817847275435843,-0.3545691475132098
-3.9810957041849284,-0.35379037364533716
-3.9804079362354146,-0.3530132504230055
-3.9797213967126086,-0.35223777598677214
-3.979033607884149,-0.35146394977679746
-3.978343970208172,-0.3506917719586646
-3.9776531314693457,-0.34992054021533947
-3.976961507169108,-0.3491473868576686
-3.9762553087010963,-0.3483643160246394
-3.975547254837013,-0.3475916099567324
-3.9748406173046087,-0.34682063709055283
-3.974135433785073,-0.34605138196555824
-3.9734316976249984,-0.3452838342005821
-3.972729386751139,-0.3445179861062346
-3.9720284708243314,-0.34375383219425426
-3.971328065862045,-0.3429913688328307
-3.9706258318786856,-0.3422305939167907
-3.9699217754683462,-0.3414715063389724
-3.9692150062031657,-0.3407131320426718
-3.9685036419279203,-0.3399534195924698
-3.9677858551918623,-0.33919035620262333
-3.9670753547016653,-0.338437137258017
-3.966363891333103,-0.3376819439851139
-3.9656431900063125,-0.336910791170316
-3.964920749989205,-0.3361412436300513
-3.9641965637712455,-0.3353733159350166
-3.963470654361321,-0.33460699815779316
-3.962743040938526,-0.3338422824344937
-3.9620137395626194,-0.3330791630071948
-3.9612827637793386,-0.33231763586322016
-3.9605501251100392,-0.3315576984215623
-3.959815833448521,-0.3307993492711131
-3.9590798973822126,-0.3300425879534677
-3.958342324451736,-0.32928741478343704
-3.957603121360363,-0.32853383070126685
-3.9568622941427734,-0.3277818371513828
-3.956119848300838,-0.32703143598321777
-3.9553757889127006,-0.32628262937035574
-3.9546301207202914,-0.3255354197448032
-3.953882848199437,-0.3247898097437095
-3.9531339756159456,-0.32404580216630086
-3.952383507070416,-0.32330339993916185
-3.951631446533979,-0.32256260608832493
-3.950877797876774,-0.3218234237168881
-3.9501225648906026,-0.32108585598711575
-3.9493657513069222,-0.3203499061061629
-3.94860736081112,-0.31961557731471474
-3.9478624907694346,-0.3188962752482851
-3.9471168081768,-0.3181749119786912
-3.9463608953694425,-0.3174381715510161
-3.945603315391932,-0.31670311085456576
-3.9448440631808013,-0.3159697522040883
-3.944083162080413,-0.315238084141745
-3.9433358331288764,-0.31452139425455256
-3.9425874880484804,-0.31380268741603107
-3.941828907249551,-0.3130687220106652
-3.941068633868628,-0.3123364681186364
-3.9403066694889257,-0.31160594337500475
-3.939558300553216,-0.3108903758480805
-3.9387969043989317,-0.31015868379346195
-3.9380355601428914,-0.30942695403305603
-3.937274248409199,-0.3086952095184649
-3.93651296259482,-0.3079634533954834
-3.9357520336221974,-0.30723216819658994
-3.9349908261855697,-0.3065005611705891
-3.9342296210555405,-0.3057689126184022
-3.9334684203283348,-0.30503723320246107
-3.932707223319463,-0.30430552915395553
-3.931946029358859,-0.30357380533765665
-3.93119999322645,-0.30285620240740807
-3.9304523629916686,-0.3021366514717342
-3.9297032540723698,-0.30141517099669396
-3.928952636947716,-0.3006917998908428
-3.9282004541715008,-0.2999665700913099
-3.927446639725322,-0.29923950780879477
-3.9266965370084486,-0.298496273269481
-3.9259463301279216,-0.2977531575950922
-3.9251960271986173,-0.2970101525122646
-3.924445647435255,-0.29626723594169907
-3.9236952063331905,-0.2955243900530931
-3.9229447163481486,-0.2947816005198882
-3.92219418747829,-0.2940388558467748
-3.921443627737496,-0.29329614682200905
-3.920693043539898,-0.29255346607317767
-3.9199424400118095,-0.2918108077074341
-3.9191918212443673,-0.29106816702056
-3.918441190497822,-0.2903255402620073
-3.917690550366477,-0.28958292444540823
-3.916939902911661,-0.28884031719595693
-3.916189249768758,-0.2880977166276486
-3.915438592233243,-0.28735512124466345
-3.9146879313297265,-0.2866125298622497
-3.9139372678672975,-0.2858699415433285
-3.9131866024838047,-0.2851273555477636
-3.9124359356812533,-0.2843847712918156
-3.9116852678540397,-0.2836421883157795
-3.910934599311458,-0.28289960625818356
-3.9101839302956054,-0.2821570248352498
-3.9094332609956033,-0.28141444382456077
-3.908682591558884,-0.2806718630520906
-3.907931922100128,-0.2799292823819197
-3.907181252708332,-0.27918670170809057
-3.906430583452392,-0.278444120948165
-3.9056799143854977,-0.27770154003813813
-3.904929245548601,-0.27695895892842587
-3.90417857697313,-0.276216377580707
-3.9034276312163128,-0.275474836207475
-3.9026749393803177,-0.27473499211611885
-3.901920523231966,-0.27399683976969763
-3.9011644150957356,-0.2732603671194336
-3.900406641530456,-0.2725255648360879
-3.899647224432494,-0.27179242596219416
-3.89888618196078,-0.27106094550617926
-3.898123529282967,-0.27033112009553534
-3.89735955600725,-0.26960213868934274
-3.8965957094935555,-0.2688730430241683
-3.895831975323736,-0.26814384458092516
-3.8950683311175753,-0.267414563820959
-3.8943047588501973,-0.266685217240967
-3.8935412440507142,-0.26595581809164165
-3.8927777751163593,-0.2652263770007911
-3.8920143427556706,-0.26449690248036295
-3.8912509395373567,-0.2637674013379883
-3.8904875595253037,-0.263037879010481
-3.889724197983677,-0.26230833983367036
-3.888960851138974,-0.2615787872603862
-3.888197515988283,-0.2608492240362934
-3.887434190144979,-0.2601196523415173
-3.8866708717146983,-0.2593900739045489
-3.8859075591957812,-0.2586604900937232
-3.885144251399459,-0.25793090199058144
-3.884380947385942,-0.2572013104486208
-3.88361764641331,-0.2564717161402756
-3.882854347896693,-0.25574211959443394
-3.882091051375703,-0.25501252122635415
-3.8813277564884943,-0.25428292136148517
-3.880564462951114,-0.25355332025440724
-3.8798011705411035,-0.2528237181038691
-3.8790378790844713,-0.2520941150647093
-3.8782745884453798,-0.2513645112572921
-3.8775110293842228,-0.25063588476876986
-3.876745755108668,-0.2499089921148653
-3.8759787871124733,-0.24918382724464774
-3.875225688387011,-0.24847443487095336
-3.8744555451654503,-0.24775293794956926
-3.8736837198269467,-0.2470331016177263
-3.8729102530799264,-0.2463149461845033
-3.872135445352748,-0.24559759614324933
-3.871360727184485,-0.24488014671135544
-3.87058609150607,-0.2441626061586313
-3.8698115220012754,-0.24344499251198762
-3.86903700550329,-0.24272732031638744
-3.8682625314277224,-0.24200960126253335
-3.867488091276943,-0.24129184473539336
-3.866713678237066,-0.24057405825999034
-3.8659392868510065,-0.2398562478628656
-3.8651649127536323,-0.23913841836477162
-3.8643905524575133,-0.23842057361736754
-3.8636162031798325,-0.23770271669438528
-3.8628418627027403,-0.23698485004582973
-3.86206752926083,-0.2362669756222062
-3.8612932014505836,-0.23554909497447982
-3.8605188781575905,-0.234831209334409
-3.859744558498121,-0.23411331967902974
-3.858970241772286,-0.2333954267823552
-3.858195927426518,-0.23267753125677718
-3.8574216150235787,-0.2319596335861795
-3.8566473042185825,-0.23124173415239346
-3.8558729947398795,-0.23052383325630715
-3.855098686373815,-0.22980593113468933
-3.854324378952602,-0.22908802797358213
-3.853550072344678,-0.22837012391894887
-3.8527755040124028,-0.2276531905945702
-3.8519992476908103,-0.22693801398886376
-3.8512213247639604,-0.2262245893186677
-3.8504417667858175,-0.22551290243359198
-3.8496605997142828,-0.22480294229799969
-3.8488778449836807,-0.22409470056868658
-3.848093520402997,-0.22338817112438056
-3.8473079043463727,-0.22268256782985224
-3.8465224047519806,-0.22197685308406387
-3.845737008935257,-0.22127103744794582
-3.8449516962527848,-0.2205651409732175
-3.844166450072394,-0.21985917983328115
-3.8433812570375636,-0.21915316702330348
-3.8425961064360057,-0.21844711296949748
-3.841810989686894,-0.2177410260250714
-3.841025899925308,-0.21703491287291188
-3.8402408316659313,-0.21632877885200757
-3.8394557805312526,-0.21562262822163972
-3.8386707430322065,-0.2149164643748759
-3.837885716391356,-0.2142102900108361
-3.8371006984005622,-0.2135041072734877
-3.8363156873065467,-0.21279791786330823
-3.8355306817190136,-0.2120917231269926
-3.834745680536961,-0.21138552412941716
-3.833960682889665,-0.21067932171128884
-3.833175688089471,-0.2099731165352614
-3.8323904401141484,-0.20926783229946322
-3.83160353288023,-0.20856433416497377
-3.8308149873224897,-0.20786261716194662
-3.83002483441983,-0.2071626658132745
-3.8292330996808106,-0.20646446800721566
-3.8284398041919316,-0.20576801452713586
-3.8276452230152045,-0.20507252616386992
-3.8268507486844956,-0.20437693303869006
-3.8260563703024064,-0.20368124421860104
-3.825262068809814,-0.20298547869185554
-3.824467828844996,-0.2022896517811347
-3.823673638068499,-0.20159377580170634
-3.8228794865812104,-0.2008978606371906
-3.822085366451642,-0.2002019142084115
-3.821291271332719,-0.1995059428542022
-3.8204971961515763,-0.19880995164019108
-3.8197031368587884,-0.19811394460879428
-3.8189090902259246,-0.19741792498129795
-3.8181150536823254,-0.19672189532096512
-3.8173210251836807,-0.1960258576644891
-3.8165270031063367,-0.19532981362778318
-3.815732986162416,-0.194633764490992
-3.814938973331722,-0.19393771126671025
-3.814144963807194,-0.19324165475464677
-3.8133509569512545,-0.19254559558536655
-3.812556952260928,-0.19184953425524195
-3.8117629493400016,-0.19115347115434173
-3.8109689478768254,-0.1904574065886525
-3.810174698262549,-0.18976226154118161
-3.809378812137075,-0.18906892197324973
-3.8085813105287674,-0.18837738373816137
-3.8077822242983883,-0.18768763108577682
-3.8069815788619468,-0.18699965167815108
-3.806179395235746,-0.18631343611107706
-3.805375690910717,-0.1856289773949724
-3.8045707310994747,-0.18494551956886088
-3.803765884656869,-0.1842619470620616
-3.8029611391820737,-0.1835782707860308
-3.8021564745897964,-0.1828945113654117
-3.801351874698513,-0.18221068543478253
-3.800547326514115,-0.18152680635928795
-3.7997428196153415,-0.18084288486157124
-3.7989383456547374,-0.18015892953204468
-3.798133897954258,-0.17947494724316684
-3.7973294711780174,-0.17879094348523966
-3.7965250610678285,-0.17810692263816677
-3.795720664229772,-0.17742288819104926
-3.7949162779621743,-0.1767388429193651
-3.7941119001171355,-0.17605478902771507
-3.7933075289892084,-0.17537072826465994
-3.7925031632260175,-0.17468666201497246
-3.791698801756584,-0.17400259137364146
-3.7908944437339143,-0.17331851720515296
-3.790089846986044,-0.17263533065496686
-3.789283643024726,-0.1719539749914094
-3.7884758524465147,-0.17127444641619924
-3.7876665055459693,-0.17059672838944265
-3.786855627295259,-0.16992080792674882
-3.7860434826150713,-0.1692459156479194
-3.7852314319494194,-0.1685709265095825
-3.784419466672182,-0.16789584771214808
-3.783607569853552,-0.16722069700789632
-3.7827957278411755,-0.16654548873070366
-3.7819839296652518,-0.16587023440526474
-3.7811721665227034,-0.16519494328404272
-3.7803604313579986,-0.1645196227847221
-3.779548718523239,-0.16384427884564712
-3.7787370235029107,-0.1631689162141463
-3.777925342691312,-0.16249353868004585
-3.7771136732128126,-0.16181814926449883
-3.776302012776891,-0.16114275037244985
-3.775490359561378,-0.16046734391555634
-3.7746784763325896,-0.15979280229666257
-3.773865008566322,-0.15912010749243383
-3.7730499762252627,-0.1584492563214201
-3.772233408939026,-0.15778023200560815
-3.7714153311555347,-0.15711302136061517
-3.770595763135328,-0.1564476142833323
-3.769774959757425,-0.155783269119935
-3.7689542597621215,-0.1551188144713698
-3.7681336524658278,-0.15445425995869022
-3.767313119446516,-0.15378962540741328
-3.7664926458588583,-0.15312492681258896
-3.7656722197800248,-0.15246017702771444
-3.7648518316465154,-0.15179538636670478
-3.764031473796792,-0.15113056309395392
-3.763211140100601,-0.15046571382227106
-3.7623908256589704,-0.1498008438354846
-3.7615705265617403,-0.14913595734956658
-3.76075023969185,-0.1484710577236698
-3.759929962567579,-0.14780614763042918
-3.759109693215533,-0.14714122919318937
-3.7582894300685274,-0.14647630409642015
-3.7574691718835775,-0.14581137367443237
-3.7566489176761286,-0.14514643898255575
-3.7558286666673686,-0.14448150085416728
-3.755008189278062,-0.14381743038842965
-3.7541861491069,-0.14315522694003788
-3.7533625665614356,-0.1424948876920511
-3.7525374714266375,-0.1418363953277519
-3.75171088827427,-0.1411797362235419
-3.750882837465542,-0.14052489991827696
-3.7500533359888233,-0.1398718785480548
-3.7492226287752985,-0.13921995110879712
-3.748392030611972,-0.13856790451486603
-3.747561529483989,-0.13791575018305544
-3.746731106085617,-0.1372635095298683
-3.7459007448650343,-0.1366111998267862
-3.745070433334747,-0.1359588349495698
-3.7442401614804743,-0.1353064260297112
-3.743409921281237,-0.13465398198458003
-3.7425797063205124,-0.13400150994777987
-3.7417495114716073,-0.1333490156179337
-3.7409193326434322,-0.13269650354092027
-3.7400891665753497,-0.1320439773379126
-3.7392590106718426,-0.13139143988934993
-3.7384288628694384,-0.13073889348314285
-3.737598721529739,-0.1300863399338917
-3.7367685853535337,-0.12943378067865083
-3.7359384533119346,-0.12878121685374438
-3.7351081031764783,-0.12812950037250723
-3.734276219678861,-0.12747967393072615
-3.733442822941415,-0.12683173519495156
-3.7326079422918057,-0.12618566628750966
-3.73177160194259,-0.12554145312316106
-3.7309338219757313,-0.12489908485999354
-3.73009461916475,-0.12425855331793963
-3.7292542310916543,-0.12361915097734216
-3.7284139503746827,-0.1229796277495208
-3.7275737651472567,-0.12233999525252091
-3.726733656409357,-0.121700275209472
-3.7258936088562113,-0.12106048513828337
-3.72505361019916,-0.12042063911213552
-3.724213650583715,-0.11978074842047874
-3.7233737221171297,-0.11914082210691053
-3.72253381848564,-0.11850086740577992
-3.721693934644783,-0.1178608900960173
-3.720854066569176,-0.11722089478743725
-3.720014211050613,-0.11658088515204952
-3.7191743655353533,-0.11594086411066391
-3.718334527993166,-0.11530083398320835
-3.717494696812061,-0.11466079660964228
-3.716654870713778,-0.1140207534470791
-3.7158150486860246,-0.11338070564768786
-3.7149750155716257,-0.11274149169672008
-3.714133478183973,-0.11210418996280135
-3.713290456501576,-0.11146879863132887
-3.712445979503747,-0.11083529933540254
-3.7116002893056135,-0.1102029501508625
-3.7107546761574435,-0.10957051323251712
-3.7099091341890826,-0.10893799343601716
-3.709063649317897,-0.10830540713009192
-3.7082182101812275,-0.10767276754061109
-3.7073728076465167,-0.1070400853049767
-3.7065274343829615,-0.10640736896616346
-3.70568208451331,-0.10577462537539734
-3.7048367533314446,-0.1051418600194454
-3.7039914370736318,-0.10450907728619267
-3.7031461327335045,-0.10387628067980069
-3.7023008379126074,-0.1032434729947493
-3.701455550699839,-0.10261065645640764
-3.7006100589245934,-0.10197865956415769
-3.69976308202312,-0.10134858531872483
-3.698914639390442,-0.10072043261384334
-3.698064759407551,-0.10009418314815526
-3.697213465540189,-0.09946982248009055
-3.6963607772859035,-0.09884733946635126
-3.6955067109644957,-0.09822672566856931
-3.6946512803549436,-0.09760797485692037
-3.693794709189324,-0.09699040990285379
-3.6929382485555013,-0.09637271374650397
-3.6920818855976476,-0.09575489985641025
-3.6912256008499815,-0.09513699168071958
-3.690369378640115,-0.09451900811819657
-3.6895132063886993,-0.09390096434524908
-3.6886570740116396,-0.09328287253154313
-3.687800973435045,-0.09266474242200336
-3.686944898202411,-0.09204658180900481
-3.6860888431569347,-0.09142839691486618
-3.6852328041849334,-0.09081019270120619
-3.6843767780088874,-0.0901919731187716
-3.683520762020718,-0.08957374130889409
-3.682664754147658,-0.08895549976570578
-3.6818087527444683,-0.0883372504665693
-3.6809527565069384,-0.08771899497680286
-3.680096561868509,-0.08710154358428307
-3.6792389144134137,-0.08648604178317698
-3.678379833689961,-0.08587248853052216
-3.6775193479299073,-0.08526086460129148
-3.6766576871169856,-0.08465045122630405
-3.6757961013560645,-0.08403994783764986
-3.6749345848405297,-0.08342935950791269
-3.674073123865922,-0.08281870301915965
-3.6732117073762853,-0.08220799192937252
-3.6723503264865225,-0.08159723714183936
-3.6714889740651784,-0.08098644741212653
-3.670627644395364,-0.080375629761225
-3.6697663328997727,-0.07976478981129617
-3.6689050359179944,-0.07915393205806949
-3.6680437505264223,-0.07854306009149578
-3.6671824743927997,-0.07793217677421074
-3.6663210069902012,-0.07732208485019058
-3.6654581066390612,-0.0767139516188424
-3.6645937922228677,-0.07610777688986375
-3.6637280913071595,-0.07550354165488896
-3.662861229298818,-0.07490053475097086
-3.6619944426085125,-0.07429743589668689
-3.6611277252566214,-0.07369425048376614
-3.6602610635112494,-0.07309099562664848
-3.6593944462965053,-0.07248768514877277
-3.658527864712654,-0.0718843301649546
-3.6576613116175807,-0.07128093959908367
-3.656794781286707,-0.07067752060591084
-3.6559282691372457,-0.07007407891374315
-3.6550617715049363,-0.06947061910242329
-3.6541950909038237,-0.06886792853756829
-3.653326998116099,-0.06826720621149233
-3.6524575111883744,-0.06766845267722237
-3.65158665688318,-0.06707164905899632
-3.650714655675056,-0.06647609501920894
-3.649842730323551,-0.06588044671261453
-3.648970874616796,-0.06528470993257841
-3.6480990747493798,-0.06468890219071138
-3.6472273195891405,-0.0640930376269374
-3.646355600193098,-0.06349712760771564
-3.64548390938598,-0.06290118125674223
-3.6446122414178537,-0.06230520588719104
-3.643740591686602,-0.06170920735279953
-3.6428689565132744,-0.06111319033257299
-3.6419973329604853,-0.06051715856129809
-3.6411255287184368,-0.05992189552447859
-3.6402523276836485,-0.05932861406390248
-3.639377748210592,-0.05873731464958077
-3.6385018171682217,-0.05814797788984121
-3.6376245568297003,-0.05756058843642599
-3.6367461794639735,-0.056974466985229594
-3.6358678870945207,-0.056388237271941095
-3.634989671541772,-0.05580190778731653
-3.634111517557744,-0.0552154983104652
-3.633233412852683,-0.05462902480367439
-3.632355347555419,-0.05404250009571145
-3.631477313747327,-0.05345593448203232
-3.6305993050838583,-0.052869336213452765
-3.629721316487824,-0.05228271189297363
-3.628843343901166,-0.05169606679750184
-3.627965384084336,-0.05110940513827632
-3.627087434454354,-0.05052273027135714
-3.6262094929542723,-0.04993604486749992
-3.625331557948072,-0.04934935104905236
-3.6244536281361563,-0.04876265050011596
-3.6235757024874813,-0.048175944555068746
-3.6227148269850327,-0.04760169737196793
-3.6218524982872666,-0.04702944356579948
-3.6209714581158616,-0.04644810865635596
-3.620089061061949,-0.04586870355320236
-3.6192053443244094,-0.045291233751400366
-3.618320329223172,-0.04471569289449017
-3.6174342281217147,-0.044141373072038394
-3.6165482123011246,-0.043566929009176
-3.615662273378423,-0.04299237224104543
-3.6147763961104453,-0.04241772509764055
-3.6138905682082836,-0.04184300558917988
-3.6130047797985303,-0.04126822818829278
-3.6121190229583187,-0.040693404509925944
-3.6112332913376366,-0.04011854386399888
-3.6103475798531632,-0.039543653703594056
-3.6094618844404334,-0.03896873998791237
-3.6085762018534897,-0.038393807475800575
-3.6076905295031354,-0.03781885996281266
-3.6068048653265192,-0.03724390047241617
-3.605919207682117,-0.036668931410012505
-3.6050335552652597,-0.036093954686845744
-3.6041479070402866,-0.035518971819559875
-3.6032620851163912,-0.03494477750635602
-3.6023749105152816,-0.034372596687472355
-3.6014864023656554,-0.03380243044082511
-3.6005965877564132,-0.03323425867055767
-3.5997056705517525,-0.032667388892467654
-3.598814823704059,-0.03210042550841124
-3.5979240416955887,-0.03153337385372407
-3.597033311698843,-0.03096625135965765
-3.5961426233654783,-0.030399072109074953
-3.5952519683787934,-0.029831847428003058
-3.594361340063245,-0.02926458641206559
-3.5934707330671194,-0.02869729635547828
-3.592580143105201,-0.02812998309967359
-3.5916895667503863,-0.027562651316149232
-3.59079900126516,-0.02699530473559006
-3.589908444465489,-0.02642794633318554
-3.5890178946110396,-0.02586057847829243
-3.5881273503167357,-0.02529320305512602
-3.5872368104816066,-0.02472582155994732
-3.5863462742316066,-0.024158435179212293
-3.585455740873726,-0.0235910448523234
-3.584565209859204,-0.023023651321947964
-3.583674508382815,-0.022457046245588624
-3.5827824706606926,-0.021892467052877423
-3.5818891159870025,-0.021329914763062622
-3.5809944714386592,-0.02076936882312718
-3.580098559452805,-0.020210812933004557
-3.5792013987283835,-0.019654234411062167
-3.5783030049746416,-0.019099623536015953
-3.577403391513399,-0.018546972998573216
-3.576502744279632,-0.017995653775499446
-3.5756021969752996,-0.01744419596468341
-3.574701737882692,-0.01689261382678208
-3.5738013494306946,-0.01634093210811043
-3.57290101747254,-0.015789170754790274
-3.572000730652951,-0.015237345785488758
-3.5711004798685617,-0.014685470046349205
-3.570200257830152,-0.014133553824961799
-3.5693000587081585,-0.013581605348499153
-3.568399877845998,-0.01302963118723134
-3.5674997115285434,-0.01247763658089493
-3.5665995567953788,-0.011925625702269464
-3.565699411290368,-0.011373601869731364
-3.5647992731406224,-0.01082156771841366
-3.5638991408592435,-0.010269525337837962
-3.5629990132672695,-0.009717476382429124
-3.562098889431106,-0.009165422160132336
-3.5611987686124285,-0.008613363703372377
-3.560298650228124,-0.0080613018257945
-3.559398369809513,-0.007510006811887807
-3.558496788866821,-0.006960761302440604
-3.5575939264651257,-0.00641356639728064
-3.5566898092142707,-0.005868400792521673
-3.5557844591830463,-0.005325247572311795
-3.5548778947828876,-0.004784093548625459
-3.5539702999151586,-0.0042442992479123955
-3.5530627911262274,-0.0037043825505969517
-3.552155359331256,-0.0031643543149497966
-3.5512479892394944,-0.0026242366644079066
-3.550340668530141,-0.002084047448340233
-3.5494333873077766,-0.001543801011355292
-3.5485261376347492,-0.0010035088649010737
-3.5476189131515263,-0.0004631802339509071
-3.5467117087690694,7.717749911166993e-05
-3.5458045204199125,0.0006175584346547579
-3.544897344857,0.0011579578645444075
-3.5439901794913395,0.0016983720367586815
-3.5430830222611402,0.00223879796543449
-3.5421758715264704,0.002779233277800629
-3.541268725984553,0.003319676091010485
-3.540361584601748,0.003860124913174627
-3.5394544465589965,0.004400578563948825
-3.538547311208116,0.004941036110903552
-3.537640178036828,0.0054814968186080275
-3.536732888326802,0.006021194470403219
-3.535824324905587,0.006558827354050594
-3.534914506717998,0.007094393934057155
-3.534003460061429,0.007627915747311698
-3.533091206757171,0.008159409905202116
-3.5321779284309147,0.008689524124820495
-3.5312647265532644,0.009219749337297184
-3.530351593833868,0.009750077075166423
-3.5294385165654014,0.010280487050062648
-3.5285254836968956,0.010810962882284223
-3.5276124863496454,0.011341491402796906
-3.526699517399044,0.011872062039168489
-3.5257865711349314,0.012402666315430366
-3.5248736429862833,0.012933297445796426
-3.5239607292983472,0.013463950005158272
-3.5230478271524763,0.013994619662265053
-3.522134934220674,0.014525302963989815
-3.521222048648307,0.015055997161161147
-3.5203091689596553,0.015586700068156073
-3.519396293981941,0.016117409949872673
-3.5184834227843003,0.016648125430872445
-3.517570401080713,0.017178092987903668
-3.5166561293861625,0.017705983070286358
-3.5157406262803113,0.01823179380493941
-3.5148239175902782,0.018755546940178062
-3.5139060247661735,0.019277259766843545
-3.5129871244294897,0.019797570935003308
-3.5120682996540418,0.0203179943580596
-3.511149543174208,0.020838521394386616
-3.5102308414490326,0.02135913153264213
-3.509312183562915,0.02187980821499334
-3.5083935607467134,0.02240053813049762
-3.507474965964353,0.022921310593819907
-3.506556393577107,0.02344211703928337
-3.5056378390714986,0.023962950609918172
-3.5047192988390674,0.024483805824208105
-3.5038007699983535,0.02500467830626501
-3.502882250251189,0.02552556456768925
-3.5019637377668316,0.02604646183147728
-3.501045231088671,0.02656736789007813
-3.500126729059193,0.027088280991140745
-3.4992080822169513,0.027608458584232692
-3.49828820877634,0.028126545910752823
-3.4973671270536104,0.028642540843389474
-3.496444862484622,0.029156465396102303
-3.495521436210235,0.029668337081850474
-3.4945968659145015,0.030178169593788492
-3.493671319706001,0.03068657860982021
-3.4927458556825344,0.031195113424104894
-3.4918204650603712,0.03170376276425917
-3.4908951332573843,0.03221250390656746
-3.489969848525631,0.03272131851979914
-3.4890446014308574,0.03323019187370043
-3.488119384406111,0.033739112148570664
-3.487194191389422,0.03424806987335028
-3.4862690175302733,0.03475705746944362
-3.4853438589521235,0.0352660688809688
-3.484418712560533,0.03577509927552335
-3.483493575888332,0.036284144802379556
-3.4825684469708387,0.036793202397375574
-3.481643324245418,0.03730226962571268
-3.480718206470737,0.0378113445554744
-3.4797930926619256,0.038320425656006935
-3.4788679820385813,0.03882951171638817
-3.4779428739831144,0.03933860178010473
-3.477017768007424,0.03984769509278744
-3.476092663726269,0.04035679106045258
-3.4751675608360095,0.04086588921618328
-3.4742424590976646,0.04137498919358222
-3.473317216205835,0.0418833379536665
-3.472390771953618,0.04238958174388407
-3.471463144994949,0.04289371815707744
-3.4705343608096784,0.04339576951118792
-3.469604440570605,0.04389575356798195
-3.4686734019864702,0.044393684224798315
-3.4677414067933365,0.04489017489766337
-3.466809491678069,0.04538679165939797
-3.4658776481086377,0.04588352329456421
-3.4649458618798175,0.04638034702641452
-3.4640141215458895,0.04687724447789824
-3.463082417914149,0.04737420087965377
-3.462150743610441,0.04787120437875992
-3.461219092726469,0.04836824547605545
-3.460287460534042,0.048865316569262296
-3.459355843253859,0.049362411582608574
-3.4584242378686723,0.0498595256670387
-3.457492641972503,0.05035665495792159
-3.4565610536491054,0.05085379637951876
-3.455629471374131,0.05135094748741538
-3.4546978939364625,0.05184810634172568
-3.453766320375043,0.05234527140520532
-3.452834749928202,0.05284244146149278
-3.451903181993066,0.0533396155495937
-3.4509716160930735,0.053836792911454004
-3.450040051852014,0.054333972950064716
-3.4491084889733044,0.05483115519602902
-3.4481767921030726,0.05532759522339309
-3.4472439217500597,0.05582191555239706
-3.446309896364615,0.056314113516923815
-3.4453747410427775,0.05680421175998404
-3.4444384766531297,0.05729222831447557
-3.443501261131269,0.05777878488132414
-3.4425641166376564,0.05826545573534415
-3.4416270363125343,0.05875223212285902
-3.4406900074398483,0.059239093166595445
-3.4397530197684354,0.059726022011203334
-3.4388160650622615,0.060213005104860516
-3.4378791367123855,0.06070003156746183
-3.4369422294218395,0.06118709267603955
-3.4360053389502228,0.06167418144675494
-3.4350684619069756,0.062161292295883845
-3.4341315955842684,0.06264842076529499
-3.4331947378220984,0.06313556330048796
-3.432257886899515,0.06362271707139391
-3.4313210414470263,0.06410987982791032
-3.4303842003761456,0.06459704978360399
-3.429447362822798,0.06508422552222212
-3.428510528101909,0.06557140592264347
-3.427573695671012,0.06605859009871583
-3.42663673582408,0.06654504485709396
-3.4256986263498743,0.0670293678769998
-3.424759385417189,0.0675115562772478
-3.4238190377129896,0.06799163296609752
-3.4228776037821946,0.06846961619899956
-3.4219351008401775,0.06894552028839465
-3.420991677719383,0.06941994333124066
-3.420048331856483,0.06989449458767726
-3.419105054948226,0.07036916258641494
-3.4181618333007835,0.07084392417513126
-3.417218655881742,0.07131876067539021
-3.4162755138310583,0.07179365707669895
-3.4153324000419354,0.07226860133344896
-3.4143893088206507,0.07274358379268864
-3.4134462356109796,0.07321859672954188
-3.4125031767712506,0.0736936339706233
-3.411560129394207,0.07416869058925044
-3.410617091161653,0.0746437626591352
-3.4096740602273004,0.07511884705562671
-3.4087310351224733,0.07559394129555591
-3.407788014680296,0.07606904340836987
-3.4068449979748134,0.07654415183258693
-3.40590198427217,0.07701926533271419
-3.404958972991493,0.07749438293267537
-3.4040159636735967,0.07796950386254202
-3.4030729559559734,0.0784446275159679
-3.4021299495528248,0.07891975341622322
-3.401186944239145,0.07939488118912905
-3.4002439398380444,0.07987001054151953
-3.399300936210665,0.08034514124412814
-3.3983578103476417,0.08081953507874289
-3.3974135618875887,0.08129178409102847
-3.396468209043869,0.08176188500207333
-3.3955217763114827,0.08222986089743174
-3.394574284080933,0.0826957301812371
-3.393625749445273,0.08315950729146358
-3.39267631509105,0.08362178622051346
-3.391726956140913,0.0840841940082622
-3.3907776644841947,0.08454671915508162
-3.3898284267608085,0.0850093383947586
-3.3888792322067154,0.08547203295545706
-3.3879300721769052,0.08593478775043466
-3.3869809397366377,0.08639759067192647
-3.386031829329673,0.08686043201638405
-3.3850827365094927,0.08732330401779999
-3.384133657721846,0.08778620046939585
-3.383184590129046,0.08824911641741315
-3.38223553146818,0.08871204791363663
-3.381286479936829,0.08917499181567921
-3.3803374341010803,0.08963794562604263
-3.379388392821562,0.09010090736260998
-3.378439355194051,0.09056387545457785
-3.3774903205018316,0.0910268486589473
-3.3765412881775316,0.09148982599360428
-3.3755922577725808,0.09195280668376862
-3.374643228932802,0.09241579011919954
-3.3736942013789246,0.09287877582004402
-3.3727451748910493,0.09334176340962096
-3.3717961492962707,0.09380475259276187
-3.3708471244588365,0.09426774313859876
-3.369897983052941,0.09473000355715988
-3.3689477472564184,0.09519010563086926
-3.36799643510552,0.09564804580835598
-3.3670440707279368,0.09610384745226436
-3.3660906742226935,0.09655752919867262
-3.3651362624536025,0.09700910568083444
-3.3641808497025605,0.09745858826594853
-3.363224570252349,0.09790654974821708
-3.3622683700378055,0.09835465160943578
-3.361312239951242,0.09880288012008161
-3.3603561660462664,0.0992512101227
-3.3594001370920936,0.09969962133110144
-3.358444144071974,0.10014809744787895
-3.3574881797554093,0.10059662539870623
-3.356532238351107,0.10104519470940991
-3.3555763152259477,0.10149379700041833
-3.3546204066777077,0.10194242557711555
-3.353664509751489,0.10239107509841361
-3.352708622091643,0.10283974130900707
-3.351752741822464,0.10328842082338834
-3.3507968674521917,0.10373711095186894
-3.3498409977958485,0.10418580956063347
-3.3488851319133026,0.10463451495932824
-3.3479292690596028,0.10508322581089095
-3.3469734086452005,0.10553194105932166
-3.346017550204137,0.10598065987190422
-3.3450616933686175,0.10642938159305096
-3.3441058378487245,0.10687810570748313
-3.343149983416246,0.10732683181089962
-3.342194129891799,0.10777555958664371
-3.341238277134592,0.10822428878716732
-3.3402824250342897,0.10867301921932765
-3.3393265735045663,0.10912175073274098
-3.33837072247799,0.10957048321057165
-3.337414871901982,0.1100192165622576
-3.3364590217356183,0.11046795071777521
-3.3355030609905554,0.11091595466433675
-3.334546038799135,0.11136178599441358
-3.333587973038403,0.1118054406502415
-3.332628887442515,0.11224694214656851
-3.331668801797318,0.1126863092518309
-3.3307077327197385,0.11312355671545818
-3.3297456942986257,0.11355869600829656
-3.3287826986090225,0.1139917359367182
-3.327818870999089,0.11442323046231234
-3.326855124643939,0.11485487502939029
-3.3258914497696708,0.11528665405894717
-3.3249278321412437,0.11571854079867852
-3.323964260300204,0.11615051368635183
-3.323000725049776,0.11658255540525451
-3.3220372190172363,0.11701465206793941
-3.3210737362990472,0.1174467925524713
-3.320110272173598,0.11787896796395426
-3.319146822868971,0.11831117119837734
-3.3181833853754408,0.11874339658986947
-3.3172199572942715,0.11917563962583586
-3.316256536715939,0.1196078967172454
-3.3152931221221658,0.12004016501365732
-3.3143297123072135,0.12047244225448216
-3.3133663063147125,0.12090472664954711
-3.312402903387029,0.12133701678332352
-3.311439502924725,0.12176931153823559
-3.3104761044541395,0.12220161003333196
-3.3095127076014883,0.12263391157531055
-3.3085493120722065,0.12306621561946246
-3.3075859176344795,0.12349852173856864
-3.3066225241061398,0.12393082959816519
-3.305659131344245,0.12436313893690043
-3.304695739236808,0.12479544955095925
-3.30373234769623,0.1252277612817292
-3.3027689566541083,0.12566007400604917
-3.301805566057121,0.1260923876285112
-3.30084217586378,0.12652470207539313
-3.2998787860418677,0.12695701728988373
-3.2989153965664184,0.12738933322833243
-3.29795190463099,0.12782092558263916
-3.2969873894447463,0.12825032862918176
-3.2960218686450182,0.1286775379271806
-3.295055365468537,0.12910257730957939
-3.294087899305532,0.12952546581322033
-3.293119486460881,0.12994621841549278
-3.2921502492258816,0.1303654061894289
-3.2911810814931073,0.13078472600757912
-3.290211975684807,0.1312041660404413
-3.2892429195075525,0.13162370245998414
-3.2882739030576413,0.13204331604115208
-3.287304918381296,0.13246299133277173
-3.286335959098358,0.13288271593439938
-3.285367020096917,0.1333024799077121
-3.2843980972859685,0.13372227529860012
-3.2834291873953214,0.13414209574975494
-3.282460287813944,0.13456193618709877
-3.281491396459528,0.13498179256635964
-3.2805224156264923,0.13540099470803552
-3.279552445680245,0.13581799505597505
-3.2785815029151113,0.13623278880599993
-3.2776096092778957,0.13664540000106956
-3.2766367831423153,0.1370558478688949
-3.2756631421662483,0.1374646966148156
-3.274689564035819,0.13787366762550365
-3.2737160423371097,0.13828275106942328
-3.2727425658679987,0.13869192466418795
-3.2717690313459604,0.13910056387049086
-3.2707945575589417,0.1395070283620274
-3.26981915527264,0.13991130575134245
-3.2688428418414435,0.1403134143437799
-3.2678657289703232,0.1407139009859296
-3.266888679506955,0.14111451366306166
-3.265911686756572,0.14151524174101862
-3.2649346484409394,0.1419154794502836
-3.2639566982647086,0.14231354715221958
-3.2629778451848725,0.14270942755123706
-3.261998104958311,0.14310312998572433
-3.2610175837499837,0.14349520762291085
-3.2600371279891687,0.14388741828891208
-3.2590567304324476,0.14427974996348658
-3.258076292866469,0.14467160835057935
-3.257094963923898,0.14506128920752875
-3.256112752198001,0.14544876864009085
-3.255129761429028,0.14583460322182265
-3.2541468296462464,0.1462205593735208
-3.2531639507903027,0.14660662736617347
-3.252181031288864,0.14699221586441696
-3.2511972314447175,0.1473756142755787
-3.250212560500785,0.14775680080042478
-3.2492270341632157,0.14813579449835795
-3.2482407511837263,0.14851314821847925
-3.2472545310931555,0.148890634697006
-3.246268366938101,0.1492682420473506
-3.245282168354301,0.1496453877140612
-3.2442951111692997,0.15002033149972113
-3.243307204022862,0.15039306041727205
-3.2423185432409425,0.15076413035539582
-3.2413299394731756,0.15113532240883634
-3.240341309265128,0.15150607968835217
-3.2393518409028834,0.15187463145397548
-3.238361541733834,0.152240972751769
-3.2373705043292937,0.15260565707111912
-3.236379526014199,0.1529704702727375
-3.235388600395406,0.15333540128664574
-3.234397644152173,0.15369987661353113
-3.2334058566282926,0.1540621293837562
-3.2324132466957476,0.1544221546580229
-3.231419904577474,0.15478050788510456
-3.2304266173510747,0.15513898269453258
-3.229433379368387,0.15549756951037577
-3.2284401111401437,0.15585569638605598
-3.2274460241073055,0.15621159171479893
-3.2264511275284478,0.15656525122378004
-3.225455436636052,0.15691669453959287
-3.2244590368553525,0.15726647276097155
-3.2234626961135144,0.1576163851316013
-3.2224664078178025,0.15796641964081878
-3.2214700953990274,0.15831600905488083
-3.2204729862564965,0.15866336040261922
-3.2194750890186206,0.15900847405751772
-3.218476486728626,0.1593519039491446
-3.217477938006137,0.15969545743281655
-3.2164794372464955,0.16003912460981262
-3.215480912054508,0.16038234048790906
-3.214481601934643,0.16072330766527393
-3.2134815160555674,0.16106202767815928
-3.2124807349063023,0.16139905478375202
-3.211480005340473,0.16173620294985258
-3.2104793220585814,0.16207346282734622
-3.2094786158406574,0.16241027053956567
-3.2084771385095507,0.16274482313035005
-3.2074748993613564,0.16307712249232925
-3.206471976132982,0.16340772251453775
-3.2054691034161884,0.16373844321100434
-3.204466276032789,0.16406927534959834
-3.203482126913092,0.1643942704391346
-3.2024801526851863,0.1647272306506975
-3.201477399442305,0.1650579545491759
-3.2004738777574273,0.1653863842225191
-3.199469605738209,0.16571253733658428
-3.198483026888102,0.16603118099365985
-3.1974957315772152,0.1663524393418023
-3.1965078340483686,0.1666763186462192
-3.195505435090218,0.1670080468814022
-3.1945022478983836,0.16733748899763157
-3.1934982847683426,0.1676646022954428
-3.1924935659774896,0.16798942113892285
-3.1914881085586413,0.16831196564794262
-3.1905003922316943,0.16862706484274537
-3.189511715685472,0.16894477856825965
-3.1885222125539507,0.16926511424529986
-3.1875318081388078,0.1695880121096785
-3.186529055358861,0.16991866075051293
-3.185525505545065,0.17024698881386877
-3.184521172840342,0.170572960170495
-3.1835160795214468,0.17089661456870103
-3.182510244221261,0.17121798419612813
-3.1815221784650847,0.17153191844561425
-3.1805328817316494,0.17184845579306646
-3.1795425045742096,0.1721676064271797
-3.1785385095540746,0.17249449568739728
-3.177533737093783,0.1728190897416104
-3.1765281994043,0.17314134689631075
-3.1755219167350437,0.17346130256065606
-3.1745149060958537,0.17377897976123094
-3.173525643065882,0.17408930326916278
-3.1725350620642865,0.17440224226665962
-3.171543312481668,0.17471780544272286
-3.170550328790836,0.17503593339744028
-3.1695459812376447,0.1753617177991402
-3.168540848531973,0.17568517755721427
-3.1675349444714844,0.17600627647418954
-3.166528291123914,0.17632505449436325
-3.16552090695723,0.1766415439613075
-3.1645128075935647,0.17695575461977986
-3.1635224272968836,0.17726269024496757
-3.1625305952141987,0.17757225272645383
-3.1615374696731813,0.17788444945959184
-3.1605429902258892,0.17819921956385396
-3.1595375379129327,0.17852158921068767
-3.1585313100992605,0.1788416351054466
-3.1575243201336742,0.17915932025565023
-3.1565165896949585,0.1794746841390074
-3.155526662121256,0.17978271894984119
-3.1545350594457555,0.18009333726207608
-3.1535419455642937,0.18040655499857824
-3.1525359931494923,0.18072737289519442
-3.151529273826348,0.1810458806997339
-3.1505218004137125,0.181362038587727
-3.1495135936095844,0.18167588379069735
-3.1485046707800954,0.18198744182637955
-3.147513495300497,0.18229176061877927
-3.14652068343506,0.18259869492481998
-3.1455264049672715,0.18290825524508814
-3.144530609438305,0.18322038280203767
-3.1435242937761343,0.18354004753172554
-3.142517207413439,0.18385738201728036
-3.14150936392599,0.18417235009024074
-3.1405007851841873,0.18448499203079835
-3.139491489499145,0.18479534007382223
-3.138499951006004,0.1850984639928064
-3.1375067326110004,0.1854041971331088
-3.1365120114519494,0.18571255164487416
-3.1355044926724394,0.18602843447098233
-3.1344962226886173,0.18634201431664832
-3.1334872134264025,0.18665324906840206
-3.132477484691446,0.18696217435697468
-3.1314855346882355,0.18726390044168958
-3.1304919289020177,0.18756822529929168
-3.129483143586054,0.18788007178403274
-3.1284736282835506,0.18818964670885557
-3.1274633930548568,0.18849690119282778
-3.1264524554344506,0.18880186372252716
-3.1254592645776795,0.18909971337576992
-3.124464544969306,0.18940017941086054
-3.123468465539046,0.18970327396391404
-3.1224592791901222,0.19001379614769767
-3.121449354855422,0.1903220138776231
-3.1204387043936954,0.19062788434897485
-3.1194458797373077,0.1909266067903369
-3.1184514697307004,0.19122790313691057
-3.1174417278345063,0.19153662696754425
-3.1164312574987325,0.19184306204476478
-3.115420070062091,0.1921471623283998
-3.1144266976090447,0.19244415420216585
-3.1134318172193023,0.19274373074702297
-3.1124356024966127,0.19304591079946717
-3.111426123978161,0.19335546758028835
-3.1104159041982733,0.1936627045463553
-3.1094049562636497,0.19396758180920964
-3.108393300551903,0.19427013711734842
-3.1073994299110512,0.19456561423898497
-3.1064041551785664,0.19486368806921073
-3.105407659771971,0.1951643754906509
-3.1043977172979798,0.19547242338914783
-3.1033870390268614,0.195778155426366
-3.1023756377076794,0.19608153069738438
-3.1013635333252445,0.19638258619689503
-3.100350742673177,0.19668134217503416
-3.099355671042433,0.19697311092699082
-3.098359430349271,0.19726750352214864
-3.0973622013277518,0.19756453238532956
-3.096363950068402,0.19786413861648433
-3.095353662781167,0.1981710388834361
-3.0943426350447525,0.19847560059206373
-3.093330880788939,0.19877778700389234
-3.092318421270157,0.19907763857124267
-3.091323747791815,0.19937045844408646
-3.0903279361983698,0.19966586904356656
-3.089316380078719,0.1999686115624076
-3.088304112226403,0.2002690688917634
-3.087291143531333,0.20056719333893594
-3.086277491684964,0.2008630139997535
-3.085281573833209,0.20115189662837565
-3.084284750727866,0.20144339754815604
-3.08328719449124,0.20173753110453108
-3.082275238632841,0.20203891459834586
-3.08126256542343,0.2023379861854895
-3.0802491872469044,0.20263470301669873
-3.079235123291653,0.20292910084377072
-3.0782388094090773,0.2032165796942806
-3.0772416804781164,0.20350666564819203
-3.0762439047917205,0.2037993757234354
-3.075231515395862,0.2040992963875777
-3.0742184100674477,0.20439689862593677
-3.0732046016838943,0.2046921406474573
-3.0721901097126194,0.2049850591283731
-3.0711933690157913,0.20527108579290718
-3.070195902124203,0.20555971794696323
-3.069197876684386,0.2058509733747199
-3.068185048270357,0.20614940879305804
-3.067171506985574,0.20644552372205216
-3.0661572658515075,0.20673927654750993
-3.065142344342094,0.20703070415737915
-3.0641451709746836,0.20731526839686906
-3.0631473543825365,0.20760243846331783
-3.0621333208460206,0.20789679148643808
-3.061118597115768,0.20818886041308876
-3.060103193790544,0.2084785959260131
-3.059105554685422,0.2087615025866083
-3.0581073482791643,0.2090470096158124
-3.057092822068857,0.20933965666091145
-3.056077608278659,0.20963001524893166
-3.055061717820282,0.20991803660703454
-3.0540635934115463,0.21019926249642756
-3.0530649367351645,0.2104830874731574
-3.0520658954198576,0.21076953197248244
-3.051051631239024,0.21106305105218554
-3.05003666418239,0.21135424275524772
-3.049021007704132,0.2116430659989501
-3.048004681322782,0.21192955834339944
-3.0470060925476288,0.21220928253214724
-3.0460069626263917,0.21249161313892742
-3.0450074469524275,0.21277656963905642
-3.043992745423404,0.2130685803886796
-3.0429773457171323,0.21335826564479463
-3.0419612610368456,0.21364558374290857
-3.040944510649937,0.213930571837331
-3.039945486253565,0.2142088205734039
-3.0389459158902112,0.21448967790826387
-3.0379459520015426,0.21477316332749535
-3.0369308195764506,0.2150636760261537
-3.03591499276561,0.21535186295315656
-3.0348984847072105,0.21563768225776064
-3.0338813145627768,0.2159211710153015
-3.032881862360904,0.2161979492933738
-3.0318818295043943,0.2164773371791413
-3.0308655230177686,0.21676375556056146
-3.0298485447215233,0.21704788508264514
-3.028830905269083,0.2173296760961249
-3.027830998451214,0.21760479142703704
-3.026830495105062,0.21788251095982683
-3.0258295322497,0.2181628559721641
-3.024813486371396,0.21845015893048755
-3.023796752746813,0.2187351316863291
-3.0227793446741678,0.21901773271749844
-3.0217612813409658,0.21929799952676635
-3.020760925105778,0.2195716181422398
-3.0197598591850543,0.21984784653982276
-3.0187582287787333,0.2201267054038058
-3.017741755592535,0.22041249979931118
-3.016724599129368,0.22069596518377002
-3.0157067724316895,0.22097705958850336
-3.0146882944852065,0.2212558202217044
-3.013669181278487,0.22153225886324657
-3.012667689923715,0.22180214891254815
-3.011665440776739,0.22207467411013868
-3.0106625777881986,0.22234985115476294
-3.009645058252386,0.222631916920394
-3.008626868054981,0.22291166225757836
-3.0076080193460846,0.22318904288394145
-3.0065885303061153,0.22346409033380532
-3.005586697615163,0.22373259546913477
-3.004583953447313,0.22400371849458486
-3.003565306235214,0.22428171619078013
-3.0025460077860697,0.22455742283375388
-3.001544472879522,0.22482656371102933
-3.000541906163167,0.2250982834276753
-2.9995234177920103,0.22537683604302594
-2.9985042693511073,0.22565307604934423
-2.997484472828418,0.22592695717446476
-2.9964823981783617,0.22619431235258092
-2.995479178648083,0.22646426393532637
-2.9944602012454413,0.22674103575671914
-2.993440571227526,0.22701550364143336
-2.9924202998431735,0.22728761938327094
-2.9914177280456524,0.22755324552235048
-2.9904139332893456,0.2278214743699806
-2.9893944805039587,0.22809649662819806
-2.988374380284523,0.22836921723303708
-2.98735364361871,0.2286395872527624
-2.9863505912442583,0.22890350225191997
-2.9853462359957272,0.22917002245382298
-2.9843263141945617,0.2294433046864182
-2.983305749388503,0.22971428536923474
-2.9822845524635593,0.2299829152743454
-2.981281026943868,0.23024512408700468
-2.9802761173137546,0.23050993934705655
-2.9792557304686693,0.23078148380869865
-2.978234704807781,0.23105072611294505
-2.977231430292443,0.23131352796002588
-2.97622665690821,0.2315789055730818
-2.97520641726411,0.23185098290502323
-2.9741855318038137,0.23212074098700444
-2.9731640126049275,0.23238813387697316
-2.9721601837609617,0.23264912633696722
-2.9711547791292654,0.23291271600045313
-2.9701340579814683,0.23318299825929648
-2.9691126991968475,0.2334509721076018
-2.9680907139664487,0.23371658924226524
-2.9670863890838812,0.23397584250078396
-2.966080454682062,0.2342377004787005
-2.965073064209812,0.2345021895425013
-2.9640525748129685,0.23477331884871172
-2.963031435759677,0.23504210601957384
-2.9620096598143677,0.2353085093873952
-2.9609872656214247,0.2355725671110037
-2.9599824810787125,0.2358302893972557
-2.958976018058113,0.23609062685315055
-2.957954425898487,0.23635761742729205
-2.9569322070246464,0.23662230711308324
-2.9559093718904474,0.23688464564464073
-2.9549041529806543,0.23714068432586433
-2.9538972641077033,0.2373993343964142
-2.9528752221813375,0.23766459655900762
-2.9518525567082485,0.23792755464271673
-2.9508292783294454,0.23818815870852109
-2.9498236100259305,0.2384424970092282
-2.9488162649400573,0.23869944578147295
-2.94780740045308,0.23895903181824463
-2.9467855938594285,0.23922516586293935
-2.9457631501253427,0.23948895681979748
-2.9447400818021565,0.23975036243668443
-2.9437346726797395,0.2400054750493662
-2.9427116860339613,0.24026709990510478
-2.941706466850883,0.24052252381309777
-2.9406995080504412,0.24078051736608314
-2.939677284861483,0.24104504932154222
-2.938654431870856,0.2413072531841201
-2.9376309614767653,0.24156708362857232
-2.9366068912090153,0.24182457513338398
-2.935600383150295,0.24207586730256603
-2.9345922341631714,0.2423297844549386
-2.9335689519741788,0.2425902350592521
-2.932545059590592,0.242848386090646
-2.9315205672078615,0.24310418604660006
-2.93051364119869,0.2433538155083162
-2.9295051484975674,0.24360606107863403
-2.9284952533182915,0.24386094995988744
-2.927472209791167,0.2441222982014717
-2.9264485410003616,0.24438130267098174
-2.9254242594140387,0.24463792054187675
-2.9243993830472235,0.24489218610955718
-2.923392033173964,0.24514030979850082
-2.9223831683181043,0.24539105365216043
-2.9213729640079085,0.2456444446123496
-2.920349531457983,0.24590427190217978
-2.919325477813952,0.24616175593740486
-2.918300815444729,0.24641685360270887
-2.9172755622044,0.2466695966095051
-2.9162678156725184,0.24691622879339112
-2.9152586603317516,0.24716548247224
-2.9142341769153677,0.24742117510461775
-2.913209093499529,0.24767456225301437
-2.9121834205429673,0.24792559290060978
-2.911175269842344,0.24817054255488322
-2.910165826584776,0.24841810829452274
-2.909140913530959,0.24867206919916957
-2.9081337574195705,0.24891996541510011
-2.9071252820882356,0.24917040699145554
-2.9061010894349657,0.2494272057031622
-2.9050762803248706,0.24968165630266503
-2.90405086831044,0.24993371623134686
-2.9030430712496904,0.2501796687551245
-2.9020177374277183,0.25043194638876837
-2.9009918185164207,0.2506819437356534
-2.8999834909807176,0.25092588739543853
-2.898974027014738,0.2511724367667892
-2.897948856037769,0.25142534157163937
-2.8969230882778354,0.25167593094960283
-2.8958967350064913,0.251924155431939
-2.8948879178474782,0.25216635617273686
-2.893878081336249,0.2524111684805393
-2.892852475186196,0.25266231207320183
-2.8918262773645536,0.25291114200574616
-2.8907994989446784,0.25315760820959793
-2.8897902267851903,0.2533980835810961
-2.8887800452437817,0.2536411727625515
-2.8877540100965806,0.2538905624586681
-2.8867273876662765,0.2541376384892314
-2.885718362637878,0.25437870412676755
-2.884708450440613,0.2546223533550578
-2.883682549624601,0.25487227413887703
-2.8826560549815556,0.25511986421803406
-2.88162897873092,0.255365076690518
-2.880619423881709,0.2556043189084356
-2.879609065266596,0.25584616608352134
-2.87858272136683,0.25609427769057325
-2.8775557915276866,0.25634006960958006
-2.8765282871817086,0.25658349256091584
-2.8755182653528757,0.25682098206605525
-2.874507544345336,0.2570610839118766
-2.8734807723453613,0.2573074247949167
-2.872453419707871,0.2575514491010488
-2.8714254976265354,0.2577931066791412
-2.8704150321063002,0.2580288658671438
-2.869403950854491,0.2582672400717688
-2.8683767575266588,0.2585118220412864
-2.867348988017563,0.25875408786854937
-2.8663387709058297,0.25899043637754565
-2.865311071347719,0.25923290141539695
-2.864282807376669,0.25947307536985964
-2.863272057811731,0.25970738607458127
-2.862260747735188,0.25994430069374697
-2.8612331989909214,0.2601873739023648
-2.8602050754478077,0.2604281242885578
-2.8591763887334913,0.26066650245524314
-2.858147154678493,0.2609025276797107
-2.8571352475277023,0.2611327858239636
-2.856122884791477,0.2613656824401526
-2.855110209817316,0.26160124682700064
-2.8540823293451476,0.2618429078230633
-2.8530538718705976,0.2620822227311923
-2.8520248499417575,0.2623191464268115
-2.851013254481045,0.2625502538709291
-2.8500011152180202,0.262783962338396
-2.8489727965162355,0.26302376943010397
-2.847943910249693,0.263261249009993
-2.8469144681304197,0.26349635219501233
-2.8459024142821243,0.2637256811683038
-2.8448898296454392,0.2639576225663916
-2.84386109341187,0.2641956402659697
-2.8428317955989004,0.2644313362429568
-2.8418019475168377,0.264664660234185
-2.8407894589156606,0.26489224704132686
-2.8397764382261683,0.26512245022103986
-2.838747293297294,0.26535869928194583
-2.8377175914978774,0.2655926279885087
-2.836687344002463,0.2658241855572375
-2.8356744303545773,0.2660500411352235
-2.8346609585345965,0.2662785145568773
-2.8336314096710176,0.2665130008515364
-2.8326013082383668,0.2667451666959326
-2.831588645087744,0.266971611790719
-2.8305586105272442,0.26720397443167426
-2.829528034880557,0.26743404173911645
-2.8284969281598,0.2676617546261184
-2.827483085549499,0.26788385551166166
-2.826468638040944,0.2681085899382426
-2.825438228908093,0.26833927931005364
-2.8244253627610436,0.2685643642717499
-2.8233950099081015,0.2687952849186836
-2.8223822665896106,0.269020604227837
-2.8213519668879417,0.26925174984799577
-2.820321121513448,0.2694805760435996
-2.819307749020173,0.2697037624547237
-2.818276969200251,0.26993279033168227
-2.8172637527448856,0.27015626675302357
-2.8162330361090073,0.2703855605472472
-2.815201782033678,0.2706125492077308
-2.8141879630245596,0.27083394120136206
-2.8131567793297103,0.27106115260559727
-2.8121431271044837,0.2712828530609254
-2.8111285406264916,0.27150713416981964
-2.8100980199510173,0.2717372790933556
-2.80906695026362,0.2719650815109328
-2.8080533642695524,0.2721872539781281
-2.807022351282618,0.2724152241067329
-2.805990803962309,0.2726408867057253
-2.8049766461113514,0.2728609721703804
-2.8039451686576684,0.27308685425504015
-2.8029311877041034,0.2733072475250459
-2.801899775870897,0.2735334070077084
-2.8008678351710565,0.27375726466336103
-2.799853271186129,0.2739755876409962
-2.798837549167908,0.2741965136496646
-2.7978062715487892,0.2744232697718042
-2.796774456681326,0.27464769444835707
-2.7957600374325318,0.2748665559754229
-2.794728283257251,0.27509116468588385
-2.7936960044169807,0.27531347098249337
-2.7926810434404836,0.2755302664381083
-2.7916647864583077,0.2757496660899988
-2.7906331669285716,0.27597487064335197
-2.789601014102569,0.27619774321338353
-2.7885683394544087,0.27641823385474207
-2.787552871284715,0.2766332417277099
-2.7865360321902792,0.2768508645024943
-2.7855040191443954,0.2770742764548573
-2.7844714788637237,0.2772953610851603
-2.783438422369417,0.27751406731275224
-2.782426131947301,0.2777273396263349
-2.781393277841582,0.2779463967254056
-2.7803779774594712,0.2781601616973633
-2.7793451451560736,0.27837949676244034
-2.7783117870103378,0.27859652524140255
-2.7772957975320307,0.2788081837092293
-2.7762778975239337,0.2790224405635922
-2.7752451602331685,0.2792423692120028
-2.7742299699972315,0.2794569235917065
-2.7731972696892107,0.279677051788599
-2.772164044261753,0.27989484743598886
-2.7711481830201508,0.28010722571883784
-2.770115012977701,0.28032520830051477
-2.7690992915526147,0.28053786160815386
-2.768066176999395,0.280756100785858
-2.7670325491197514,0.28097202815197486
-2.7660162135739847,0.2811825790890783
-2.7649826504280295,0.2813987229211278
-2.763966478591612,0.2816095764996445
-2.7629329766525625,0.2818259956539513
-2.761916924271567,0.2820371187900175
-2.760883477761618,0.282253791398174
-2.7598495216667693,0.28246815046930257
-2.7588328430736317,0.2826771646990785
-2.7578144281819643,0.2828887766491482
-2.7567811021876136,0.283106021997359
-2.755747260374811,0.2833209288779125
-2.754730688308601,0.2835304605041823
-2.7536969029683243,0.28374554381552347
-2.752680488952584,0.28395534523465776
-2.751646759305725,0.2841706779067318
-2.7506125235400396,0.28438369553278064
-2.7495955127825114,0.28459138846256676
-2.748561341227264,0.2848046179258789
-2.7475266738906328,0.2850155520954648
-2.7465091409020483,0.28522120670012496
-2.745489929877313,0.28542947403153957
-2.7444558928539,0.2856433313012543
-2.7434213503692924,0.28585485694566337
-2.742386313487182,0.2860639995098487
-2.741368283838678,0.2862678841982899
-2.740348614129003,0.2864743870615089
-2.7393142063039497,0.2866864600844835
-2.7382792982383726,0.2868962029317425
-2.737261496670837,0.28710066599723344
-2.7362266479670505,0.2873105970803148
-2.7352090395537942,0.2875153442681512
-2.7341742478028883,0.2877255320144061
-2.7331389630121,0.2879334062193802
-2.732120789080662,0.28813605508123624
-2.7311010257718293,0.28834130481795306
-2.730066354321225,0.28855206977679454
-2.7290311828547527,0.28876049478291693
-2.728013148416519,0.2889636683805865
-2.726978032252559,0.28917226853557504
-2.725942428286326,0.28937855916562377
-2.7249238723850704,0.289579652519741
-2.723903820430031,0.28978335075563216
-2.7228688278580306,0.28999254089564747
-2.721833339603219,0.29019939250148596
-2.7207973670227945,0.2904038549327021
-2.7197783122073163,0.2906031481527078
-2.7187424100144053,0.2908078478020185
-2.7177235979483876,0.2910074720870388
-2.716687759234718,0.29121246023133907
-2.7156691169195355,0.29141237147414495
-2.7146333340515922,0.29161762067482216
-2.713614817979371,0.29181779012801823
-2.7125790860451295,0.29202328261245847
-2.711560668016621,0.2922236918303826
-2.7105249838771606,0.2924294161798092
-2.709506645625362,0.29263005339983816
-2.708471007293297,0.2928360023366652
-2.7074348819415768,0.29303962427720515
-2.706415885203864,0.2932381112732618
-2.7053798174807686,0.2934419304225813
-2.7043609719646033,0.29364070226347977
-2.7033249593943083,0.2938447838261437
-2.702288467917672,0.2940465520232122
-2.7012690211847996,0.2942432233932466
-2.7002325917444736,0.29444520805869934
-2.699213319570281,0.2946421828817825
-2.6981769479084883,0.2948444421982699
-2.697157801240687,0.2950416860703458
-2.696121481521231,0.2952441973525705
-2.695084685494426,0.2954443909528286
-2.694064920076578,0.2956395190465753
-2.6930281841554375,0.29583992319523233
-2.6920085871881487,0.29603534890620503
-2.6909719076001464,0.2962360237775901
-2.689952431965674,0.2964317146542073
-2.688915803242438,0.2966326388289414
-2.68787870167854,0.2968312439710404
-2.6868586034516175,0.2970248149714186
-2.685821561172146,0.29722362896743004
-2.6848016306362945,0.2974174960507828
-2.6837646439733853,0.2976165796145321
-2.6827448340692257,0.29781071077199606
-2.6817078976663415,0.29801004278260546
-2.6806881817909467,0.2982044171178129
-2.679651292211577,0.2984039839340365
-2.6786139315675213,0.29860122601126565
-2.6775935691038337,0.29879346059369266
-2.676556265477357,0.29899090381533316
-2.675536061881327,0.29918342710552664
-2.6744988122527587,0.29938113493366236
-2.6734610988453404,0.29957652879552626
-2.67244029924814,0.2997669522167548
-2.671402646157062,0.29996256229941165
-2.670382026364523,0.3001532892904906
-2.6693444291826496,0.30034917352519835
-2.668323937467673,0.3005401691329826
-2.6672863904356046,0.3007363044872415
-2.6662659972871485,0.30092754590795084
-2.665228496706883,0.30112391750074935
-2.6641905327235693,0.3013179642430765
-2.663169495881186,0.3015070668357897
-2.662131588148905,0.3017013147223656
-2.6611107131653418,0.3018907062599643
-2.660072858550394,0.3020852185562566
-2.65903454763064,0.30227741622037796
-2.658013077702031,0.30246470675391923
-2.656974826072797,0.3026571197877238
-2.6559535383791175,0.3028447133386621
-2.654915341612131,0.30303739977803423
-2.6538941831104843,0.3032252613124782
-2.6528560355179285,0.3034181980987214
-2.6518174339569027,0.30360881470285606
-2.650795656669348,0.30379455547122663
-2.649757112099296,0.3039853796414029
-2.6487355088658964,0.3041714158868844
-2.6476970174735324,0.30436250831739525
-2.646658078160051,0.30455128700332323
-2.6456358883040334,0.30473522649799434
-2.6445970076715475,0.3049242216204285
-2.643575005930389,0.30510846546662546
-2.6425361793502704,0.3052977344038802
-2.6415143101388825,0.3054822467320253
-2.640475531883474,0.30567176591292966
-2.639436307691537,0.3058589643659924
-2.6384138202240166,0.30604135493210555
-2.637374651964256,0.3062287599973226
-2.6363523415510812,0.30641144542255755
-2.63531322537315,0.3065991178749832
-2.6342910400613184,0.30678206556316767
-2.633251970793489,0.3069699839886498
-2.6322124589656157,0.30715557989410996
-2.63118964759733,0.3073363997699038
-2.630150190704411,0.30752219970548744
-2.629127554760751,0.3077033120933366
-2.62808814911742,0.3078893776616921
-2.627065636988042,0.30807075067099354
-2.6260262775712273,0.30825706093643807
-2.6250038603046004,0.30843867372851147
-2.6239645438923622,0.30862521516662944
-2.622924786793379,0.3088094284028458
-2.6219017158477826,0.3089888930905834
-2.620862011475474,0.3091733023918805
-2.619821876937986,0.309355405359518
-2.6187982687372626,0.3095328018597944
-2.617758193498791,0.3097151310327783
-2.6167347961750913,0.309892842350865
-2.6156947746152115,0.3100754511730774
-2.6146715237046685,0.3102534370320671
-2.6136315496032534,0.3104362991481337
-2.6126084079615275,0.31061453327929867
-2.6115684773215744,0.3107976316497812
-2.610545420872041,0.3109760972092991
-2.60950553114307,0.3111594209033245
-2.608465207799081,0.3113404138902452
-2.6074414858736743,0.31151672268238995
-2.606401213609867,0.311697907779968
-2.6053605184029047,0.31187678488169057
-2.604336254174544,0.31205101986949474
-2.6032956167762924,0.3122301202764984
-2.6022715650886625,0.3124046676236271
-2.601230980026605,0.31258404553515357
-2.6002070754297195,0.3127588654876146
-2.5991665366610204,0.31293849494130993
-2.59814274155633,0.3131135615585204
-2.597102245198502,0.3132934257657394
-2.596078535231712,0.31346872241099094
-2.5950380788080585,0.3136488106008396
-2.5939971963185386,0.3138265673379244
-2.592972816917316,0.3139997047316953
-2.591931984425645,0.31417765192567043
-2.5908907364692766,0.31435329038927085
-2.5898644997410374,0.31452457267910927
-2.58882330529062,0.3147004160566148
-2.5877976143735673,0.3148719368503313
-2.586756469208002,0.3150480439421987
-2.585730921378173,0.31521982497762535
-2.5846898194540775,0.3153961702143549
-2.5836643956543406,0.3155681824539814
-2.5826233331995447,0.31574474945174663
-2.581598030231008,0.3159169729433114
-2.580557004897724,0.31609375153547736
-2.5795318249916956,0.3162661731373803
-2.5784908353636835,0.31644315725080424
-2.5774657832019217,0.31661576844350603
-2.5764248284705014,0.31679295468488733
-2.575383453740346,0.31696780497212784
-2.5743560545210267,0.31713850559203377
-2.5733147218364834,0.31731350894732874
-2.5722878540772247,0.31748438973390386
-2.571246562696173,0.3176596189594994
-2.5702198469848154,0.31783071505885024
-2.5691785929825044,0.31800615411160577
-2.568136925572064,0.3181792658569087
-2.567107895046431,0.31834846429739944
-2.5660662690429934,0.3185217254987293
-2.5650377492853353,0.3186911073177356
-2.5639961632623023,0.31886458581231103
-2.5629677891180256,0.3190341775167861
-2.56192623852528,0.3192078544016707
-2.560884279488946,0.3193792057254886
-2.5598536090865456,0.31954688286586447
-2.558811688577822,0.31971836999993597
-2.557781507091615,0.31988622157970625
-2.556739623819186,0.32005791097900543
-2.555709582760323,0.3202259589067355
-2.554667732082483,0.3203978311578632
-2.5536378184107584,0.32056605269628036
-2.552595997463578,0.320738095502375
-2.5515537712315535,0.32090780822651693
-2.5505215822861302,0.3210740699730926
-2.549479389997384,0.3212438971269228
-2.548447676283161,0.3214103130382529
-2.547405517507791,0.32158032309859624
-2.546373946842522,0.3217469147902741
-2.545331817330785,0.32191709002990393
-2.5443003773536814,0.32208383664294077
-2.543258274493453,0.3222541658802289
-2.5422269648587306,0.32242105313628433
-2.5411848870570757,0.3225915296486185
-2.540153711304616,0.3227585482582005
-2.5391116576357065,0.3229291682691406
-2.538080620976072,0.3230963123423708
-2.5370385909498907,0.32326707401223026
-2.535996157431545,0.32343549918138925
-2.5349628924843106,0.32360063064915806
-2.5339204887305637,0.32376915095038755
-2.532877693102969,0.3239353591943335
-2.5318425821257033,0.3240985047684115
-2.5307998205244866,0.32426482584816146
-2.529765173876155,0.3244281332125099
-2.528722444425828,0.3245946257411559
-2.5276793277834355,0.324758804946527
-2.5266425098534144,0.32492015299108473
-2.5255994233274652,0.32508442619336125
-2.524563030509683,0.32524592318689244
-2.523519972711913,0.3254103489673143
-2.522483711230281,0.32557199757951844
-2.5214406767918174,0.32573655273839053
-2.520404532060911,0.32589832546990166
-2.519361517631961,0.32606299528726573
-2.518325487690987,0.32622487364034375
-2.5172824911951373,0.32638964909678925
-2.5162465783957457,0.3265516210968774
-2.5152035985862597,0.326716496916812
-2.514160230786965,0.3268790381545304
-2.5131221334449503,0.327038935419536
-2.5120787866682135,0.3272015281228185
-2.5110411008353726,0.32736152664843154
-2.50999777637811,0.3275242401819047
-2.5089602246967666,0.3276843533963251
-2.5079169187978576,0.32784717184456574
-2.506879487104162,0.32800738115296585
-2.5058361974428602,0.32817029448238044
-2.504798882198323,0.32833058740106447
-2.50375560735207,0.3284935895709098
-2.5027119493919283,0.32865425771974716
-2.5016724637012406,0.3288124578826283
-2.500628824397012,0.3289731653484324
-2.4995897280197523,0.3291314585071157
-2.4985461088598226,0.32929227392940763
-2.4975071354534943,0.3294506707897593
-2.4964635326538267,0.32961157799788277
-2.495424666568106,0.32977005985564445
-2.4943810777796105,0.3299310485927142
-2.493342313931473,0.3300896029334304
-2.492298737701316,0.3302506669482782
-2.491260074655015,0.3304092858274855
-2.4902165101142244,0.33057042150314414
-2.4891779479707257,0.3307291000769777
-2.4881343946287107,0.3308903055127826
-2.4870959339509366,0.3310490410240093
-2.486052391560695,0.3312103154271121
-2.48501403284799,0.3313691065146802
-2.483970501318129,0.33153044979968616
-2.4829322447760176,0.33168929603191977
-2.4818887241136123,0.3318507085592177
-2.4808505695759813,0.3320096101200768
-2.479807059849616,0.3321710925258195
-2.478763169787451,0.3323302365647454
-2.4777228322172915,0.3324870160624514
-2.4766789580474127,0.33264618618277125
-2.475638983313245,0.33280304814627054
-2.4745951271109328,0.3329623148234614
-2.4735508998447946,0.3331192590878454
-2.472508762588646,0.3332740479126829
-2.4714645528500694,0.33343102355802834
-2.4704227373437044,0.33358591247103186
-2.4693785457456054,0.3337429809504204
-2.4683368023289765,0.33389796887053613
-2.467292624228921,0.33405510958887025
-2.466250932821157,0.3342101729495882
-2.465206765272766,0.3343673725523262
-2.464165117400671,0.33452249556047636
-2.463120958526931,0.33467974555360835
-2.46207643127115,0.3348346623712477
-2.4610325616390907,0.3349876468003672
-2.4599880454120395,0.3351425622862596
-2.4589444405031546,0.3352956185541281
-2.4578999374128747,0.3354505988728899
-2.456856368486782,0.33560372882136236
-2.455811874658822,0.33575875671764643
-2.4547683235269595,0.3359119406782223
-2.453723836489066,0.336067004843996
-2.4526802949269473,0.3362202295628099
-2.45163581308638,0.3363753226876862
-2.4505922765716908,0.3365285795236955
-2.4495477989063255,0.3366836969125331
-2.448504264562088,0.3368369803242349
-2.4474597904175597,0.3369921189738403
-2.4464162559720184,0.3371454254799783
-2.445371784928965,0.3373005834684585
-2.444326949903198,0.33745340402130025
-2.4432818762564894,0.3376044279366222
-2.4422370489839467,0.33775723109754296
-2.441191984746192,0.337908345459059
-2.440147167527628,0.33806119606381163
-2.439102109475015,0.3382123695912527
-2.4380572988078755,0.33836525141206186
-2.437012244817661,0.3385164635997647
-2.43596743843544,0.3386693661045854
-2.4349223871385752,0.33882060372962636
-2.4338775835816584,0.33897352013079607
-2.432832422322258,0.3391241021094223
-2.4317870271165676,0.33927288489526986
-2.430741874440271,0.339423455074019
-2.429696488998536,0.339572334571803
-2.4286513468197235,0.3397229558058226
-2.4276059677800714,0.33987189842907395
-2.426560832421489,0.3400225531387107
-2.4255153461084222,0.3401708798233718
-2.4244696316867933,0.34031739960980095
-2.4234241558587732,0.3404657243764672
-2.422378452214415,0.34061235326544703
-2.4213329880184054,0.340760735442337
-2.4202872914131155,0.3409074353310587
-2.419241834748254,0.3410558549827785
-2.4181961427326657,0.3412026010039571
-2.417150690952558,0.34135104524261106
-2.4161050019510846,0.3414978213973148
-2.4150595533564894,0.3416462819478389
-2.41401386636084,0.3417930779873852
-2.4129684198661825,0.3419415495713556
-2.4119227342344183,0.34208835895891576
-2.410877289149647,0.34223683823155837
-2.4098316044751793,0.34238365681584754
-2.4087861603638636,0.3425321416718905
-2.407740476390521,0.34267896682809257
-2.4066950329780448,0.3428274559515788
-2.4056493495452993,0.34297428602738006
-2.4046039066597795,0.3431227786016419
-2.4035582236676105,0.3432696125615724
-2.40251278120207,0.34341810808361206
-2.4014670985885402,0.3435649452817018
-2.4004216564768197,0.34371344344417404
-2.399375974203842,0.343860283479263
-2.398330532405339,0.34400878409593977
-2.3972848504496898,0.3441556267200013
-2.3962394089397416,0.3443041296790201
-2.3951937272874146,0.3444509747393331
-2.394148286051275,0.34459947997408646
-2.39310260469396,0.3447463273769301
-2.3920571637230412,0.34489483484807537
-2.391011482655935,0.3450416845360447
-2.3899660419454833,0.3451901942204812
-2.3889203611659404,0.34533704615838456
-2.3878749207136045,0.34548555804256004
-2.38682924022031,0.3456324122087013
-2.385783800025264,0.34578092628459
-2.3847380114455747,0.34592710053666414
-2.383691995227568,0.34607147854301823
-2.382646213790403,0.3462176349717498
-2.381600206286572,0.34636210231770564
-2.3805544342989555,0.3465083062116397
-2.3795084325310887,0.34665283204737846
-2.3784626666997597,0.3467990671955422
-2.3774166687032,0.3469436312766975
-2.376370906896283,0.3470898871460056
-2.3753249114030597,0.34723447640706917
-2.3742791522479667,0.34738074620107934
-2.3732544242478504,0.34752286265675225
-2.37220875672163,0.34766931861347966
-2.3711628312974624,0.347814114872284
-2.370117135081178,0.3479606086779342
-2.369071089389998,0.3481047710913569
-2.368024815396688,0.3482471352050521
-2.3669787694643114,0.3483912932836305
-2.365932498384132,0.3485337630456133
-2.3648864574885775,0.34867797753982444
-2.363840188730238,0.3488205159554993
-2.362794151411369,0.34896476768134593
-2.3617478844332163,0.3491073506609494
-2.3607018496496104,0.3492516271600165
-2.359655584026336,0.34939423923702756
-2.3586095510491765,0.3495385324410752
-2.3575632864620863,0.3496811637239914
-2.3565172547893942,0.3498254684211593
-2.3554709910073983,0.34996811260845656
-2.354424960298206,0.3501124254404617
-2.353378697157872,0.35025507853327675
-2.352332667183534,0.3503993973415661
-2.3512864045716126,0.35054205681222445
-2.3502403751807295,0.35068638021279247
-2.3491941130201313,0.35082904446989993
-2.348148084113791,0.350973371577532
-2.34710182235291,0.3511160396232061
-2.3460557938674915,0.351260369873098
-2.345009532472368,0.35140304108418474
-2.343963504367747,0.35154737411685005
-2.3429172433164607,0.351690048105831
-2.3418712155680197,0.351834383693033
-2.3408249548467546,0.3519770602199472
-2.3397789274400185,0.3521213982171521
-2.338732667040352,0.3522640771340508
-2.337686639967421,0.35240841744998436
-2.336640379884477,0.352551098666048
-2.335594353141667,0.3526954412432512
-2.3345480933728724,0.352838124702976
-2.3335020669591704,0.3529824695054191
-2.3324558075034307,0.35312515517503906
-2.3314097814194854,0.35326950218025016
-2.330363522276637,0.35341219003932384
-2.329317496524105,0.35355653923339936
-2.328271237694556,0.35369922926962416
-2.327225212275678,0.3538435806440748
-2.3261789537601762,0.35398627285010664
-2.325132928677502,0.3541306263998669
-2.324086670476984,0.3542733207713808
-2.323040645733197,0.3544176764935583
-2.3219943878486893,0.35456037302807364
-2.3209483634464902,0.3547047309211618
-2.319902105879045,0.3548474296173341
-2.3188560818210764,0.35499178968071976
-2.317809824571732,0.3551344905379191
-2.3167638008605285,0.3552788527715738
-2.3157175439302815,0.3554215557896322
-2.3146715205682336,0.355565920193919
-2.3136252639580226,0.35570862537298364
-2.3125792409473522,0.35585299194853576
-2.3115329846580424,0.3559956992889817
-2.3104869620007875,0.35614006803662557
-2.309440600682411,0.3562820958664562
-2.3083940183994223,0.35642232562626214
-2.3073476641618345,0.35656433540924276
-2.306301090344288,0.3567046545131556
-2.3052547454258216,0.3568467117769891
-2.3042080705620096,0.35698644381198297
-2.303161183352021,0.35712436087010574
-2.302114519967541,0.35726409796726855
-2.301067643663826,0.35740213324097775
-2.3000209923282005,0.3575419326061971
-2.298974123158785,0.3576800447433773
-2.2979274796573343,0.35781988470593984
-2.2968806151509487,0.3579580467269411
-2.295833976763052,0.35809791326864093
-2.294787115329458,0.358236107807686
-2.293740480307856,0.3583759919225269
-2.2926936209290623,0.358514207850771
-2.2916469881573502,0.35865410379112955
-2.290600130185041,0.3587923340078358
-2.2895534989534787,0.3589322381300906
-2.288506641976875,0.35907047812465887
-2.287460011836465,0.35921038813483447
-2.2864131555966103,0.359348635054922
-2.2853665262646365,0.3594885495191145
-2.284319670599089,0.3596268015694151
-2.2832730418982905,0.3597667195981733
-2.2822261867056266,0.3599049756542269
-2.2811795585252366,0.3600448967004111
-2.2801327037423875,0.3601831560616171
-2.279086076013308,0.360323079791784
-2.278039221601165,0.36046134202412916
-2.276992594280232,0.3606012682372391
-2.2759457402145564,0.3607395330735937
-2.274899113274623,0.36087946164997875
-2.2738522595403343,0.3610177289271699
-2.2728056329640567,0.36115765979672804
-2.271758779551668,0.36129592941600575
-2.270712153327634,0.36143586253852283
-2.2696653002310376,0.3615741344408406
-2.268618674351374,0.3617140697939169
-2.2675718215664786,0.36185234394455007
-2.26652519602538,0.36199228151625645
-2.2654783435492765,0.3621305578952804
-2.2644317183421134,0.3622704976797357
-2.263384866172571,0.36240877627616297
-2.2623382412953505,0.36254871827089985
-2.2612913894305118,0.3626869990790898
-2.2602447648795625,0.36282694328350595
-2.2591979133177684,0.3629652263009813
-2.2581512890895548,0.36310517271544324
-2.257104437829238,0.3632434579415676
-2.256057813920258,0.3633834065669
-2.2550109629598887,0.3635216940020847
-2.2539643393666204,0.3636616448392885
-2.252917488704673,0.36379993448451886
-2.251870865423551,0.3639398875346183
-2.2508240150584893,0.3640781793911722
-2.249777392085897,0.3642181346551356
-2.248730542016173,0.3643564287244179
-2.2476839193484444,0.3644963862031211
-2.2466370695724946,0.3646346824865667
-2.245590447205927,0.3647746421807751
-2.2445435977221764,0.36491294067979124
-2.243496975653038,0.36505290259015494
-2.2424501264599073,0.36519120330608834
-2.241403504684454,0.36533116743314226
-2.2403566557803636,0.3654694703672573
-2.239310034294852,0.3656094367114216
-2.238263185678229,0.36574774186488945
-2.237216564478934,0.3658877104264731
-2.236169716148218,0.3660260178003615
-2.235123095231445,0.3661659885795647
-2.234076247185096,0.36630429817483373
-2.233029626547199,0.3664442711717489
-2.231982778783702,0.36658258298924584
-2.230936158421099,0.36672255820386046
-2.2298893109389715,0.3668608722443173
-2.2288426908481562,0.3670008496765156
-2.2277958436459557,0.3671391659405447
-2.2267492238235143,0.36727914559010916
-2.225702376899841,0.3674174640782027
-2.2246557573424663,0.36755744594481615
-2.223608910695972,0.3676957666573435
-2.222562291400476,0.3678357507405907
-2.221515445029868,0.3679740736777971
-2.220468825993196,0.36811405997716784
-2.219421979897244,0.368252385139174
-2.218375361116486,0.3683923736540637
-2.217328515294024,0.3685307010408652
-2.2162818967664286,0.36867069177057915
-2.215235051216363,0.36880902138204646
-2.214188432939347,0.36894901432580246
-2.21314158766066,0.3690873461616816
-2.2120949696318184,0.369227341318613
-2.2110694025945468,0.3693632901103557
-2.210022870135299,0.369503452467552
-2.208976089010219,0.3696419530187002
-2.20792952802014,0.3697821531613996
-2.206882734409555,0.3699206889756164
-2.2058361641689697,0.3700609081938944
-2.204789363504266,0.3701994667310006
-2.2037427878936633,0.37033969910311326
-2.2026959831790798,0.3704782726542267
-2.2016494045107997,0.37061851447494554
-2.2006025975381287,0.3707570982120665
-2.1995560171892747,0.3708973471104274
-2.1985092090206644,0.3710359380159123
-2.1974626278052365,0.37117619244280076
-2.196415819065571,0.3713147886344455
-2.1953692374605254,0.37145504755775716
-2.1943224285142335,0.37159364786393745
-2.193275846796215,0.3717339105841124
-2.19222903785368,0.3718725142769112
-2.191182456181268,0.3720127803130053
-2.190135647362514,0.37215138694094285
-2.1890890658253874,0.37229165595863417
-2.188042257197949,0.3724302652420621
-2.1869956758460574,0.3725705370070625
-2.185948867447328,0.3727091487728893
-2.1849022863080547,0.37284942312009445
-2.183855478158366,0.37298803726115204
-2.182808897246526,0.37312831407379005
-2.181762089356726,0.3732669305235937
-2.1807155086803234,0.37340720971888913
-2.179668701056113,0.37354582843599926
-2.1786221206196057,0.37368610995518664
-2.177575313263987,0.3738247309135417
-2.1765287330701084,0.37396501471484456
-2.1754819259847413,0.37410363789780143
-2.1744353460354926,0.37424392395146794
-2.1733885392214294,0.3743825493481375
-2.1723419595185987,0.37452283763291905
-2.1712951529766693,0.37466146523591887
-2.1702485735220924,0.37480175573657104
-2.1692017672530977,0.3749403855406529
-2.168155188048782,0.3750806782461653
-2.16710838205358,0.37521931024737865
-2.166061803101744,0.3753596051497201
-2.165014997381288,0.3754982393449065
-2.163968418684372,0.37563853643814415
-2.1629216132397167,0.3757771728246319
-2.1618750348003726,0.37591747210430904
-2.1608282296326684,0.37605611067973127
-2.159781651453742,0.37619641214243515
-2.158734846564227,0.376335052904623
-2.1576882686487373,0.37647535654768327
-2.1566414640387266,0.37661399949460456
-2.155594886389845,0.3767543053158849
-2.154548082060719,0.3768929504456094
-2.1535015046817514,0.3770332584433643
-2.1524547006349453,0.37717190575404635
-2.1514081235293125,0.3773122159268237
-2.150361319766307,0.3774508654166941
-2.1493147429375274,0.37759117776326884
-2.148267939459841,0.37772982943063316
-2.1472213629115138,0.3778701439499637
-2.1461745597206945,0.37800879779320384
-2.1451279834564807,0.37814911448440164
-2.144081180554098,0.37828777050197837
-2.143034604577708,0.37842808936428957
-2.1419878019653456,0.3785667475547479
-2.1409412262805194,0.37870706858754044
-2.1398944239597686,0.37884572894951346
-2.1388478485702627,0.37898605215226977
-2.137801046542715,0.37912471468448367
-2.136754471452285,0.37926504005679523
-2.135707669719526,0.37940370475807467
-2.1346610949319125,0.3795440322996391
-2.1336142934955147,0.37968269916891106
-2.1325677190144248,0.3798230288795303
-2.1315209178759416,0.37996169791582873
-2.1304743437050373,0.3801020297954074
-2.129427542865995,0.3802407009978772
-2.1283809690088766,0.3803810350464221
-2.127334168470771,0.38051970841432203
-2.126287594930961,0.38066004463194086
-2.1252407946952485,0.3807987201646468
-2.1241942214761798,0.3809390585515473
-2.1231474215442736,0.3810777362485544
-2.1221008486492727,0.3812180768050427
-2.1210753276939687,0.3813543638392401
-2.1200291889740748,0.381494514239475
-2.118984239754637,0.38163289868819994
-2.1179377089159246,0.3817732623768536
-2.11689095661625,0.3819120231763294
-2.115844422303259,0.3820524800447045
-2.114797665302664,0.38219131553726204
-2.113751130067885,0.3823318325528495
-2.112704370668834,0.3824707162514099
-2.1116578353398063,0.38261127269907164
-2.1106110748131437,0.38275018766680297
-2.1095645397739577,0.38289077025678764
-2.108517778819268,0.38302970570421646
-2.1074712442278947,0.38317030590160833
-2.106424483223133,0.38330925498558477
-2.105377949127213,0.3834498673038238
-2.1043311882713875,0.38358882570358627
-2.1032846546689243,0.38372944661252517
-2.102237894063085,0.38386841161254887
-2.1011913609331483,0.3840090388389511
-2.1001446006258773,0.3841480087407935
-2.099098067943253,0.3842886408197414
-2.098051307955855,0.3844276145665103
-2.0970047756973544,0.3845682505534142
-2.09595801603754,0.38470722749103875
-2.0949114841841365,0.3848478667765596
-2.0938647248532756,0.38498684650270165
-2.0928181933903107,0.3851274886936916
-2.0917714343871356,0.38526647096255384
-2.090724903303735,0.38540711580539266
-2.0896781446261374,0.38554610046802357
-2.0886316139144037,0.3856867477992081
-2.0875848555602303,0.38582573476624515
-2.0865383252144625,0.38596638448051734
-2.085491567181812,0.386105373699053
-2.084445037197848,0.386246025728822
-2.083398279485129,0.3863850171681134
-2.0823517498598347,0.3865256714701607
-2.081304992465726,0.3866646651128509
-2.08025846319661,0.3868053216597336
-2.0792117061199917,0.38694431749649333
-2.078165026332028,0.3870835404327501
-2.0771188648765833,0.3872268780464233
-2.0760724584342536,0.3873685335754105
-2.0750261222048807,0.38751032309292005
-2.073978933010171,0.38765472299668474
-2.0729308531123345,0.38780170292662164
-2.071881821040683,0.3879512311245015
-2.0708317691154936,0.3881032818886991
-2.0697806293505154,0.3882578344814043
-2.0687283367471934,0.38841487215557896
-2.0676748312461055,0.38857438136734496
-2.0666200587579495,0.3887363511401935
-2.0655639715630887,0.3889007725523473
-2.064506528289995,0.3890676383238973
-2.0634476936245836,0.3892369424846783
-2.062387437858816,0.3894086801074078
-2.0613264026652436,0.38958284693769635
-2.0602657782462175,0.3897594395334274
-2.0592055893618544,0.38993845544839406
-2.0581458420677046,0.3901198921442261
-2.0570865418517443,0.3903037473950898
-2.0560276942616866,0.39049001923365984
-2.0549693049211077,0.3906787058944974
-2.0539113795196156,0.390869805768477
-2.052853923803101,0.3910633173665767
-2.0517969435651766,0.3912592392911695
-2.05074044463971,0.3914575702132937
-2.0496844328942956,0.3916583088546831
-2.0486289142245684,0.39186145397358296
-2.0475738945492585,0.39206700435357206
-2.046519379805901,0.39227495879476854
-2.045465375947126,0.39248531610692416
-2.044411888937464,0.3926980751040114
-2.043358924750607,0.39291323459999106
-2.0423064893670664,0.39313079340550827
-2.0412545887721776,0.3933507503253228
-2.040203228954412,0.39357310415631264
-2.039152415903949,0.3937978536859312
-2.0381021556114773,0.39402499769101695
-2.0370524540671884,0.39425453493688056
-2.036003317259939,0.39448646417660665
-2.0349547511765538,0.3947207841505248
-2.0339067618012496,0.39495749358581006
-2.032859355115162,0.39519659119618455
-2.031812537095953,0.3954380756816982
-2.030766313717498,0.3956819457285677
-2.0297206909496244,0.39592820000906326
-2.028675674757904,0.3961768371814297
-2.0276312711034863,0.3964278558898354
-2.0265874859429647,0.3966812547643402
-2.02554432522827,0.3969370324208795
-2.024501794906589,0.3971951874612599
-2.0234599009202956,0.39745571847316297
-2.022418649206905,0.39771862403015507
-2.0213780456990307,0.39798390269170253
-2.020338096324359,0.3982515530031892
-2.019298807005623,0.3985215734959368
-2.018260183660591,0.3987939626872261
-2.0172222322020508,0.39906871908032004
-2.0161849585378024,0.3993458411644864
-2.0151483685706517,0.39962532741502166
-2.014112468198407,0.399907176293274
-2.013077263313874,0.40019138624666706
-2.012042759804851,0.40047795570872335
-2.011008963554131,0.40076688309908637
-2.0099758804394967,0.40105816682354434
-2.008943516333716,0.4013518052740519
-2.007911877104541,0.4016477968287523
-2.0068809686147024,0.4019461398519991
-2.005850796721909,0.4022468326943776
-2.004821367278836,0.4025498736927257
-2.0037926861331252,0.4028552611701555
-2.002764759127376,0.4031629934360722
-2.001737592099137,0.4034730687861958
-2.000711190880901,0.4037854855025805
-1.9996855613000941,0.40410024185363386
-1.9986607091790636,0.40441733609413727
-1.9976366403350732,0.40473676646526413
-1.9966133605802865,0.4050585311946001
-1.9955908757217589,0.4053826284961606
-1.9945691915614234,0.40570905657041034
-1.9935483138960777,0.4060378136042815
-1.9925282485173692,0.40636889777119234
-1.9915090012117826,0.4067023072310649
-1.9904905777606243,0.40703804013034317
-1.9894729839400047,0.4073760946020111
-1.9884562255208247,0.40771646876561
-1.9874403082687568,0.4080591607272572
-1.9864252379442302,0.40840416857966183
-1.985411020302409,0.40875149040214376
-1.9843976610931793,0.40910112426065
-1.983385166061126,0.40945306820777233
-1.9823735409455163,0.40980732028276423
-1.9813627914802785,0.41016387851155794
-1.9803529233939834,0.41052274090678154
-1.9793439424098223,0.4108839054677753
-1.9783358542455887,0.4112473701806092
-1.977328664613654,0.4116131330180991
-1.9763223792209497,0.41198119193982363
-1.9753170037689423,0.41235154489214076
-1.9743125439536138,0.4127241898082044
-1.9733090054654376,0.41309912460798065
-1.9723063939893566,0.41347634719826465
-1.9713047152047596,0.4138558554726964
-1.9703039747854598,0.4142376473117778
-1.9693041783996692,0.4146217205828885
-1.9683053317099768,0.41500807314030236
-1.967307440373322,0.41539670282520363
-1.9663105100409737,0.4157876074657031
-1.9653145463585031,0.4161807848768546
-1.9643195549657606,0.4165762328606709
-1.9633255414968505,0.4169739492061395
-1.9623325115801056,0.41737393168923986
-1.9613404708380633,0.4177761780729584
-1.9603494248874382,0.41818068610730524
-1.9593593793390989,0.41858745352932986
-1.9583703397980394,0.4189964780631374
-1.9573823118633558,0.4194077574199047
-1.956395301128219,0.4198212892978968
-1.9554093131798485,0.4202370713824819
-1.9544243535994863,0.4206551013461483
-1.95344042796237,0.42107537684852026
-1.9524575418377068,0.42149789553637407
-1.9514757007886467,0.4219226550436537
-1.9504949103722544,0.42234965299148763
-1.949515176139484,0.42277888698820404
-1.9485365036351505,0.4232103546293474
-1.9475588983979042,0.4236440534976948
-1.9465823659602013,0.4240799811632712
-1.9456069118482784,0.42451813518336606
-1.9446325415821237,0.4249585131025498
-1.9436592606754493,0.4254011124526891
-1.9426870746356653,0.4258459307529637
-1.94171598896385,0.4262929655098822
-1.9407460091547224,0.4267422142172985
-1.9397771406966158,0.42719367435642774
-1.9388093890714473,0.42764734339586263
-1.9378427597546921,0.4281032187915898
-1.936877258215354,0.42856129798700604
-1.9359128899159372,0.4290215784129342
-1.9349496603124188,0.4294840574876402
-1.9339875748542197,0.42994873261684874
-1.9330266389841764,0.43041560119376
-1.9320668581385136,0.4308846605990659
-1.9311082377468136,0.43135590820096653
-1.9301507832319893,0.4318293413551869
-1.929194500010256,0.43230495740499303
-1.928239393491101,0.4327827536812086
-1.9272854690772578,0.43326272750223166
-1.9263327321646733,0.4337448761740509
-1.9253811881424838,0.43422919699026274
-1.924430842392982,0.4347156872320875
-1.9234817002915912,0.43520434416838644
-1.9225337672068352,0.4356951650556784
-1.92158704850031,0.4361881471381565
-1.9206415495266538,0.4366832876477052
-1.91969727563352,0.4371805838039166
-1.9187542321615467,0.4376800328141081
-1.9178124244443286,0.43818163187333864
-1.9168718578083879,0.43868537816442643
-1.915932537573145,0.4391912688579651
-1.9149944690508909,0.4396993011123417
-1.914057657546756,0.44020947207375266
-1.9131221083586838,0.4407217788762224
-1.9121878267774002,0.4412362186416192
-1.9112548180863849,0.4417527884796733
-1.910323087561842,0.44227148548799394
-1.9093926404726724,0.44279230675208664
-1.908463482080444,0.4433152493453706
-1.9075356176393625,0.4438403103291963
-1.9066090523962431,0.444367486752863
-1.9056837915904812,0.4448967756536361
-1.9047598404540236,0.44542817405676494
-1.9038372042113398,0.4459616789755003
-1.9029158880793926,0.4464972874111124
-1.9019958972676103,0.44703499635290805
-1.9010772369778564,0.4475748027782492
-1.9001599124044015,0.4481167036525701
-1.899243928733896,0.4486606959293963
-1.8983292911453378,0.44920677655036106
-1.897416004810047,0.4497549424452249
-1.8965040748916353,0.45030519053189255
-1.8955935065459781,0.45085751771643207
-1.8946843049211854,0.4514119208930921
-1.8937764751575732,0.451968396944321
-1.8928700223876354,0.4525269427407843
-1.891964951736014,0.4530875551413838
-1.8910612683194723,0.4536502309932758
-1.890158977246865,0.45421496713188925
-1.8901969363487314,0.4544606635172473
